Fan Club MkIV (0.9) data log started on Thu 23 May 2019 23:18:30  using profile "Prov. Basement Tunnel"
Filename: "/home/asz/Projects/fan-club/master/flow_catalog_b1/streamwise/up_sine_simple/downstream_050/ctg10-4_sine_simple_slow.csv"
Modules: |"1": B1 - "00:80:e1:4b:00:36" | "2": B2 - "00:80:e1:2f:00:1d" | "3": B3 - "00:80:e1:29:00:2e" | "4": B4 - "00:80:e1:27:00:3e" | "5": B5 - "00:80:e1:4b:00:42" | "6": B6 - "00:80:e1:47:00:3d" | 
Dimensions (rows, columns, layers): 11x11x1
Max Fans: 21
Fan Array Mapping(s):
	Mapping 1: {0: {0: 63, 1: 64, 2: 65, 3: 66, 4: 67, 5: 103, 6: 101, 7: 97, 8: 93, 9: 89, 10: 86, 11: 68, 12: 69, 13: 70, 14: 71, 15: 72, 16: 102, 17: 100, 18: 96, 19: 92, 20: 88, 21: 85, 22: 73, 23: 74, 24: 75, 25: 76, 26: 77, 27: 78, 28: 99, 29: 95, 30: 91, 31: 87, 32: 84, 33: 60, 34: 61, 35: 79, 36: 80, 37: 81, 38: 82, 39: 98, 40: 94, 41: 90, 42: 114, 43: 109, 44: 55, 45: 56, 46: 57, 47: 58, 48: 59, 49: 125, 50: 123, 51: 120, 52: 117, 53: 113, 54: 108, 55: 49, 56: 50, 57: 51, 58: 52, 59: 53, 60: 54, 61: 122, 62: 119, 63: 116, 64: 112, 65: 107, 66: 44, 67: 45, 68: 46, 69: 47, 70: 48, 71: 124, 72: 121, 73: 118, 74: 115, 75: 111, 76: 106, 77: 42, 78: 43, 79: 34, 80: 30, 81: 26, 82: 19, 83: 17, 84: 13, 85: 9, 86: 110, 87: 105, 88: 40, 89: 37, 90: 33, 91: 29, 92: 25, 93: 18, 94: 16, 95: 12, 96: 8, 97: 5, 98: 2, 99: 39, 100: 36, 101: 32, 102: 28, 103: 24, 104: 22, 105: 15, 106: 11, 107: 7, 108: 4, 109: 1, 110: 38, 111: 35, 112: 31, 113: 27, 114: 23, 115: 21, 116: 14, 117: 10, 118: 6, 119: 3, 120: 0}}
Steady function (Flattened. Replace ; for newline):
return 0.3;
Dynamic function (Flattened. Replace ; for newline):
# basic sine wave;# assuming time step of 100ms;;# NOTE: "jumps" after offset at first peak;;slow, mid, fast = 200, 100, 50;;t_0 = 20 # time steps to wait;t_f = 600 # time steps after which to stop;res = slow # steps in 1 period;;a = .3 # amplitude in DC;b = 2*math.pi/res # angular freq;c = 0 # phase shift;d = 0.4 # vertical offset in DC;;x = t%res # argument;;if t < t_0:;	return d;elif t_f is not None and t > t_f:;	return d;else:;	return a*math.sin(b*x + c) + d;;;;
Column headers are of the form s[MODULE#][type][FAN#]with type being first "rpm" and then all "dc"
Time (s),s1rpm1,s1rpm2,s1rpm3,s1rpm4,s1rpm5,s1rpm6,s1rpm7,s1rpm8,s1rpm9,s1rpm10,s1rpm11,s1rpm12,s1rpm13,s1rpm14,s1rpm15,s1rpm16,s1rpm17,s1rpm18,s1rpm19,s1rpm20,s1rpm21,s2rpm1,s2rpm2,s2rpm3,s2rpm4,s2rpm5,s2rpm6,s2rpm7,s2rpm8,s2rpm9,s2rpm10,s2rpm11,s2rpm12,s2rpm13,s2rpm14,s2rpm15,s2rpm16,s2rpm17,s2rpm18,s2rpm19,s2rpm20,s2rpm21,s3rpm1,s3rpm2,s3rpm3,s3rpm4,s3rpm5,s3rpm6,s3rpm7,s3rpm8,s3rpm9,s3rpm10,s3rpm11,s3rpm12,s3rpm13,s3rpm14,s3rpm15,s3rpm16,s3rpm17,s3rpm18,s3rpm19,s3rpm20,s3rpm21,s4rpm1,s4rpm2,s4rpm3,s4rpm4,s4rpm5,s4rpm6,s4rpm7,s4rpm8,s4rpm9,s4rpm10,s4rpm11,s4rpm12,s4rpm13,s4rpm14,s4rpm15,s4rpm16,s4rpm17,s4rpm18,s4rpm19,s4rpm20,s4rpm21,s5rpm1,s5rpm2,s5rpm3,s5rpm4,s5rpm5,s5rpm6,s5rpm7,s5rpm8,s5rpm9,s5rpm10,s5rpm11,s5rpm12,s5rpm13,s5rpm14,s5rpm15,s5rpm16,s5rpm17,s5rpm18,s5rpm19,s5rpm20,s5rpm21,s6rpm1,s6rpm2,s6rpm3,s6rpm4,s6rpm5,s6rpm6,s6rpm7,s6rpm8,s6rpm9,s6rpm10,s6rpm11,s6rpm12,s6rpm13,s6rpm14,s6rpm15,s6rpm16,s6rpm17,s6rpm18,s6rpm19,s6rpm20,s6rpm21,s1dc1,s1dc2,s1dc3,s1dc4,s1dc5,s1dc6,s1dc7,s1dc8,s1dc9,s1dc10,s1dc11,s1dc12,s1dc13,s1dc14,s1dc15,s1dc16,s1dc17,s1dc18,s1dc19,s1dc20,s1dc21,s2dc1,s2dc2,s2dc3,s2dc4,s2dc5,s2dc6,s2dc7,s2dc8,s2dc9,s2dc10,s2dc11,s2dc12,s2dc13,s2dc14,s2dc15,s2dc16,s2dc17,s2dc18,s2dc19,s2dc20,s2dc21,s3dc1,s3dc2,s3dc3,s3dc4,s3dc5,s3dc6,s3dc7,s3dc8,s3dc9,s3dc10,s3dc11,s3dc12,s3dc13,s3dc14,s3dc15,s3dc16,s3dc17,s3dc18,s3dc19,s3dc20,s3dc21,s4dc1,s4dc2,s4dc3,s4dc4,s4dc5,s4dc6,s4dc7,s4dc8,s4dc9,s4dc10,s4dc11,s4dc12,s4dc13,s4dc14,s4dc15,s4dc16,s4dc17,s4dc18,s4dc19,s4dc20,s4dc21,s5dc1,s5dc2,s5dc3,s5dc4,s5dc5,s5dc6,s5dc7,s5dc8,s5dc9,s5dc10,s5dc11,s5dc12,s5dc13,s5dc14,s5dc15,s5dc16,s5dc17,s5dc18,s5dc19,s5dc20,s5dc21,s6dc1,s6dc2,s6dc3,s6dc4,s6dc5,s6dc6,s6dc7,s6dc8,s6dc9,s6dc10,s6dc11,s6dc12,s6dc13,s6dc14,s6dc15,s6dc16,s6dc17,s6dc18,s6dc19,s6dc20,s6dc21,
0.16926336288452148,3460,3442,3423,3446,3414,3426,3438,3442,3439,3453,3463,3439,3422,3423,3440,3471,3442,3436,3437,3458,0,3434,3453,3446,3424,3469,3419,3438,3424,3467,3447,3438,3468,3439,3451,3429,3454,3463,3435,3415,3456,0,3445,3447,3441,3452,3449,3429,3443,3468,3443,3422,3452,3459,3440,3413,3434,3463,6957,3436,3480,3436,0,3432,3425,3413,3432,3438,3478,3430,3423,3434,3437,3429,3440,3456,3466,3427,3441,3437,3488,3430,3455,0,3426,3470,3443,3439,3436,3445,3443,3423,3445,3420,3432,3478,3439,3445,3445,3428,3425,3426,3415,3438,0,3458,3476,3441,3411,3445,3437,3455,3450,3414,3447,3448,3414,3433,3446,3444,3441,3444,3400,3446,3443,3457,0.3,0.3,0.3,0.3,0.3,0.3,0.3,0.3,0.3,0.3,0.3,0.3,0.3,0.3,0.3,0.3,0.3,0.3,0.3,0.3,0.0,0.3,0.3,0.3,0.3,0.3,0.3,0.3,0.3,0.3,0.3,0.3,0.3,0.3,0.3,0.3,0.3,0.3,0.3,0.3,0.3,0.0,0.3,0.3,0.3,0.3,0.3,0.3,0.3,0.3,0.3,0.3,0.3,0.3,0.3,0.3,0.3,0.3,0.3,0.3,0.3,0.3,0.0,0.3,0.3,0.3,0.3,0.3,0.3,0.3,0.3,0.3,0.3,0.3,0.3,0.3,0.3,0.3,0.3,0.3,0.3,0.3,0.3,0.0,0.3,0.3,0.3,0.3,0.3,0.3,0.3,0.3,0.3,0.3,0.3,0.3,0.3,0.3,0.3,0.3,0.3,0.3,0.3,0.3,0.0,0.3,0.3,0.3,0.3,0.3,0.3,0.3,0.3,0.3,0.3,0.3,0.3,0.3,0.3,0.3,0.3,0.3,0.3,0.3,0.3,0.3,
0.2709217071533203,3461,3444,3425,3445,3415,3428,3441,3440,3434,3454,3463,3434,3426,3424,3439,3476,3443,3433,3438,3457,0,3434,3453,3446,3424,3469,3419,3438,3424,3467,3447,3438,3468,3439,3451,3429,3454,3463,3435,3415,3456,0,3445,3447,3441,3452,3449,3429,3443,3468,3443,3422,3452,3459,3440,3413,3434,3463,6957,3436,3480,3436,0,3432,3425,3413,3432,3438,3478,3430,3423,3434,3437,3429,3440,3456,3466,3427,3441,3437,3488,3430,3455,0,3426,3472,3445,3435,3432,3448,3447,3427,3445,3422,3436,3478,3440,3447,3449,3427,3412,3423,3416,3437,0,3458,3476,3441,3411,3445,3437,3455,3450,3414,3447,3448,3414,3433,3446,3444,3441,3444,3400,3446,3443,3457,0.3,0.3,0.3,0.3,0.3,0.3,0.3,0.3,0.3,0.3,0.3,0.3,0.3,0.3,0.3,0.3,0.3,0.3,0.3,0.3,0.0,0.3,0.3,0.3,0.3,0.3,0.3,0.3,0.3,0.3,0.3,0.3,0.3,0.3,0.3,0.3,0.3,0.3,0.3,0.3,0.3,0.0,0.3,0.3,0.3,0.3,0.3,0.3,0.3,0.3,0.3,0.3,0.3,0.3,0.3,0.3,0.3,0.3,0.3,0.3,0.3,0.3,0.0,0.3,0.3,0.3,0.3,0.3,0.3,0.3,0.3,0.3,0.3,0.3,0.3,0.3,0.3,0.3,0.3,0.3,0.3,0.3,0.3,0.0,0.3,0.3,0.3,0.3,0.3,0.3,0.3,0.3,0.3,0.3,0.3,0.3,0.3,0.3,0.3,0.3,0.3,0.3,0.3,0.3,0.0,0.3,0.3,0.3,0.3,0.3,0.3,0.3,0.3,0.3,0.3,0.3,0.3,0.3,0.3,0.3,0.3,0.3,0.3,0.3,0.3,0.3,
0.37389636039733887,3461,3444,3425,3445,3415,3428,3441,3440,3434,3454,3463,3434,3426,3424,3439,3476,3443,3433,3438,3457,0,3434,3453,3446,3424,3469,3419,3438,3424,3467,3447,3438,3468,3439,3451,3429,3454,3463,3435,3415,3456,0,3443,3448,3444,3449,3446,3429,3446,3467,3445,3419,3449,3460,3440,3412,3432,3465,3466,3439,3482,3437,0,3432,3425,3413,3432,3438,3478,3430,3423,3434,3437,3429,3440,3456,3466,3427,3441,3437,3488,3430,3455,0,3426,3472,3445,3435,3432,3448,3447,3427,3445,3422,3436,3478,3440,3447,3449,3427,3412,3423,3416,3437,0,3458,3476,3441,3411,3445,3437,3455,3450,3414,3447,3448,3414,3433,3446,3444,3441,3444,3400,3446,3443,3457,0.3,0.3,0.3,0.3,0.3,0.3,0.3,0.3,0.3,0.3,0.3,0.3,0.3,0.3,0.3,0.3,0.3,0.3,0.3,0.3,0.0,0.3,0.3,0.3,0.3,0.3,0.3,0.3,0.3,0.3,0.3,0.3,0.3,0.3,0.3,0.3,0.3,0.3,0.3,0.3,0.3,0.0,0.3,0.3,0.3,0.3,0.3,0.3,0.3,0.3,0.3,0.3,0.3,0.3,0.3,0.3,0.3,0.3,0.3,0.3,0.3,0.3,0.0,0.3,0.3,0.3,0.3,0.3,0.3,0.3,0.3,0.3,0.3,0.3,0.3,0.3,0.3,0.3,0.3,0.3,0.3,0.3,0.3,0.0,0.3,0.3,0.3,0.3,0.3,0.3,0.3,0.3,0.3,0.3,0.3,0.3,0.3,0.3,0.3,0.3,0.3,0.3,0.3,0.3,0.0,0.3,0.3,0.3,0.3,0.3,0.3,0.3,0.3,0.3,0.3,0.3,0.3,0.3,0.3,0.3,0.3,0.3,0.3,0.3,0.3,0.3,
0.5259242057800293,3461,3444,3425,3445,3415,3428,3441,3440,3434,3454,3463,3434,3426,3424,3439,3476,3443,3433,3438,3457,0,3433,3452,3441,3422,3470,3426,3435,3424,3466,3447,3437,3469,3433,3454,3430,3453,3462,3440,3419,3455,0,3443,3448,3444,3449,3446,3429,3446,3467,3445,3419,3449,3460,3440,3412,3432,3465,3466,3439,3482,3437,0,3433,3425,3411,3436,3437,3478,3428,3420,3431,3435,3429,3442,3457,3467,3428,3439,3435,3487,3439,3454,0,3426,3472,3445,3435,3432,3448,3447,3427,3445,3422,3436,3478,3440,3447,3449,3427,3412,3423,3416,3437,0,3457,3471,3442,3410,3445,3438,3457,3449,3415,3449,3444,3415,3430,3438,3442,3442,3451,3398,3447,3448,3461,0.3,0.3,0.3,0.3,0.3,0.3,0.3,0.3,0.3,0.3,0.3,0.3,0.3,0.3,0.3,0.3,0.3,0.3,0.3,0.3,0.0,0.3,0.3,0.3,0.3,0.3,0.3,0.3,0.3,0.3,0.3,0.3,0.3,0.3,0.3,0.3,0.3,0.3,0.3,0.3,0.3,0.0,0.3,0.3,0.3,0.3,0.3,0.3,0.3,0.3,0.3,0.3,0.3,0.3,0.3,0.3,0.3,0.3,0.3,0.3,0.3,0.3,0.0,0.3,0.3,0.3,0.3,0.3,0.3,0.3,0.3,0.3,0.3,0.3,0.3,0.3,0.3,0.3,0.3,0.3,0.3,0.3,0.3,0.0,0.3,0.3,0.3,0.3,0.3,0.3,0.3,0.3,0.3,0.3,0.3,0.3,0.3,0.3,0.3,0.3,0.3,0.3,0.3,0.3,0.0,0.3,0.3,0.3,0.3,0.3,0.3,0.3,0.3,0.3,0.3,0.3,0.3,0.3,0.3,0.3,0.3,0.3,0.3,0.3,0.3,0.3,
0.6275167465209961,3461,3444,3425,3445,3415,3428,3441,3440,3434,3454,3463,3434,3426,3424,3439,3476,3443,3433,3438,3457,0,3433,3452,3441,3422,3470,3426,3435,3424,3466,3447,3437,3469,3433,3454,3430,3453,3462,3440,3419,3455,0,3443,3448,3444,3449,3446,3429,3446,3467,3445,3419,3449,3460,3440,3412,3432,3465,3466,3439,3482,3437,0,3433,3425,3411,3436,3437,3478,3428,3420,3431,3435,3429,3442,3457,3467,3428,3439,3435,3487,3439,3454,0,3426,3472,3445,3435,3432,3448,3447,3427,3445,3422,3436,3478,3440,3447,3449,3427,3412,3423,3416,3437,0,3457,3471,3442,3410,3445,3438,3457,3449,3415,3449,3444,3415,3430,3438,3442,3442,3451,3398,3447,3448,3461,0.3,0.3,0.3,0.3,0.3,0.3,0.3,0.3,0.3,0.3,0.3,0.3,0.3,0.3,0.3,0.3,0.3,0.3,0.3,0.3,0.0,0.3,0.3,0.3,0.3,0.3,0.3,0.3,0.3,0.3,0.3,0.3,0.3,0.3,0.3,0.3,0.3,0.3,0.3,0.3,0.3,0.0,0.3,0.3,0.3,0.3,0.3,0.3,0.3,0.3,0.3,0.3,0.3,0.3,0.3,0.3,0.3,0.3,0.3,0.3,0.3,0.3,0.0,0.3,0.3,0.3,0.3,0.3,0.3,0.3,0.3,0.3,0.3,0.3,0.3,0.3,0.3,0.3,0.3,0.3,0.3,0.3,0.3,0.0,0.3,0.3,0.3,0.3,0.3,0.3,0.3,0.3,0.3,0.3,0.3,0.3,0.3,0.3,0.3,0.3,0.3,0.3,0.3,0.3,0.0,0.3,0.3,0.3,0.3,0.3,0.3,0.3,0.3,0.3,0.3,0.3,0.3,0.3,0.3,0.3,0.3,0.3,0.3,0.3,0.3,0.3,
0.7291040420532227,3460,3437,3424,3446,3424,3431,3443,3432,3433,3458,3463,3433,3426,3430,3437,3475,3442,3422,3439,3466,0,3433,3452,3441,3422,3470,3426,3435,3424,3466,3447,3437,3469,3433,3454,3430,3453,3462,3440,3419,3455,0,3443,3448,3444,3449,3446,3429,3446,3467,3445,3419,3449,3460,3440,3412,3432,3465,3466,3439,3482,3437,0,3433,3425,3411,3436,3437,3478,3428,3420,3431,3435,3429,3442,3457,3467,3428,3439,3435,3487,3439,3454,0,3426,3472,3445,3435,3432,3448,3447,3427,3445,3422,3436,3478,3440,3447,3449,3427,3412,3423,3416,3437,0,3457,3471,3442,3410,3445,3438,3457,3449,3415,3449,3444,3415,3430,3438,3442,3442,3451,3398,3447,3448,3461,0.3,0.3,0.3,0.3,0.3,0.3,0.3,0.3,0.3,0.3,0.3,0.3,0.3,0.3,0.3,0.3,0.3,0.3,0.3,0.3,0.0,0.3,0.3,0.3,0.3,0.3,0.3,0.3,0.3,0.3,0.3,0.3,0.3,0.3,0.3,0.3,0.3,0.3,0.3,0.3,0.3,0.0,0.3,0.3,0.3,0.3,0.3,0.3,0.3,0.3,0.3,0.3,0.3,0.3,0.3,0.3,0.3,0.3,0.3,0.3,0.3,0.3,0.0,0.3,0.3,0.3,0.3,0.3,0.3,0.3,0.3,0.3,0.3,0.3,0.3,0.3,0.3,0.3,0.3,0.3,0.3,0.3,0.3,0.0,0.3,0.3,0.3,0.3,0.3,0.3,0.3,0.3,0.3,0.3,0.3,0.3,0.3,0.3,0.3,0.3,0.3,0.3,0.3,0.3,0.0,0.3,0.3,0.3,0.3,0.3,0.3,0.3,0.3,0.3,0.3,0.3,0.3,0.3,0.3,0.3,0.3,0.3,0.3,0.3,0.3,0.3,
0.8308100700378418,3460,3437,3424,3446,3424,3431,3443,3432,3433,3458,3463,3433,3426,3430,3437,3475,3442,3422,3439,3466,0,3433,3452,3441,3422,3470,3426,3435,3424,3466,3447,3437,3469,3433,3454,3430,3453,3462,3440,3419,3455,0,3443,3448,3444,3449,3446,3429,3446,3467,3445,3419,3449,3460,3440,3412,3432,3465,3466,3439,3482,3437,0,3433,3425,3411,3436,3437,3478,3428,3420,3431,3435,3429,3442,3457,3467,3428,3439,3435,3487,3439,3454,0,3425,3473,3444,3439,3432,3446,3445,3425,3446,3419,3429,3477,3439,3448,3450,3433,3413,3422,3416,3438,0,3457,3471,3442,3410,3445,3438,3457,3449,3415,3449,3444,3415,3430,3438,3442,3442,3451,3398,3447,3448,3461,0.3,0.3,0.3,0.3,0.3,0.3,0.3,0.3,0.3,0.3,0.3,0.3,0.3,0.3,0.3,0.3,0.3,0.3,0.3,0.3,0.0,0.3,0.3,0.3,0.3,0.3,0.3,0.3,0.3,0.3,0.3,0.3,0.3,0.3,0.3,0.3,0.3,0.3,0.3,0.3,0.3,0.0,0.3,0.3,0.3,0.3,0.3,0.3,0.3,0.3,0.3,0.3,0.3,0.3,0.3,0.3,0.3,0.3,0.3,0.3,0.3,0.3,0.0,0.3,0.3,0.3,0.3,0.3,0.3,0.3,0.3,0.3,0.3,0.3,0.3,0.3,0.3,0.3,0.3,0.3,0.3,0.3,0.3,0.0,0.3,0.3,0.3,0.3,0.3,0.3,0.3,0.3,0.3,0.3,0.3,0.3,0.3,0.3,0.3,0.3,0.3,0.3,0.3,0.3,0.0,0.3,0.3,0.3,0.3,0.3,0.3,0.3,0.3,0.3,0.3,0.3,0.3,0.3,0.3,0.3,0.3,0.3,0.3,0.3,0.3,0.3,
0.9324548244476318,3460,3437,3424,3446,3424,3431,3443,3432,3433,3458,3463,3433,3426,3430,3437,3475,3442,3422,3439,3466,0,3433,3453,3445,3424,3467,3427,3434,3425,3468,3446,3439,3472,3440,3448,3429,3455,3460,3434,3423,3454,0,3445,3445,3443,3449,3452,3430,3438,3468,3443,3426,3447,3459,3439,3413,3432,3464,3465,3433,3481,3436,0,3429,3428,3413,3440,3437,3476,3435,3420,3431,3432,3430,3441,3458,3466,3422,3440,3432,3496,3439,3454,0,3425,3473,3444,3439,3432,3446,3445,3425,3446,3419,3429,3477,3439,3448,3450,3433,3413,3422,3416,3438,0,3457,3471,3442,3410,3445,3438,3457,3449,3415,3449,3444,3415,3430,3438,3442,3442,3451,3398,3447,3448,3461,0.3,0.3,0.3,0.3,0.3,0.3,0.3,0.3,0.3,0.3,0.3,0.3,0.3,0.3,0.3,0.3,0.3,0.3,0.3,0.3,0.0,0.3,0.3,0.3,0.3,0.3,0.3,0.3,0.3,0.3,0.3,0.3,0.3,0.3,0.3,0.3,0.3,0.3,0.3,0.3,0.3,0.0,0.3,0.3,0.3,0.3,0.3,0.3,0.3,0.3,0.3,0.3,0.3,0.3,0.3,0.3,0.3,0.3,0.3,0.3,0.3,0.3,0.0,0.3,0.3,0.3,0.3,0.3,0.3,0.3,0.3,0.3,0.3,0.3,0.3,0.3,0.3,0.3,0.3,0.3,0.3,0.3,0.3,0.0,0.3,0.3,0.3,0.3,0.3,0.3,0.3,0.3,0.3,0.3,0.3,0.3,0.3,0.3,0.3,0.3,0.3,0.3,0.3,0.3,0.0,0.3,0.3,0.3,0.3,0.3,0.3,0.3,0.3,0.3,0.3,0.3,0.3,0.3,0.3,0.3,0.3,0.3,0.3,0.3,0.3,0.3,
1.0354487895965576,3460,3437,3424,3446,3424,3431,3443,3432,3433,3458,3463,3433,3426,3430,3437,3475,3442,3422,3439,3466,0,3433,3453,3445,3424,3467,3427,3434,3425,3468,3446,3439,3472,3440,3448,3429,3455,3460,3434,3423,3454,0,3445,3445,3443,3449,3452,3430,3438,3468,3443,3426,3447,3459,3439,3413,3432,3464,3465,3433,3481,3436,0,3429,3428,3413,3440,3437,3476,3435,3420,3431,3432,3430,3441,3458,3466,3422,3440,3432,3496,3439,3454,0,3425,3473,3444,3439,3432,3446,3445,3425,3446,3419,3429,3477,3439,3448,3450,3433,3413,3422,3416,3438,0,3456,3460,3443,3409,3444,3442,3456,3449,3416,3446,3446,3416,3432,3440,3439,3445,3456,3403,3448,3448,3459,0.3,0.3,0.3,0.3,0.3,0.3,0.3,0.3,0.3,0.3,0.3,0.3,0.3,0.3,0.3,0.3,0.3,0.3,0.3,0.3,0.0,0.3,0.3,0.3,0.3,0.3,0.3,0.3,0.3,0.3,0.3,0.3,0.3,0.3,0.3,0.3,0.3,0.3,0.3,0.3,0.3,0.0,0.3,0.3,0.3,0.3,0.3,0.3,0.3,0.3,0.3,0.3,0.3,0.3,0.3,0.3,0.3,0.3,0.3,0.3,0.3,0.3,0.0,0.3,0.3,0.3,0.3,0.3,0.3,0.3,0.3,0.3,0.3,0.3,0.3,0.3,0.3,0.3,0.3,0.3,0.3,0.3,0.3,0.0,0.3,0.3,0.3,0.3,0.3,0.3,0.3,0.3,0.3,0.3,0.3,0.3,0.3,0.3,0.3,0.3,0.3,0.3,0.3,0.3,0.0,0.3,0.3,0.3,0.3,0.3,0.3,0.3,0.3,0.3,0.3,0.3,0.3,0.3,0.3,0.3,0.3,0.3,0.3,0.3,0.3,0.3,
1.1885316371917725,3460,3437,3424,3446,3424,3431,3443,3432,3433,3458,3463,3433,3426,3430,3437,3475,3442,3422,3439,3466,0,3433,3453,3445,3424,3467,3427,3434,3425,3468,3446,3439,3472,3440,3448,3429,3455,3460,3434,3423,3454,0,3445,3445,3443,3449,3452,3430,3438,3468,3443,3426,3447,3459,3439,3413,3432,3464,3465,3433,3481,3436,0,3429,3428,3413,3440,3437,3476,3435,3420,3431,3432,3430,3441,3458,3466,3422,3440,3432,3496,3439,3454,0,3425,3473,3444,3439,3432,3446,3445,3425,3446,3419,3429,3477,3439,3448,3450,3433,3413,3422,3416,3438,0,3456,3460,3443,3409,3444,3442,3456,3449,3416,3446,3446,3416,3432,3440,3439,3445,3456,3403,3448,3448,3459,0.3,0.3,0.3,0.3,0.3,0.3,0.3,0.3,0.3,0.3,0.3,0.3,0.3,0.3,0.3,0.3,0.3,0.3,0.3,0.3,0.0,0.3,0.3,0.3,0.3,0.3,0.3,0.3,0.3,0.3,0.3,0.3,0.3,0.3,0.3,0.3,0.3,0.3,0.3,0.3,0.3,0.0,0.3,0.3,0.3,0.3,0.3,0.3,0.3,0.3,0.3,0.3,0.3,0.3,0.3,0.3,0.3,0.3,0.3,0.3,0.3,0.3,0.0,0.3,0.3,0.3,0.3,0.3,0.3,0.3,0.3,0.3,0.3,0.3,0.3,0.3,0.3,0.3,0.3,0.3,0.3,0.3,0.3,0.0,0.3,0.3,0.3,0.3,0.3,0.3,0.3,0.3,0.3,0.3,0.3,0.3,0.3,0.3,0.3,0.3,0.3,0.3,0.3,0.3,0.0,0.3,0.3,0.3,0.3,0.3,0.3,0.3,0.3,0.3,0.3,0.3,0.3,0.3,0.3,0.3,0.3,0.3,0.3,0.3,0.3,0.3,
1.2913916110992432,3461,3438,3421,3446,3414,3428,3438,3436,3437,3453,3456,3434,3425,3431,3438,3477,3436,3418,3437,3460,0,3433,3453,3445,3424,3467,3427,3434,3425,3468,3446,3439,3472,3440,3448,3429,3455,3460,3434,3423,3454,0,3445,3445,3443,3449,3452,3430,3438,3468,3443,3426,3447,3459,3439,3413,3432,3464,3465,3433,3481,3436,0,3429,3428,3413,3440,3437,3476,3435,3420,3431,3432,3430,3441,3458,3466,3422,3440,3432,3496,3439,3454,0,3427,3471,3446,3437,3435,3445,3443,3424,3446,3420,3431,3476,3441,3448,3452,3435,3414,3425,3417,3438,0,3456,3460,3443,3409,3444,3442,3456,3449,3416,3446,3446,3416,3432,3440,3439,3445,3456,3403,3448,3448,3459,0.3,0.3,0.3,0.3,0.3,0.3,0.3,0.3,0.3,0.3,0.3,0.3,0.3,0.3,0.3,0.3,0.3,0.3,0.3,0.3,0.0,0.3,0.3,0.3,0.3,0.3,0.3,0.3,0.3,0.3,0.3,0.3,0.3,0.3,0.3,0.3,0.3,0.3,0.3,0.3,0.3,0.0,0.3,0.3,0.3,0.3,0.3,0.3,0.3,0.3,0.3,0.3,0.3,0.3,0.3,0.3,0.3,0.3,0.3,0.3,0.3,0.3,0.0,0.3,0.3,0.3,0.3,0.3,0.3,0.3,0.3,0.3,0.3,0.3,0.3,0.3,0.3,0.3,0.3,0.3,0.3,0.3,0.3,0.0,0.4,0.4,0.4,0.4,0.4,0.4,0.4,0.4,0.4,0.4,0.4,0.4,0.4,0.4,0.4,0.4,0.4,0.4,0.4,0.4,0.0,0.3,0.3,0.3,0.3,0.3,0.3,0.3,0.3,0.3,0.3,0.3,0.3,0.3,0.3,0.3,0.3,0.3,0.3,0.3,0.3,0.3,
1.3942358493804932,3461,3438,3421,3446,3414,3428,3438,3436,3437,3453,3456,3434,3425,3431,3438,3477,3436,3418,3437,3460,0,3433,3453,3445,3424,3467,3427,3434,3425,3468,3446,3439,3472,3440,3448,3429,3455,3460,3434,3423,3454,0,3445,3445,3442,3454,3449,3426,3437,3468,3442,3426,3451,3457,3443,3411,3430,3464,3466,3436,6961,3466,0,3429,3428,3413,3440,3437,3476,3435,3420,3431,3432,3430,3441,3458,3466,3422,3440,3432,3496,3439,3454,0,3427,3471,3446,3437,3435,3445,3443,3424,3446,3420,3431,3476,3441,3448,3452,3435,3414,3425,3417,3438,0,3456,3460,3443,3409,3444,3442,3456,3449,3416,3446,3446,3416,3432,3440,3439,3445,3456,3403,3448,3448,3459,0.3,0.3,0.3,0.3,0.3,0.3,0.3,0.3,0.3,0.3,0.3,0.3,0.3,0.3,0.3,0.3,0.3,0.3,0.3,0.3,0.0,0.3,0.3,0.3,0.3,0.3,0.3,0.3,0.3,0.3,0.3,0.3,0.3,0.3,0.3,0.3,0.3,0.3,0.3,0.3,0.3,0.0,0.4,0.4,0.4,0.4,0.4,0.4,0.4,0.4,0.4,0.4,0.4,0.4,0.4,0.4,0.4,0.4,0.4,0.4,0.4,0.4,0.0,0.3,0.3,0.3,0.3,0.3,0.3,0.3,0.3,0.3,0.3,0.3,0.3,0.3,0.3,0.3,0.3,0.3,0.3,0.3,0.3,0.0,0.4,0.4,0.4,0.4,0.4,0.4,0.4,0.4,0.4,0.4,0.4,0.4,0.4,0.4,0.4,0.4,0.4,0.4,0.4,0.4,0.0,0.3,0.3,0.3,0.3,0.3,0.3,0.3,0.3,0.3,0.3,0.3,0.3,0.3,0.3,0.3,0.3,0.3,0.3,0.3,0.3,0.3,
1.497098445892334,3461,3438,3421,3446,3414,3428,3438,3436,3437,3453,3456,3434,3425,3431,3438,3477,3436,3418,3437,3460,0,3436,3453,3450,3433,3468,3431,3432,3423,3468,3446,3439,3469,3447,3448,3430,3454,3466,3443,3447,3492,0,3445,3445,3442,3454,3449,3426,3437,3468,3442,3426,3451,3457,3443,3411,3430,3464,3466,3436,6961,3466,0,3429,3428,3413,3440,3437,3476,3435,3420,3431,3432,3430,3441,3458,3466,3422,3440,3432,3496,3439,3454,0,3427,3471,3446,3437,3435,3445,3443,3424,3446,3420,3431,3476,3441,3448,3452,3435,3414,3425,3417,3438,0,3456,3460,3443,3409,3444,3442,3456,3449,3416,3446,3446,3416,3432,3440,3439,3445,3456,3403,3448,3448,3459,0.3,0.3,0.3,0.3,0.3,0.3,0.3,0.3,0.3,0.3,0.3,0.3,0.3,0.3,0.3,0.3,0.3,0.3,0.3,0.3,0.0,0.4,0.4,0.4,0.4,0.4,0.4,0.4,0.4,0.4,0.4,0.4,0.4,0.4,0.4,0.4,0.4,0.4,0.4,0.4,0.4,0.0,0.4,0.4,0.4,0.4,0.4,0.4,0.4,0.4,0.4,0.4,0.4,0.4,0.4,0.4,0.4,0.4,0.4,0.4,0.4,0.4,0.0,0.3,0.3,0.3,0.3,0.3,0.3,0.3,0.3,0.3,0.3,0.3,0.3,0.3,0.3,0.3,0.3,0.3,0.3,0.3,0.3,0.0,0.4,0.4,0.4,0.4,0.4,0.4,0.4,0.4,0.4,0.4,0.4,0.4,0.4,0.4,0.4,0.4,0.4,0.4,0.4,0.4,0.0,0.3,0.3,0.3,0.3,0.3,0.3,0.3,0.3,0.3,0.3,0.3,0.3,0.3,0.3,0.3,0.3,0.3,0.3,0.3,0.3,0.3,
1.5999884605407715,3461,3438,3421,3446,3414,3428,3438,3436,3437,3453,3456,3434,3425,3431,3438,3477,3436,3418,3437,3460,0,3436,3453,3450,3433,3468,3431,3432,3423,3468,3446,3439,3469,3447,3448,3430,3454,3466,3443,3447,3492,0,3445,3445,3442,3454,3449,3426,3437,3468,3442,3426,3451,3457,3443,3411,3430,3464,3466,3436,6961,3466,0,3432,3427,3417,3438,3438,3477,3427,3422,3428,3431,3430,3439,3453,3466,3426,3440,3427,3483,3453,3478,0,3427,3471,3446,3437,3435,3445,3443,3424,3446,3420,3431,3476,3441,3448,3452,3435,3414,3425,3417,3438,0,3457,3453,3441,3408,3445,3441,3453,3448,3424,3438,3445,3420,3431,3445,3438,3450,3466,3423,3470,3504,3537,0.3,0.3,0.3,0.3,0.3,0.3,0.3,0.3,0.3,0.3,0.3,0.3,0.3,0.3,0.3,0.3,0.3,0.3,0.3,0.3,0.0,0.4,0.4,0.4,0.4,0.4,0.4,0.4,0.4,0.4,0.4,0.4,0.4,0.4,0.4,0.4,0.4,0.4,0.4,0.4,0.4,0.0,0.4,0.4,0.4,0.4,0.4,0.4,0.4,0.4,0.4,0.4,0.4,0.4,0.4,0.4,0.4,0.4,0.4,0.4,0.4,0.4,0.0,0.4,0.4,0.4,0.4,0.4,0.4,0.4,0.4,0.4,0.4,0.4,0.4,0.4,0.4,0.4,0.4,0.4,0.4,0.4,0.4,0.0,0.4,0.4,0.4,0.4,0.4,0.4,0.4,0.4,0.4,0.4,0.4,0.4,0.4,0.4,0.4,0.4,0.4,0.4,0.4,0.4,0.0,0.4,0.4,0.4,0.4,0.4,0.4,0.4,0.4,0.4,0.4,0.4,0.4,0.4,0.4,0.4,0.4,0.4,0.4,0.4,0.4,0.4,
1.75301194190979,3459,3436,3421,3445,3414,3435,3438,3453,3455,3481,3502,3499,3498,3558,3598,3632,3625,3644,3680,3724,0,3436,3453,3450,3433,3468,3431,3432,3423,3468,3446,3439,3469,3447,3448,3430,3454,3466,3443,3447,3492,0,3445,3445,3442,3454,3449,3426,3437,3468,3442,3426,3451,3457,3443,3411,3430,3464,3466,3436,6961,3466,0,3432,3427,3417,3438,3438,3477,3427,3422,3428,3431,3430,3439,3453,3466,3426,3440,3427,3483,3453,3478,0,3427,3471,3446,3437,3435,3445,3443,3424,3446,3420,3431,3476,3441,3448,3452,3435,3414,3425,3417,3438,0,3457,3453,3441,3408,3445,3441,3453,3448,3424,3438,3445,3420,3431,3445,3438,3450,3466,3423,3470,3504,3537,0.4,0.4,0.4,0.4,0.4,0.4,0.4,0.4,0.4,0.4,0.4,0.4,0.4,0.4,0.4,0.4,0.4,0.4,0.4,0.4,0.0,0.4,0.4,0.4,0.4,0.4,0.4,0.4,0.4,0.4,0.4,0.4,0.4,0.4,0.4,0.4,0.4,0.4,0.4,0.4,0.4,0.0,0.4,0.4,0.4,0.4,0.4,0.4,0.4,0.4,0.4,0.4,0.4,0.4,0.4,0.4,0.4,0.4,0.4,0.4,0.4,0.4,0.0,0.4,0.4,0.4,0.4,0.4,0.4,0.4,0.4,0.4,0.4,0.4,0.4,0.4,0.4,0.4,0.4,0.4,0.4,0.4,0.4,0.0,0.4,0.4,0.4,0.4,0.4,0.4,0.4,0.4,0.4,0.4,0.4,0.4,0.4,0.4,0.4,0.4,0.4,0.4,0.4,0.4,0.0,0.4,0.4,0.4,0.4,0.4,0.4,0.4,0.4,0.4,0.4,0.4,0.4,0.4,0.4,0.4,0.4,0.4,0.4,0.4,0.4,0.4,
1.8558926582336426,3459,3436,3421,3445,3414,3435,3438,3453,3455,3481,3502,3499,3498,3558,3598,3632,3625,3644,3680,3724,0,3529,3572,3636,3615,3645,3676,3679,3685,3675,3828,3835,3853,3905,3891,3901,3974,4033,3988,4021,4100,0,3516,3533,3538,3549,3588,3601,3654,3690,3688,3656,3748,3816,3844,3844,3879,3949,3945,3970,4051,4082,0,3432,3427,3417,3438,3438,3477,3427,3422,3428,3431,3430,3439,3453,3466,3426,3440,3427,3483,3453,3478,0,3448,3515,3481,3480,3515,3567,3560,3585,3611,3651,3651,3772,3772,3804,3729,3780,3887,3861,3932,3953,0,3457,3453,3441,3408,3445,3441,3453,3448,3424,3438,3445,3420,3431,3445,3438,3450,3466,3423,3470,3504,3537,0.4,0.4,0.4,0.4,0.4,0.4,0.4,0.4,0.4,0.4,0.4,0.4,0.4,0.4,0.4,0.4,0.4,0.4,0.4,0.4,0.0,0.4,0.4,0.4,0.4,0.4,0.4,0.4,0.4,0.4,0.4,0.4,0.4,0.4,0.4,0.4,0.4,0.4,0.4,0.4,0.4,0.0,0.4,0.4,0.4,0.4,0.4,0.4,0.4,0.4,0.4,0.4,0.4,0.4,0.4,0.4,0.4,0.4,0.4,0.4,0.4,0.4,0.0,0.4,0.4,0.4,0.4,0.4,0.4,0.4,0.4,0.4,0.4,0.4,0.4,0.4,0.4,0.4,0.4,0.4,0.4,0.4,0.4,0.0,0.4,0.4,0.4,0.4,0.4,0.4,0.4,0.4,0.4,0.4,0.4,0.4,0.4,0.4,0.4,0.4,0.4,0.4,0.4,0.4,0.0,0.4,0.4,0.4,0.4,0.4,0.4,0.4,0.4,0.4,0.4,0.4,0.4,0.4,0.4,0.4,0.4,0.4,0.4,0.4,0.4,0.4,
1.958770990371704,3459,3436,3421,3445,3414,3435,3438,3453,3455,3481,3502,3499,3498,3558,3598,3632,3625,3644,3680,3724,0,3529,3572,3636,3615,3645,3676,3679,3685,3675,3828,3835,3853,3905,3891,3901,3974,4033,3988,4021,4100,0,3516,3533,3538,3549,3588,3601,3654,3690,3688,3656,3748,3816,3844,3844,3879,3949,3945,3970,4051,4082,0,3503,3504,3499,3570,3573,3654,3619,3647,3711,3735,3702,3786,3863,3835,3852,3907,3911,4030,4032,4096,0,3448,3515,3481,3480,3515,3567,3560,3585,3611,3651,3651,3772,3772,3804,3729,3780,3887,3861,3932,3953,0,3543,3596,3543,3494,3624,3628,3667,3710,3696,3747,3807,3785,3855,3885,3872,3948,3963,3949,4014,4063,4105,0.4,0.4,0.4,0.4,0.4,0.4,0.4,0.4,0.4,0.4,0.4,0.4,0.4,0.4,0.4,0.4,0.4,0.4,0.4,0.4,0.0,0.4,0.4,0.4,0.4,0.4,0.4,0.4,0.4,0.4,0.4,0.4,0.4,0.4,0.4,0.4,0.4,0.4,0.4,0.4,0.4,0.0,0.4,0.4,0.4,0.4,0.4,0.4,0.4,0.4,0.4,0.4,0.4,0.4,0.4,0.4,0.4,0.4,0.4,0.4,0.4,0.4,0.0,0.4,0.4,0.4,0.4,0.4,0.4,0.4,0.4,0.4,0.4,0.4,0.4,0.4,0.4,0.4,0.4,0.4,0.4,0.4,0.4,0.0,0.4,0.4,0.4,0.4,0.4,0.4,0.4,0.4,0.4,0.4,0.4,0.4,0.4,0.4,0.4,0.4,0.4,0.4,0.4,0.4,0.0,0.4,0.4,0.4,0.4,0.4,0.4,0.4,0.4,0.4,0.4,0.4,0.4,0.4,0.4,0.4,0.4,0.4,0.4,0.4,0.4,0.4,
2.1117990016937256,3849,3845,3821,3919,3933,3987,3988,4028,4023,4074,4109,4109,4144,4222,4283,4306,4299,4324,4359,4398,0,3529,3572,3636,3615,3645,3676,3679,3685,3675,3828,3835,3853,3905,3891,3901,3974,4033,3988,4021,4100,0,3516,3533,3538,3549,3588,3601,3654,3690,3688,3656,3748,3816,3844,3844,3879,3949,3945,3970,4051,4082,0,3503,3504,3499,3570,3573,3654,3619,3647,3711,3735,3702,3786,3863,3835,3852,3907,3911,4030,4032,4096,0,4050,4190,4132,4126,4217,4270,4255,4267,4304,4331,4312,4472,4447,4424,4409,4401,4475,4469,4495,4491,0,3543,3596,3543,3494,3624,3628,3667,3710,3696,3747,3807,3785,3855,3885,3872,3948,3963,3949,4014,4063,4105,0.4,0.4,0.4,0.4,0.4,0.4,0.4,0.4,0.4,0.4,0.4,0.4,0.4,0.4,0.4,0.4,0.4,0.4,0.4,0.4,0.0,0.4,0.4,0.4,0.4,0.4,0.4,0.4,0.4,0.4,0.4,0.4,0.4,0.4,0.4,0.4,0.4,0.4,0.4,0.4,0.4,0.0,0.4,0.4,0.4,0.4,0.4,0.4,0.4,0.4,0.4,0.4,0.4,0.4,0.4,0.4,0.4,0.4,0.4,0.4,0.4,0.4,0.0,0.4,0.4,0.4,0.4,0.4,0.4,0.4,0.4,0.4,0.4,0.4,0.4,0.4,0.4,0.4,0.4,0.4,0.4,0.4,0.4,0.0,0.4,0.4,0.4,0.4,0.4,0.4,0.4,0.4,0.4,0.4,0.4,0.4,0.4,0.4,0.4,0.4,0.4,0.4,0.4,0.4,0.0,0.4,0.4,0.4,0.4,0.4,0.4,0.4,0.4,0.4,0.4,0.4,0.4,0.4,0.4,0.4,0.4,0.4,0.4,0.4,0.4,0.4,
2.3149735927581787,3849,3845,3821,3919,3933,3987,3988,4028,4023,4074,4109,4109,4144,4222,4283,4306,4299,4324,4359,4398,0,3529,3572,3636,3615,3645,3676,3679,3685,3675,3828,3835,3853,3905,3891,3901,3974,4033,3988,4021,4100,0,4192,4234,4245,4263,4306,4317,4347,4380,4358,4348,4391,4440,4456,4427,4464,4527,4512,4469,4545,4543,0,3503,3504,3499,3570,3573,3654,3619,3647,3711,3735,3702,3786,3863,3835,3852,3907,3911,4030,4032,4096,0,4050,4190,4132,4126,4217,4270,4255,4267,4304,4331,4312,4472,4447,4424,4409,4401,4475,4469,4495,4491,0,4103,4224,4144,4070,4239,4249,4298,4338,4284,4337,4391,4377,4414,4448,4441,4489,4499,4451,4518,4498,4514,0.4,0.4,0.4,0.4,0.4,0.4,0.4,0.4,0.4,0.4,0.4,0.4,0.4,0.4,0.4,0.4,0.4,0.4,0.4,0.4,0.0,0.4,0.4,0.4,0.4,0.4,0.4,0.4,0.4,0.4,0.4,0.4,0.4,0.4,0.4,0.4,0.4,0.4,0.4,0.4,0.4,0.0,0.4,0.4,0.4,0.4,0.4,0.4,0.4,0.4,0.4,0.4,0.4,0.4,0.4,0.4,0.4,0.4,0.4,0.4,0.4,0.4,0.0,0.4,0.4,0.4,0.4,0.4,0.4,0.4,0.4,0.4,0.4,0.4,0.4,0.4,0.4,0.4,0.4,0.4,0.4,0.4,0.4,0.0,0.4,0.4,0.4,0.4,0.4,0.4,0.4,0.4,0.4,0.4,0.4,0.4,0.4,0.4,0.4,0.4,0.4,0.4,0.4,0.4,0.0,0.4,0.4,0.4,0.4,0.4,0.4,0.4,0.4,0.4,0.4,0.4,0.4,0.4,0.4,0.4,0.4,0.4,0.4,0.4,0.4,0.4,
2.4178519248962402,3849,3845,3821,3919,3933,3987,3988,4028,4023,4074,4109,4109,4144,4222,4283,4306,4299,4324,4359,4398,0,4191,4245,4324,4284,4313,4298,4341,4328,4300,4459,4415,4463,4484,4465,4450,4505,4543,4493,4505,4520,0,4192,4234,4245,4263,4306,4317,4347,4380,4358,4348,4391,4440,4456,4427,4464,4527,4512,4469,4545,4543,0,4174,4168,4163,4278,4265,4343,4306,4338,4394,4373,4371,4419,4471,4450,4432,4480,4495,4509,4501,4537,0,4050,4190,4132,4126,4217,4270,4255,4267,4304,4331,4312,4472,4447,4424,4409,4401,4475,4469,4495,4491,0,4103,4224,4144,4070,4239,4249,4298,4338,4284,4337,4391,4377,4414,4448,4441,4489,4499,4451,4518,4498,4514,0.4,0.4,0.4,0.4,0.4,0.4,0.4,0.4,0.4,0.4,0.4,0.4,0.4,0.4,0.4,0.4,0.4,0.4,0.4,0.4,0.0,0.4,0.4,0.4,0.4,0.4,0.4,0.4,0.4,0.4,0.4,0.4,0.4,0.4,0.4,0.4,0.4,0.4,0.4,0.4,0.4,0.0,0.4,0.4,0.4,0.4,0.4,0.4,0.4,0.4,0.4,0.4,0.4,0.4,0.4,0.4,0.4,0.4,0.4,0.4,0.4,0.4,0.0,0.4,0.4,0.4,0.4,0.4,0.4,0.4,0.4,0.4,0.4,0.4,0.4,0.4,0.4,0.4,0.4,0.4,0.4,0.4,0.4,0.0,0.4,0.4,0.4,0.4,0.4,0.4,0.4,0.4,0.4,0.4,0.4,0.4,0.4,0.4,0.4,0.4,0.4,0.4,0.4,0.4,0.0,0.4,0.4,0.4,0.4,0.4,0.4,0.4,0.4,0.4,0.4,0.4,0.4,0.4,0.4,0.4,0.4,0.4,0.4,0.4,0.4,0.4,
2.520702362060547,4433,4448,4409,4471,4477,4507,4541,4509,4518,4535,4561,4540,4578,4624,4629,4646,4610,4607,4611,4651,0,4191,4245,4324,4284,4313,4298,4341,4328,4300,4459,4415,4463,4484,4465,4450,4505,4543,4493,4505,4520,0,4192,4234,4245,4263,4306,4317,4347,4380,4358,4348,4391,4440,4456,4427,4464,4527,4512,4469,4545,4543,0,4174,4168,4163,4278,4265,4343,4306,4338,4394,4373,4371,4419,4471,4450,4432,4480,4495,4509,4501,4537,0,4503,4616,4549,4564,4582,4552,4595,4554,4571,4599,4592,4705,4649,4613,4653,4600,4647,4656,4635,4632,0,4103,4224,4144,4070,4239,4249,4298,4338,4284,4337,4391,4377,4414,4448,4441,4489,4499,4451,4518,4498,4514,0.4,0.4,0.4,0.4,0.4,0.4,0.4,0.4,0.4,0.4,0.4,0.4,0.4,0.4,0.4,0.4,0.4,0.4,0.4,0.4,0.0,0.4,0.4,0.4,0.4,0.4,0.4,0.4,0.4,0.4,0.4,0.4,0.4,0.4,0.4,0.4,0.4,0.4,0.4,0.4,0.4,0.0,0.4,0.4,0.4,0.4,0.4,0.4,0.4,0.4,0.4,0.4,0.4,0.4,0.4,0.4,0.4,0.4,0.4,0.4,0.4,0.4,0.0,0.4,0.4,0.4,0.4,0.4,0.4,0.4,0.4,0.4,0.4,0.4,0.4,0.4,0.4,0.4,0.4,0.4,0.4,0.4,0.4,0.0,0.4,0.4,0.4,0.4,0.4,0.4,0.4,0.4,0.4,0.4,0.4,0.4,0.4,0.4,0.4,0.4,0.4,0.4,0.4,0.4,0.0,0.4,0.4,0.4,0.4,0.4,0.4,0.4,0.4,0.4,0.4,0.4,0.4,0.4,0.4,0.4,0.4,0.4,0.4,0.4,0.4,0.4,
2.6733951568603516,4433,4448,4409,4471,4477,4507,4541,4509,4518,4535,4561,4540,4578,4624,4629,4646,4610,4607,4611,4651,0,4191,4245,4324,4284,4313,4298,4341,4328,4300,4459,4415,4463,4484,4465,4450,4505,4543,4493,4505,4520,0,4548,4604,4596,4608,4596,4622,4617,4650,4616,4649,4617,4649,4663,4627,4648,4731,4693,4623,4698,4662,0,4174,4168,4163,4278,4265,4343,4306,4338,4394,4373,4371,4419,4471,4450,4432,4480,4495,4509,4501,4537,0,4503,4616,4549,4564,4582,4552,4595,4554,4571,4599,4592,4705,4649,4613,4653,4600,4647,4656,4635,4632,0,4103,4224,4144,4070,4239,4249,4298,4338,4284,4337,4391,4377,4414,4448,4441,4489,4499,4451,4518,4498,4514,0.4,0.4,0.4,0.4,0.4,0.4,0.4,0.4,0.4,0.4,0.4,0.4,0.4,0.4,0.4,0.4,0.4,0.4,0.4,0.4,0.0,0.4,0.4,0.4,0.4,0.4,0.4,0.4,0.4,0.4,0.4,0.4,0.4,0.4,0.4,0.4,0.4,0.4,0.4,0.4,0.4,0.0,0.4,0.4,0.4,0.4,0.4,0.4,0.4,0.4,0.4,0.4,0.4,0.4,0.4,0.4,0.4,0.4,0.4,0.4,0.4,0.4,0.0,0.4,0.4,0.4,0.4,0.4,0.4,0.4,0.4,0.4,0.4,0.4,0.4,0.4,0.4,0.4,0.4,0.4,0.4,0.4,0.4,0.0,0.4,0.4,0.4,0.4,0.4,0.4,0.4,0.4,0.4,0.4,0.4,0.4,0.4,0.4,0.4,0.4,0.4,0.4,0.4,0.4,0.0,0.4,0.4,0.4,0.4,0.4,0.4,0.4,0.4,0.4,0.4,0.4,0.4,0.4,0.4,0.4,0.4,0.4,0.4,0.4,0.4,0.4,
2.7762417793273926,4433,4448,4409,4471,4477,4507,4541,4509,4518,4535,4561,4540,4578,4624,4629,4646,4610,4607,4611,4651,0,4577,4557,4623,4600,4654,4564,4615,4605,4617,4690,4612,4675,4664,4660,4626,4673,4688,4643,4637,4639,0,4548,4604,4596,4608,4596,4622,4617,4650,4616,4649,4617,4649,4663,4627,4648,4731,4693,4623,4698,4662,0,4524,4532,4519,4648,4588,4665,4599,4628,4670,4617,4656,4639,4666,4662,4619,4656,4665,4672,4648,4667,0,4503,4616,4549,4564,4582,4552,4595,4554,4571,4599,4592,4705,4649,4613,4653,4600,4647,4656,4635,4632,0,4512,4574,4582,4468,4567,4558,4624,4599,4532,4600,4616,4600,4609,4629,4649,4662,4669,4619,4662,4637,4621,0.4,0.4,0.4,0.4,0.4,0.4,0.4,0.4,0.4,0.4,0.4,0.4,0.4,0.4,0.4,0.4,0.4,0.4,0.4,0.4,0.0,0.4,0.4,0.4,0.4,0.4,0.4,0.4,0.4,0.4,0.4,0.4,0.4,0.4,0.4,0.4,0.4,0.4,0.4,0.4,0.4,0.0,0.4,0.4,0.4,0.4,0.4,0.4,0.4,0.4,0.4,0.4,0.4,0.4,0.4,0.4,0.4,0.4,0.4,0.4,0.4,0.4,0.0,0.4,0.4,0.4,0.4,0.4,0.4,0.4,0.4,0.4,0.4,0.4,0.4,0.4,0.4,0.4,0.4,0.4,0.4,0.4,0.4,0.0,0.4,0.4,0.4,0.4,0.4,0.4,0.4,0.4,0.4,0.4,0.4,0.4,0.4,0.4,0.4,0.4,0.4,0.4,0.4,0.4,0.0,0.4,0.4,0.4,0.4,0.4,0.4,0.4,0.4,0.4,0.4,0.4,0.4,0.4,0.4,0.4,0.4,0.4,0.4,0.4,0.4,0.4,
2.9292550086975098,4632,4629,4584,4641,4640,4657,4716,4654,4664,4686,4684,4646,4694,4723,4717,4746,4702,4699,4655,4717,0,4577,4557,4623,4600,4654,4564,4615,4605,4617,4690,4612,4675,4664,4660,4626,4673,4688,4643,4637,4639,0,4548,4604,4596,4608,4596,4622,4617,4650,4616,4649,4617,4649,4663,4627,4648,4731,4693,4623,4698,4662,0,4524,4532,4519,4648,4588,4665,4599,4628,4670,4617,4656,4639,4666,4662,4619,4656,4665,4672,4648,4667,0,4628,4734,4665,4657,4664,4636,4689,4634,4647,4681,4650,4748,4682,4646,4695,4646,4686,4699,4659,4662,0,4634,4675,4706,4594,4670,4666,4706,4659,4604,4658,4672,4656,4645,4684,4685,4704,4725,4676,4698,4669,4641,0.4,0.4,0.4,0.4,0.4,0.4,0.4,0.4,0.4,0.4,0.4,0.4,0.4,0.4,0.4,0.4,0.4,0.4,0.4,0.4,0.0,0.4,0.4,0.4,0.4,0.4,0.4,0.4,0.4,0.4,0.4,0.4,0.4,0.4,0.4,0.4,0.4,0.4,0.4,0.4,0.4,0.0,0.4,0.4,0.4,0.4,0.4,0.4,0.4,0.4,0.4,0.4,0.4,0.4,0.4,0.4,0.4,0.4,0.4,0.4,0.4,0.4,0.0,0.4,0.4,0.4,0.4,0.4,0.4,0.4,0.4,0.4,0.4,0.4,0.4,0.4,0.4,0.4,0.4,0.4,0.4,0.4,0.4,0.0,0.4,0.4,0.4,0.4,0.4,0.4,0.4,0.4,0.4,0.4,0.4,0.4,0.4,0.4,0.4,0.4,0.4,0.4,0.4,0.4,0.0,0.4,0.4,0.4,0.4,0.4,0.4,0.4,0.4,0.4,0.4,0.4,0.4,0.4,0.4,0.4,0.4,0.4,0.4,0.4,0.4,0.4,
3.0824668407440186,4632,4629,4584,4641,4640,4657,4716,4654,4664,4686,4684,4646,4694,4723,4717,4746,4702,4699,4655,4717,0,4659,4641,4701,4673,4705,4623,4661,4672,4721,4732,9306,4740,4716,4702,4663,4719,4727,4671,4656,4658,0,4656,4689,4677,4706,4678,4695,4696,4728,4668,4724,4673,4688,4709,4675,4698,4746,4727,4654,4727,4684,0,4524,4532,4519,4648,4588,4665,4599,4628,4670,4617,4656,4639,4666,4662,4619,4656,4665,4672,4648,4667,0,4628,4734,4665,4657,4664,4636,4689,4634,4647,4681,4650,4748,4682,4646,4695,4646,4686,4699,4659,4662,0,4634,4675,4706,4594,4670,4666,4706,4659,4604,4658,4672,4656,4645,4684,4685,4704,4725,4676,4698,4669,4641,0.4,0.4,0.4,0.4,0.4,0.4,0.4,0.4,0.4,0.4,0.4,0.4,0.4,0.4,0.4,0.4,0.4,0.4,0.4,0.4,0.0,0.4,0.4,0.4,0.4,0.4,0.4,0.4,0.4,0.4,0.4,0.4,0.4,0.4,0.4,0.4,0.4,0.4,0.4,0.4,0.4,0.0,0.4,0.4,0.4,0.4,0.4,0.4,0.4,0.4,0.4,0.4,0.4,0.4,0.4,0.4,0.4,0.4,0.4,0.4,0.4,0.4,0.0,0.4,0.4,0.4,0.4,0.4,0.4,0.4,0.4,0.4,0.4,0.4,0.4,0.4,0.4,0.4,0.4,0.4,0.4,0.4,0.4,0.0,0.4,0.4,0.4,0.4,0.4,0.4,0.4,0.4,0.4,0.4,0.4,0.4,0.4,0.4,0.4,0.4,0.4,0.4,0.4,0.4,0.0,0.4,0.4,0.4,0.4,0.4,0.4,0.4,0.4,0.4,0.4,0.4,0.4,0.4,0.4,0.4,0.4,0.4,0.4,0.4,0.4,0.4,
3.185340166091919,4672,4672,4627,4683,4683,4688,4736,4688,4691,4722,4704,4669,4706,4699,4710,4729,4693,4712,4664,4698,0,4659,4641,4701,4673,4705,4623,4661,4672,4721,4732,9306,4740,4716,4702,4663,4719,4727,4671,4656,4658,0,4656,4689,4677,4706,4678,4695,4696,4728,4668,4724,4673,4688,4709,4675,4698,4746,4727,4654,4727,4684,0,4640,4649,4646,4741,4657,4734,4679,4701,4735,4675,4714,4696,4712,4718,4665,4713,4702,4726,4697,4708,0,4628,4734,4665,4657,4664,4636,4689,4634,4647,4681,4650,4748,4682,4646,4695,4646,4686,4699,4659,4662,0,4634,4675,4706,4594,4670,4666,4706,4659,4604,4658,4672,4656,4645,4684,4685,4704,4725,4676,4698,4669,4641,0.5763,0.5763,0.5763,0.5763,0.5763,0.5763,0.5763,0.5763,0.5763,0.5763,0.5763,0.5763,0.5763,0.5763,0.5763,0.5763,0.5763,0.5763,0.5763,0.5763,0.0,0.4,0.4,0.4,0.4,0.4,0.4,0.4,0.4,0.4,0.4,0.4,0.4,0.4,0.4,0.4,0.4,0.4,0.4,0.4,0.4,0.0,0.4,0.4,0.4,0.4,0.4,0.4,0.4,0.4,0.4,0.4,0.4,0.4,0.4,0.4,0.4,0.4,0.4,0.4,0.4,0.4,0.0,0.4,0.4,0.4,0.4,0.4,0.4,0.4,0.4,0.4,0.4,0.4,0.4,0.4,0.4,0.4,0.4,0.4,0.4,0.4,0.4,0.0,0.4,0.4,0.4,0.4,0.4,0.4,0.4,0.4,0.4,0.4,0.4,0.4,0.4,0.4,0.4,0.4,0.4,0.4,0.4,0.4,0.0,0.4,0.4,0.4,0.4,0.4,0.4,0.4,0.4,0.4,0.4,0.4,0.4,0.4,0.4,0.4,0.4,0.4,0.4,0.4,0.4,0.4,
3.3372323513031006,4672,4672,4627,4683,4683,4688,4736,4688,4691,4722,4704,4669,4706,4699,4710,4729,4693,4712,4664,4698,0,4659,4641,4701,4673,4705,4623,4661,4672,4721,4732,9306,4740,4716,4702,4663,4719,4727,4671,4656,4658,0,4656,4689,4677,4706,4678,4695,4696,4728,4668,4724,4673,4688,4709,4675,4698,4746,4727,4654,4727,4684,0,4640,4649,4646,4741,4657,4734,4679,4701,4735,4675,4714,4696,4712,4718,4665,4713,4702,4726,4697,4708,0,4654,4718,4687,4671,4680,4646,4721,4646,4662,4685,4670,4706,4688,4652,4684,4662,4686,4663,4674,4669,0,4654,4695,4713,4626,4702,4708,4714,4677,4623,4665,4683,4665,4645,4680,4724,4707,4704,4681,4677,4692,4654,0.5763,0.5763,0.5763,0.5763,0.5763,0.5763,0.5763,0.5763,0.5763,0.5763,0.5763,0.5763,0.5763,0.5763,0.5763,0.5763,0.5763,0.5763,0.5763,0.5763,0.0,0.4,0.4,0.4,0.4,0.4,0.4,0.4,0.4,0.4,0.4,0.4,0.4,0.4,0.4,0.4,0.4,0.4,0.4,0.4,0.4,0.0,0.4,0.4,0.4,0.4,0.4,0.4,0.4,0.4,0.4,0.4,0.4,0.4,0.4,0.4,0.4,0.4,0.4,0.4,0.4,0.4,0.0,0.4,0.4,0.4,0.4,0.4,0.4,0.4,0.4,0.4,0.4,0.4,0.4,0.4,0.4,0.4,0.4,0.4,0.4,0.4,0.4,0.0,0.5763,0.5763,0.5763,0.5763,0.5763,0.5763,0.5763,0.5763,0.5763,0.5763,0.5763,0.5763,0.5763,0.5763,0.5763,0.5763,0.5763,0.5763,0.5763,0.5763,0.0,0.5763,0.5763,0.5763,0.5763,0.5763,0.5763,0.5763,0.5763,0.5763,0.5763,0.5763,0.5763,0.5763,0.5763,0.5763,0.5763,0.5763,0.5763,0.5763,0.5763,0.5763,
3.438784599304199,4672,4672,4627,4683,4683,4688,4736,4688,4691,4722,4704,4669,4706,4699,4710,4729,4693,4712,4664,4698,0,4668,4654,4711,4683,4714,4634,4668,4664,4698,4683,4642,4714,4689,4662,4674,4681,4695,4672,4658,4664,0,4672,4708,4689,4699,4695,4687,4690,4706,4688,4677,4677,4700,4675,4688,4663,4690,4679,4642,4663,4675,0,4640,4649,4646,4741,4657,4734,4679,4701,4735,4675,4714,4696,4712,4718,4665,4713,4702,4726,4697,4708,0,4654,4718,4687,4671,4680,4646,4721,4646,4662,4685,4670,4706,4688,4652,4684,4662,4686,4663,4674,4669,0,4654,4695,4713,4626,4702,4708,4714,4677,4623,4665,4683,4665,4645,4680,4724,4707,4704,4681,4677,4692,4654,0.5763,0.5763,0.5763,0.5763,0.5763,0.5763,0.5763,0.5763,0.5763,0.5763,0.5763,0.5763,0.5763,0.5763,0.5763,0.5763,0.5763,0.5763,0.5763,0.5763,0.0,0.5912,0.5912,0.5912,0.5912,0.5912,0.5912,0.5912,0.5912,0.5912,0.5912,0.5912,0.5912,0.5912,0.5912,0.5912,0.5912,0.5912,0.5912,0.5912,0.5912,0.0,0.5839,0.5839,0.5839,0.5839,0.5839,0.5839,0.5839,0.5839,0.5839,0.5839,0.5839,0.5839,0.5839,0.5839,0.5839,0.5839,0.5839,0.5839,0.5839,0.5839,0.0,0.4,0.4,0.4,0.4,0.4,0.4,0.4,0.4,0.4,0.4,0.4,0.4,0.4,0.4,0.4,0.4,0.4,0.4,0.4,0.4,0.0,0.5763,0.5763,0.5763,0.5763,0.5763,0.5763,0.5763,0.5763,0.5763,0.5763,0.5763,0.5763,0.5763,0.5763,0.5763,0.5763,0.5763,0.5763,0.5763,0.5763,0.0,0.5763,0.5763,0.5763,0.5763,0.5763,0.5763,0.5763,0.5763,0.5763,0.5763,0.5763,0.5763,0.5763,0.5763,0.5763,0.5763,0.5763,0.5763,0.5763,0.5763,0.5763,
3.5406434535980225,4672,4672,4627,4683,4683,4688,4736,4688,4691,4722,4704,4669,4706,4699,4710,4729,4693,4712,4664,4698,0,4668,4654,4711,4683,4714,4634,4668,4664,4698,4683,4642,4714,4689,4662,4674,4681,4695,4672,4658,4664,0,4672,4708,4689,4699,4695,4687,4690,4706,4688,4677,4677,4700,4675,4688,4663,4690,4679,4642,4663,4675,0,4667,4663,4676,4708,4672,4694,4697,4670,4707,4699,4711,4680,4697,4727,4701,4748,4762,4791,4793,4784,0,4654,4718,4687,4671,4680,4646,4721,4646,4662,4685,4670,4706,4688,4652,4684,4662,4686,4663,4674,4669,0,4654,4695,4713,4626,4702,4708,4714,4677,4623,4665,4683,4665,4645,4680,4724,4707,4704,4681,4677,4692,4654,0.5763,0.5763,0.5763,0.5763,0.5763,0.5763,0.5763,0.5763,0.5763,0.5763,0.5763,0.5763,0.5763,0.5763,0.5763,0.5763,0.5763,0.5763,0.5763,0.5763,0.0,0.5912,0.5912,0.5912,0.5912,0.5912,0.5912,0.5912,0.5912,0.5912,0.5912,0.5912,0.5912,0.5912,0.5912,0.5912,0.5912,0.5912,0.5912,0.5912,0.5912,0.0,0.5839,0.5839,0.5839,0.5839,0.5839,0.5839,0.5839,0.5839,0.5839,0.5839,0.5839,0.5839,0.5839,0.5839,0.5839,0.5839,0.5839,0.5839,0.5839,0.5839,0.0,0.5912,0.5912,0.5912,0.5912,0.5912,0.5912,0.5912,0.5912,0.5912,0.5912,0.5912,0.5912,0.5912,0.5912,0.5912,0.5912,0.5912,0.5912,0.5912,0.5912,0.0,0.5763,0.5763,0.5763,0.5763,0.5763,0.5763,0.5763,0.5763,0.5763,0.5763,0.5763,0.5763,0.5763,0.5763,0.5763,0.5763,0.5763,0.5763,0.5763,0.5763,0.0,0.5763,0.5763,0.5763,0.5763,0.5763,0.5763,0.5763,0.5763,0.5763,0.5763,0.5763,0.5763,0.5763,0.5763,0.5763,0.5763,0.5763,0.5763,0.5763,0.5763,0.5763,
3.692392587661743,4685,4679,4645,4638,4680,4657,4719,4725,4742,4755,4753,4795,4781,4732,4771,4795,4836,4879,4859,4955,0,4668,4654,4711,4683,4714,4634,4668,4664,4698,4683,4642,4714,4689,4662,4674,4681,4695,4672,4658,4664,0,4672,4708,4689,4699,4695,4687,4690,4706,4688,4677,4677,4700,4675,4688,4663,4690,4679,4642,4663,4675,0,4667,4663,4676,4708,4672,4694,4697,4670,4707,4699,4711,4680,4697,4727,4701,4748,4762,4791,4793,4784,0,4654,4718,4687,4671,4680,4646,4721,4646,4662,4685,4670,4706,4688,4652,4684,4662,4686,4663,4674,4669,0,4665,4642,4697,4639,4737,4740,4725,4760,4725,4801,4839,4808,4863,4798,4920,4889,4866,4850,4830,4973,4995,0.5984,0.5984,0.5984,0.5984,0.5984,0.5984,0.5984,0.5984,0.5984,0.5984,0.5984,0.5984,0.5984,0.5984,0.5984,0.5984,0.5984,0.5984,0.5984,0.5984,0.0,0.5912,0.5912,0.5912,0.5912,0.5912,0.5912,0.5912,0.5912,0.5912,0.5912,0.5912,0.5912,0.5912,0.5912,0.5912,0.5912,0.5912,0.5912,0.5912,0.5912,0.0,0.5839,0.5839,0.5839,0.5839,0.5839,0.5839,0.5839,0.5839,0.5839,0.5839,0.5839,0.5839,0.5839,0.5839,0.5839,0.5839,0.5839,0.5839,0.5839,0.5839,0.0,0.5912,0.5912,0.5912,0.5912,0.5912,0.5912,0.5912,0.5912,0.5912,0.5912,0.5912,0.5912,0.5912,0.5912,0.5912,0.5912,0.5912,0.5912,0.5912,0.5912,0.0,0.5763,0.5763,0.5763,0.5763,0.5763,0.5763,0.5763,0.5763,0.5763,0.5763,0.5763,0.5763,0.5763,0.5763,0.5763,0.5763,0.5763,0.5763,0.5763,0.5763,0.0,0.6054,0.6054,0.6054,0.6054,0.6054,0.6054,0.6054,0.6054,0.6054,0.6054,0.6054,0.6054,0.6054,0.6054,0.6054,0.6054,0.6054,0.6054,0.6054,0.6054,0.6054,
3.844158887863159,4685,4679,4645,4638,4680,4657,4719,4725,4742,4755,4753,4795,4781,4732,4771,4795,4836,4879,4859,4955,0,4649,4657,4646,4644,4652,4664,4708,4640,4704,4652,4693,4744,4728,4710,4732,4795,4792,4909,4917,4876,0,4686,4665,4685,4655,4745,4669,4669,4710,4704,4699,4811,4828,4784,4866,4772,4827,4884,4926,4923,5021,0,4667,4663,4676,4708,4672,4694,4697,4670,4707,4699,4711,4680,4697,4727,4701,4748,4762,4791,4793,4784,0,4658,4655,4669,4696,4637,4692,4724,4704,4748,4751,4729,4793,4828,4800,4856,4868,4906,4874,4899,4987,0,4665,4642,4697,4639,4737,4740,4725,4760,4725,4801,4839,4808,4863,4798,4920,4889,4866,4850,4830,4973,4995,0.5984,0.5984,0.5984,0.5984,0.5984,0.5984,0.5984,0.5984,0.5984,0.5984,0.5984,0.5984,0.5984,0.5984,0.5984,0.5984,0.5984,0.5984,0.5984,0.5984,0.0,0.6121,0.6121,0.6121,0.6121,0.6121,0.6121,0.6121,0.6121,0.6121,0.6121,0.6121,0.6121,0.6121,0.6121,0.6121,0.6121,0.6121,0.6121,0.6121,0.6121,0.0,0.6121,0.6121,0.6121,0.6121,0.6121,0.6121,0.6121,0.6121,0.6121,0.6121,0.6121,0.6121,0.6121,0.6121,0.6121,0.6121,0.6121,0.6121,0.6121,0.6121,0.0,0.5912,0.5912,0.5912,0.5912,0.5912,0.5912,0.5912,0.5912,0.5912,0.5912,0.5912,0.5912,0.5912,0.5912,0.5912,0.5912,0.5912,0.5912,0.5912,0.5912,0.0,0.6054,0.6054,0.6054,0.6054,0.6054,0.6054,0.6054,0.6054,0.6054,0.6054,0.6054,0.6054,0.6054,0.6054,0.6054,0.6054,0.6054,0.6054,0.6054,0.6054,0.0,0.6054,0.6054,0.6054,0.6054,0.6054,0.6054,0.6054,0.6054,0.6054,0.6054,0.6054,0.6054,0.6054,0.6054,0.6054,0.6054,0.6054,0.6054,0.6054,0.6054,0.6054,
3.9457333087921143,4685,4679,4645,4638,4680,4657,4719,4725,4742,4755,4753,4795,4781,4732,4771,4795,4836,4879,4859,4955,0,4649,4657,4646,4644,4652,4664,4708,4640,4704,4652,4693,4744,4728,4710,4732,4795,4792,4909,4917,4876,0,4686,4665,4685,4655,4745,4669,4669,4710,4704,4699,4811,4828,4784,4866,4772,4827,4884,4926,4923,5021,0,4872,4900,4871,4890,5012,4852,5020,5045,5099,5083,5088,5081,5119,5131,5163,5233,5237,5263,5312,5300,0,4658,4655,4669,4696,4637,4692,4724,4704,4748,4751,4729,4793,4828,4800,4856,4868,4906,4874,4899,4987,0,4665,4642,4697,4639,4737,4740,4725,4760,4725,4801,4839,4808,4863,4798,4920,4889,4866,4850,4830,4973,4995,0.5984,0.5984,0.5984,0.5984,0.5984,0.5984,0.5984,0.5984,0.5984,0.5984,0.5984,0.5984,0.5984,0.5984,0.5984,0.5984,0.5984,0.5984,0.5984,0.5984,0.0,0.6121,0.6121,0.6121,0.6121,0.6121,0.6121,0.6121,0.6121,0.6121,0.6121,0.6121,0.6121,0.6121,0.6121,0.6121,0.6121,0.6121,0.6121,0.6121,0.6121,0.0,0.6121,0.6121,0.6121,0.6121,0.6121,0.6121,0.6121,0.6121,0.6121,0.6121,0.6121,0.6121,0.6121,0.6121,0.6121,0.6121,0.6121,0.6121,0.6121,0.6121,0.0,0.6187,0.6187,0.6187,0.6187,0.6187,0.6187,0.6187,0.6187,0.6187,0.6187,0.6187,0.6187,0.6187,0.6187,0.6187,0.6187,0.6187,0.6187,0.6187,0.6187,0.0,0.6054,0.6054,0.6054,0.6054,0.6054,0.6054,0.6054,0.6054,0.6054,0.6054,0.6054,0.6054,0.6054,0.6054,0.6054,0.6054,0.6054,0.6054,0.6054,0.6054,0.0,0.6054,0.6054,0.6054,0.6054,0.6054,0.6054,0.6054,0.6054,0.6054,0.6054,0.6054,0.6054,0.6054,0.6054,0.6054,0.6054,0.6054,0.6054,0.6054,0.6054,0.6054,
4.047335863113403,5023,4870,5103,4921,5013,5136,5149,5257,5270,5231,5255,5362,5319,5254,5313,5315,5402,5462,5423,5508,0,4649,4657,4646,4644,4652,4664,4708,4640,4704,4652,4693,4744,4728,4710,4732,4795,4792,4909,4917,4876,0,4686,4665,4685,4655,4745,4669,4669,4710,4704,4699,4811,4828,4784,4866,4772,4827,4884,4926,4923,5021,0,4872,4900,4871,4890,5012,4852,5020,5045,5099,5083,5088,5081,5119,5131,5163,5233,5237,5263,5312,5300,0,4658,4655,4669,4696,4637,4692,4724,4704,4748,4751,4729,4793,4828,4800,4856,4868,4906,4874,4899,4987,0,5053,4966,5043,5028,5142,5140,5143,5241,5202,5277,5329,5309,5378,5298,5427,5400,5387,5339,5310,5495,5482,0.6121,0.625,0.625,0.625,0.625,0.625,0.625,0.625,0.625,0.625,0.625,0.625,0.625,0.625,0.625,0.625,0.625,0.625,0.625,0.625,0.0,0.6121,0.6121,0.6121,0.6121,0.6121,0.6121,0.6121,0.6121,0.6121,0.6121,0.6121,0.6121,0.6121,0.6121,0.6121,0.6121,0.6121,0.6121,0.6121,0.6121,0.0,0.6121,0.6121,0.6121,0.6121,0.6121,0.6121,0.6121,0.6121,0.6121,0.6121,0.6121,0.6121,0.6121,0.6121,0.6121,0.6121,0.6121,0.6121,0.6121,0.6121,0.0,0.6187,0.6187,0.6187,0.6187,0.6187,0.6187,0.6187,0.6187,0.6187,0.6187,0.6187,0.6187,0.6187,0.6187,0.6187,0.6187,0.6187,0.6187,0.6187,0.6187,0.0,0.6054,0.6054,0.6054,0.6054,0.6054,0.6054,0.6054,0.6054,0.6054,0.6054,0.6054,0.6054,0.6054,0.6054,0.6054,0.6054,0.6054,0.6054,0.6054,0.6054,0.0,0.6187,0.6187,0.6187,0.6187,0.6187,0.6187,0.6187,0.6187,0.6187,0.6187,0.6187,0.6187,0.6187,0.6187,0.6187,0.6187,0.6187,0.6187,0.6187,0.6187,0.6187,
4.250499725341797,5023,4870,5103,4921,5013,5136,5149,5257,5270,5231,5255,5362,5319,5254,5313,5315,5402,5462,5423,5508,0,4997,5066,5068,5088,5077,5163,5237,5135,5094,5144,5178,5260,5242,5263,5290,5329,5341,5496,5494,5476,0,5145,5053,5150,5111,5275,5172,5144,5230,5216,5251,5373,5426,5344,5457,5336,5379,5432,5507,5537,5637,0,4872,4900,4871,4890,5012,4852,5020,5045,5099,5083,5088,5081,5119,5131,5163,5233,5237,5263,5312,5300,0,5053,5051,5076,5179,5070,5151,5155,5192,5283,5251,5263,5364,5394,5363,5430,5467,5488,5458,5434,5558,0,5053,4966,5043,5028,5142,5140,5143,5241,5202,5277,5329,5309,5378,5298,5427,5400,5387,5339,5310,5495,5482,0.6121,0.625,0.625,0.625,0.625,0.625,0.625,0.625,0.625,0.625,0.625,0.625,0.625,0.625,0.625,0.625,0.625,0.625,0.625,0.625,0.0,0.637,0.637,0.637,0.637,0.637,0.637,0.637,0.637,0.637,0.637,0.637,0.637,0.637,0.637,0.637,0.637,0.637,0.637,0.637,0.637,0.0,0.637,0.637,0.637,0.637,0.637,0.637,0.637,0.637,0.637,0.637,0.637,0.637,0.637,0.637,0.637,0.637,0.637,0.637,0.637,0.637,0.0,0.6187,0.6187,0.6187,0.6187,0.6187,0.6187,0.6187,0.6187,0.6187,0.6187,0.6187,0.6187,0.6187,0.6187,0.6187,0.6187,0.6187,0.6187,0.6187,0.6187,0.0,0.6187,0.637,0.637,0.637,0.637,0.637,0.637,0.637,0.637,0.637,0.637,0.637,0.637,0.637,0.637,0.637,0.637,0.637,0.637,0.637,0.0,0.6187,0.6187,0.6187,0.6187,0.6187,0.6187,0.6187,0.6187,0.6187,0.6187,0.6187,0.6187,0.6187,0.6187,0.6187,0.6187,0.6187,0.6187,0.6187,0.6187,0.6187,
4.302029132843018,5023,4870,5103,4921,5013,5136,5149,5257,5270,5231,5255,5362,5319,5254,5313,5315,5402,5462,5423,5508,0,4997,5066,5068,5088,5077,5163,5237,5135,5094,5144,5178,5260,5242,5263,5290,5329,5341,5496,5494,5476,0,5145,5053,5150,5111,5275,5172,5144,5230,5216,5251,5373,5426,5344,5457,5336,5379,5432,5507,5537,5637,0,5471,5509,5498,5487,5656,5419,5639,5670,5745,5738,5713,5696,5766,5772,5806,5888,5870,5893,5902,5897,0,5053,5051,5076,5179,5070,5151,5155,5192,5283,5251,5263,5364,5394,5363,5430,5467,5488,5458,5434,5558,0,5592,5490,5554,5538,5659,5659,5654,5752,5694,5770,5818,5829,5897,5824,5959,5904,5897,5873,5824,6023,5985,0.6121,0.625,0.625,0.625,0.625,0.625,0.625,0.625,0.625,0.625,0.625,0.625,0.625,0.625,0.625,0.625,0.625,0.625,0.625,0.625,0.0,0.637,0.637,0.637,0.637,0.637,0.637,0.637,0.637,0.637,0.637,0.637,0.637,0.637,0.637,0.637,0.637,0.637,0.637,0.637,0.637,0.0,0.637,0.637,0.637,0.637,0.637,0.637,0.637,0.637,0.637,0.637,0.637,0.637,0.637,0.637,0.637,0.637,0.637,0.637,0.637,0.637,0.0,0.6312,0.6312,0.6312,0.6312,0.6312,0.6312,0.6312,0.6312,0.6312,0.6312,0.6312,0.6312,0.6312,0.6312,0.6312,0.6312,0.6312,0.6312,0.6312,0.6312,0.0,0.6187,0.637,0.637,0.637,0.637,0.637,0.637,0.637,0.637,0.637,0.637,0.637,0.637,0.637,0.637,0.637,0.637,0.637,0.637,0.637,0.0,0.637,0.637,0.637,0.637,0.637,0.637,0.637,0.637,0.637,0.637,0.637,0.637,0.637,0.637,0.637,0.637,0.637,0.637,0.637,0.637,0.637,
4.40359902381897,5640,5426,5682,5535,5601,5760,5773,5893,5901,5834,5852,5976,5933,5863,5931,5937,6032,6091,6027,6134,0,4997,5066,5068,5088,5077,5163,5237,5135,5094,5144,5178,5260,5242,5263,5290,5329,5341,5496,5494,5476,0,5145,5053,5150,5111,5275,5172,5144,5230,5216,5251,5373,5426,5344,5457,5336,5379,5432,5507,5537,5637,0,5471,5509,5498,5487,5656,5419,5639,5670,5745,5738,5713,5696,5766,5772,5806,5888,5870,5893,5902,5897,0,5053,5051,5076,5179,5070,5151,5155,5192,5283,5251,5263,5364,5394,5363,5430,5467,5488,5458,5434,5558,0,5592,5490,5554,5538,5659,5659,5654,5752,5694,5770,5818,5829,5897,5824,5959,5904,5897,5873,5824,6023,5985,0.637,0.637,0.637,0.637,0.637,0.637,0.637,0.637,0.637,0.637,0.637,0.637,0.637,0.637,0.637,0.637,0.637,0.637,0.637,0.637,0.0,0.637,0.637,0.637,0.637,0.637,0.637,0.637,0.637,0.637,0.637,0.637,0.637,0.637,0.637,0.637,0.637,0.637,0.637,0.637,0.637,0.0,0.637,0.637,0.637,0.637,0.637,0.637,0.637,0.637,0.637,0.637,0.637,0.637,0.637,0.637,0.637,0.637,0.637,0.637,0.637,0.637,0.0,0.6312,0.6312,0.6312,0.6312,0.6312,0.6312,0.6312,0.6312,0.6312,0.6312,0.6312,0.6312,0.6312,0.6312,0.6312,0.6312,0.6312,0.6312,0.6312,0.6312,0.0,0.6187,0.637,0.637,0.637,0.637,0.637,0.637,0.637,0.637,0.637,0.637,0.637,0.637,0.637,0.637,0.637,0.637,0.637,0.637,0.637,0.0,0.637,0.637,0.637,0.637,0.637,0.637,0.637,0.637,0.637,0.637,0.637,0.637,0.637,0.637,0.637,0.637,0.637,0.637,0.637,0.637,0.637,
4.505382061004639,5640,5426,5682,5535,5601,5760,5773,5893,5901,5834,5852,5976,5933,5863,5931,5937,6032,6091,6027,6134,0,4997,5066,5068,5088,5077,5163,5237,5135,5094,5144,5178,5260,5242,5263,5290,5329,5341,5496,5494,5476,0,5774,5699,5825,5747,5915,5785,5759,5851,5831,5897,6007,6048,5998,6077,5961,6010,6095,6143,6152,6256,0,5471,5509,5498,5487,5656,5419,5639,5670,5745,5738,5713,5696,5766,5772,5806,5888,5870,5893,5902,5897,0,5671,5688,5703,5797,5689,5803,5792,5811,5934,5882,5897,5999,6029,5991,6075,6091,6074,6048,6024,6155,0,6066,6018,6074,6069,6170,6177,6180,6277,6216,6280,6351,6373,6438,6363,6523,6483,6431,6400,6329,6533,6475,0.637,0.637,0.637,0.637,0.637,0.637,0.637,0.637,0.637,0.637,0.637,0.637,0.637,0.637,0.637,0.637,0.637,0.637,0.637,0.637,0.0,0.637,0.637,0.637,0.637,0.637,0.637,0.637,0.637,0.637,0.637,0.637,0.637,0.637,0.637,0.637,0.637,0.637,0.637,0.637,0.637,0.0,0.6533,0.6533,0.6533,0.6533,0.6533,0.6533,0.6533,0.6533,0.6533,0.6533,0.6533,0.6533,0.6533,0.6533,0.6533,0.6533,0.6533,0.6533,0.6533,0.6533,0.0,0.6312,0.6312,0.6312,0.6312,0.6312,0.6312,0.6312,0.6312,0.6312,0.6312,0.6312,0.6312,0.6312,0.6312,0.6312,0.6312,0.6312,0.6312,0.6312,0.6312,0.0,0.6427,0.6427,0.6427,0.6427,0.6427,0.6427,0.6427,0.6427,0.6427,0.6427,0.6427,0.6427,0.6427,0.6427,0.6427,0.6427,0.6427,0.6427,0.6427,0.6427,0.0,0.6533,0.6533,0.6533,0.6533,0.6533,0.6533,0.6533,0.6533,0.6533,0.6533,0.6533,0.6533,0.6533,0.6533,0.6533,0.6533,0.6533,0.6533,0.6533,0.6533,0.6533,
4.607252359390259,5640,5426,5682,5535,5601,5760,5773,5893,5901,5834,5852,5976,5933,5863,5931,5937,6032,6091,6027,6134,0,5606,5658,5641,5664,5690,5757,5851,5727,5625,5764,5765,5876,5834,5861,5845,5867,5911,6039,6027,6018,0,5774,5699,5825,5747,5915,5785,5759,5851,5831,5897,6007,6048,5998,6077,5961,6010,6095,6143,6152,6256,0,6088,6093,6063,6092,6283,6016,6222,6276,6336,6339,6280,6284,6354,6350,6377,6476,6436,6480,6482,6495,0,5671,5688,5703,5797,5689,5803,5792,5811,5934,5882,5897,5999,6029,5991,6075,6091,6074,6048,6024,6155,0,6066,6018,6074,6069,6170,6177,6180,6277,6216,6280,6351,6373,6438,6363,6523,6483,6431,6400,6329,6533,6475,0.637,0.637,0.637,0.637,0.637,0.637,0.637,0.637,0.637,0.637,0.637,0.637,0.637,0.637,0.637,0.637,0.637,0.637,0.637,0.637,0.0,0.6481,0.6582,0.6582,0.6582,0.6582,0.6582,0.6582,0.6582,0.6582,0.6582,0.6582,0.6582,0.6582,0.6582,0.6582,0.6582,0.6582,0.6582,0.6582,0.6582,0.0,0.6533,0.6533,0.6533,0.6533,0.6533,0.6533,0.6533,0.6533,0.6533,0.6533,0.6533,0.6533,0.6533,0.6533,0.6533,0.6533,0.6533,0.6533,0.6533,0.6533,0.0,0.6533,0.6533,0.6533,0.6533,0.6533,0.6533,0.6533,0.6533,0.6533,0.6533,0.6533,0.6533,0.6533,0.6533,0.6533,0.6533,0.6533,0.6533,0.6533,0.6533,0.0,0.6427,0.6427,0.6427,0.6427,0.6427,0.6427,0.6427,0.6427,0.6427,0.6427,0.6427,0.6427,0.6427,0.6427,0.6427,0.6427,0.6427,0.6427,0.6427,0.6427,0.0,0.6533,0.6533,0.6533,0.6533,0.6533,0.6533,0.6533,0.6533,0.6533,0.6533,0.6533,0.6533,0.6533,0.6533,0.6533,0.6533,0.6533,0.6533,0.6533,0.6533,0.6533,
4.7088398933410645,6231,6002,6250,6098,6198,6352,6328,6438,6455,6402,6393,6521,6470,6410,6466,6481,6584,6631,6542,6711,0,5606,5658,5641,5664,5690,5757,5851,5727,5625,5764,5765,5876,5834,5861,5845,5867,5911,6039,6027,6018,0,5774,5699,5825,5747,5915,5785,5759,5851,5831,5897,6007,6048,5998,6077,5961,6010,6095,6143,6152,6256,0,6088,6093,6063,6092,6283,6016,6222,6276,6336,6339,6280,6284,6354,6350,6377,6476,6436,6480,6482,6495,0,5671,5688,5703,5797,5689,5803,5792,5811,5934,5882,5897,5999,6029,5991,6075,6091,6074,6048,6024,6155,0,6066,6018,6074,6069,6170,6177,6180,6277,6216,6280,6351,6373,6438,6363,6523,6483,6431,6400,6329,6533,6475,0.6533,0.6533,0.6533,0.6533,0.6533,0.6533,0.6533,0.6533,0.6533,0.6533,0.6533,0.6533,0.6533,0.6533,0.6533,0.6533,0.6533,0.6533,0.6533,0.6533,0.0,0.6481,0.6582,0.6582,0.6582,0.6582,0.6582,0.6582,0.6582,0.6582,0.6582,0.6582,0.6582,0.6582,0.6582,0.6582,0.6582,0.6582,0.6582,0.6582,0.6582,0.0,0.6533,0.6533,0.6533,0.6533,0.6533,0.6533,0.6533,0.6533,0.6533,0.6533,0.6533,0.6533,0.6533,0.6533,0.6533,0.6533,0.6533,0.6533,0.6533,0.6533,0.0,0.6533,0.6533,0.6533,0.6533,0.6533,0.6533,0.6533,0.6533,0.6533,0.6533,0.6533,0.6533,0.6533,0.6533,0.6533,0.6533,0.6533,0.6533,0.6533,0.6533,0.0,0.6427,0.6427,0.6427,0.6427,0.6427,0.6427,0.6427,0.6427,0.6427,0.6427,0.6427,0.6427,0.6427,0.6427,0.6427,0.6427,0.6427,0.6427,0.6427,0.6427,0.0,0.6533,0.6533,0.6533,0.6533,0.6533,0.6533,0.6533,0.6533,0.6533,0.6533,0.6533,0.6533,0.6533,0.6533,0.6533,0.6533,0.6533,0.6533,0.6533,0.6533,0.6533,
4.810668230056763,6231,6002,6250,6098,6198,6352,6328,6438,6455,6402,6393,6521,6470,6410,6466,6481,6584,6631,6542,6711,0,6211,6250,6246,6252,6246,6356,6432,6335,759493,6341,6306,6439,6379,6425,6388,6378,6459,6570,6524,6562,0,6378,6265,6407,6316,6490,6380,6301,6423,6409,6486,6582,6661,6599,6662,6521,6597,6627,6681,6707,6803,0,6088,6093,6063,6092,6283,6016,6222,6276,6336,6339,6280,6284,6354,6350,6377,6476,6436,6480,6482,6495,0,6240,6286,6287,6370,6268,6385,6378,6345,6491,6455,6495,6594,6592,6578,6645,6672,6629,6626,6578,6725,0,6066,6018,6074,6069,6170,6177,6180,6277,6216,6280,6351,6373,6438,6363,6523,6483,6431,6400,6329,6533,6475,0.6533,0.6533,0.6533,0.6533,0.6533,0.6533,0.6533,0.6533,0.6533,0.6533,0.6533,0.6533,0.6533,0.6533,0.6533,0.6533,0.6533,0.6533,0.6533,0.6533,0.0,0.6629,0.6753,0.6753,0.6753,0.6753,0.6753,0.6753,0.6753,0.6753,0.6753,0.6753,0.6753,0.6753,0.6753,0.6753,0.6753,0.6753,0.6753,0.6753,0.6753,0.0,0.6629,0.6714,0.6714,0.6714,0.6714,0.6714,0.6714,0.6714,0.6714,0.6714,0.6714,0.6714,0.6714,0.6714,0.6714,0.6714,0.6714,0.6714,0.6714,0.6714,0.0,0.6533,0.6533,0.6533,0.6533,0.6533,0.6533,0.6533,0.6533,0.6533,0.6533,0.6533,0.6533,0.6533,0.6533,0.6533,0.6533,0.6533,0.6533,0.6533,0.6533,0.0,0.6629,0.6629,0.6629,0.6629,0.6629,0.6629,0.6629,0.6629,0.6629,0.6629,0.6629,0.6629,0.6629,0.6629,0.6629,0.6629,0.6629,0.6629,0.6629,0.6629,0.0,0.6533,0.6533,0.6533,0.6533,0.6533,0.6533,0.6533,0.6533,0.6533,0.6533,0.6533,0.6533,0.6533,0.6533,0.6533,0.6533,0.6533,0.6533,0.6533,0.6533,0.6533,
4.912241220474243,6231,6002,6250,6098,6198,6352,6328,6438,6455,6402,6393,6521,6470,6410,6466,6481,6584,6631,6542,6711,0,6211,6250,6246,6252,6246,6356,6432,6335,759493,6341,6306,6439,6379,6425,6388,6378,6459,6570,6524,6562,0,6378,6265,6407,6316,6490,6380,6301,6423,6409,6486,6582,6661,6599,6662,6521,6597,6627,6681,6707,6803,0,6642,6671,6678,6698,6839,6565,6794,6835,6910,6930,6816,6841,6910,6893,6927,7049,6961,7053,7035,7030,0,6240,6286,6287,6370,6268,6385,6378,6345,6491,6455,6495,6594,6592,6578,6645,6672,6629,6626,6578,6725,0,6553,6480,6583,6550,6688,6691,6711,6765,6660,6663,6781,6811,6877,6808,7017,6967,6892,6837,6775,6980,6891,0.6533,0.6533,0.6533,0.6533,0.6533,0.6533,0.6533,0.6533,0.6533,0.6533,0.6533,0.6533,0.6533,0.6533,0.6533,0.6533,0.6533,0.6533,0.6533,0.6533,0.0,0.6629,0.6753,0.6753,0.6753,0.6753,0.6753,0.6753,0.6753,0.6753,0.6753,0.6753,0.6753,0.6753,0.6753,0.6753,0.6753,0.6753,0.6753,0.6753,0.6753,0.0,0.6629,0.6714,0.6714,0.6714,0.6714,0.6714,0.6714,0.6714,0.6714,0.6714,0.6714,0.6714,0.6714,0.6714,0.6714,0.6714,0.6714,0.6714,0.6714,0.6714,0.0,0.6673,0.6673,0.6673,0.6673,0.6673,0.6673,0.6673,0.6673,0.6673,0.6673,0.6673,0.6673,0.6673,0.6673,0.6673,0.6673,0.6673,0.6673,0.6673,0.6673,0.0,0.6629,0.6629,0.6629,0.6629,0.6629,0.6629,0.6629,0.6629,0.6629,0.6629,0.6629,0.6629,0.6629,0.6629,0.6629,0.6629,0.6629,0.6629,0.6629,0.6629,0.0,0.6629,0.6753,0.6753,0.6753,0.6753,0.6753,0.6753,0.6753,0.6753,0.6753,0.6753,0.6753,0.6753,0.6753,0.6753,0.6753,0.6753,0.6753,0.6753,0.6753,0.6753,
5.114129304885864,6768,6551,6730,6616,6700,6902,6881,6971,6984,6926,6905,7040,7016,6958,7023,6990,7138,7183,7057,7185,0,6737,6762,6791,6789,6785,6864,6962,6831,4615384,6851,6780,6976,6850,6950,6873,6843,6946,7049,7001,7064,0,6940,6807,6965,6872,7063,7005,6887,7050,6950,7053,7110,7181,7158,7157,7055,7142,7159,7216,7233,7323,0,6642,6671,6678,6698,6839,6565,6794,6835,6910,6930,6816,6841,6910,6893,6927,7049,6961,7053,7035,7030,0,6770,6872,6836,6891,6814,6901,6886,6862,7086,7014,7038,7146,7106,7129,7167,7219,7124,7108,7080,7235,0,6993,7177,7011,6948,7114,7105,7150,7188,7043,7044,7203,7221,7261,7242,7445,7351,7268,7253,7201,7375,7297,0.6673,0.6673,0.6673,0.6673,0.6673,0.6673,0.6673,0.6673,0.6673,0.6673,0.6673,0.6673,0.6673,0.6673,0.6673,0.6673,0.6673,0.6673,0.6673,0.6673,0.0,0.6753,0.6823,0.6823,0.6823,0.6823,0.6823,0.6823,0.6823,0.6823,0.6823,0.6823,0.6823,0.6823,0.6823,0.6823,0.6823,0.6823,0.6823,0.6823,0.6823,0.0,0.6753,0.6753,0.6753,0.6753,0.6753,0.6753,0.6753,0.6753,0.6753,0.6753,0.6753,0.6753,0.6753,0.6753,0.6753,0.6753,0.6753,0.6753,0.6753,0.6753,0.0,0.6673,0.6673,0.6673,0.6673,0.6673,0.6673,0.6673,0.6673,0.6673,0.6673,0.6673,0.6673,0.6673,0.6673,0.6673,0.6673,0.6673,0.6673,0.6673,0.6673,0.0,0.6753,0.6823,0.6823,0.6823,0.6823,0.6823,0.6823,0.6823,0.6823,0.6823,0.6823,0.6823,0.6823,0.6823,0.6823,0.6823,0.6823,0.6823,0.6823,0.6823,0.0,0.6753,0.6753,0.6753,0.6753,0.6753,0.6753,0.6753,0.6753,0.6753,0.6753,0.6753,0.6753,0.6753,0.6753,0.6753,0.6753,0.6753,0.6753,0.6753,0.6753,0.6753,
5.215730667114258,6768,6551,6730,6616,6700,6902,6881,6971,6984,6926,6905,7040,7016,6958,7023,6990,7138,7183,7057,7185,0,6737,6762,6791,6789,6785,6864,6962,6831,4615384,6851,6780,6976,6850,6950,6873,6843,6946,7049,7001,7064,0,6940,6807,6965,6872,7063,7005,6887,7050,6950,7053,7110,7181,7158,7157,7055,7142,7159,7216,7233,7323,0,7176,7204,7223,7279,7367,7065,7307,7337,7407,7451,7313,7348,7403,7380,7392,7481,7409,7535,7516,7541,0,6770,6872,6836,6891,6814,6901,6886,6862,7086,7014,7038,7146,7106,7129,7167,7219,7124,7108,7080,7235,0,6993,7177,7011,6948,7114,7105,7150,7188,7043,7044,7203,7221,7261,7242,7445,7351,7268,7253,7201,7375,7297,0.6673,0.6673,0.6673,0.6673,0.6673,0.6673,0.6673,0.6673,0.6673,0.6673,0.6673,0.6673,0.6673,0.6673,0.6673,0.6673,0.6673,0.6673,0.6673,0.6673,0.0,0.6753,0.6823,0.6823,0.6823,0.6823,0.6823,0.6823,0.6823,0.6823,0.6823,0.6823,0.6823,0.6823,0.6823,0.6823,0.6823,0.6823,0.6823,0.6823,0.6823,0.0,0.6753,0.6753,0.6753,0.6753,0.6753,0.6753,0.6753,0.6753,0.6753,0.6753,0.6753,0.6753,0.6753,0.6753,0.6753,0.6753,0.6753,0.6753,0.6753,0.6753,0.0,0.6789,0.6789,0.6789,0.6789,0.6789,0.6789,0.6789,0.6789,0.6789,0.6789,0.6789,0.6789,0.6789,0.6789,0.6789,0.6789,0.6789,0.6789,0.6789,0.6789,0.0,0.6753,0.6823,0.6823,0.6823,0.6823,0.6823,0.6823,0.6823,0.6823,0.6823,0.6823,0.6823,0.6823,0.6823,0.6823,0.6823,0.6823,0.6823,0.6823,0.6823,0.0,0.6753,0.6753,0.6753,0.6753,0.6753,0.6753,0.6753,0.6753,0.6753,0.6753,0.6753,0.6753,0.6753,0.6753,0.6753,0.6753,0.6753,0.6753,0.6753,0.6753,0.6753,
5.317473411560059,7303,7057,7211,7139,7190,7344,7366,7455,7473,7448,7418,7485,7532,7448,7504,7481,7575,7621,7482,7583,0,6737,6762,6791,6789,6785,6864,6962,6831,4615384,6851,6780,6976,6850,6950,6873,6843,6946,7049,7001,7064,0,6940,6807,6965,6872,7063,7005,6887,7050,6950,7053,7110,7181,7158,7157,7055,7142,7159,7216,7233,7323,0,7176,7204,7223,7279,7367,7065,7307,7337,7407,7451,7313,7348,7403,7380,7392,7481,7409,7535,7516,7541,0,7310,7471,7396,7412,7367,7462,7409,7359,7525,7467,7458,7551,7539,7554,7570,7618,7497,7519,7497,7587,0,7351,7321,7427,7337,7505,7504,7536,7566,7411,7406,7556,7553,7596,7593,7757,7675,7615,7591,7532,7655,7592,0.6823,0.6823,0.6823,0.6823,0.6823,0.6823,0.6823,0.6823,0.6823,0.6823,0.6823,0.6823,0.6823,0.6823,0.6823,0.6823,0.6823,0.6823,0.6823,0.6823,0.0,0.6753,0.6823,0.6823,0.6823,0.6823,0.6823,0.6823,0.6823,0.6823,0.6823,0.6823,0.6823,0.6823,0.6823,0.6823,0.6823,0.6823,0.6823,0.6823,0.6823,0.0,0.6753,0.6753,0.6753,0.6753,0.6753,0.6753,0.6753,0.6753,0.6753,0.6753,0.6753,0.6753,0.6753,0.6753,0.6753,0.6753,0.6753,0.6753,0.6753,0.6753,0.0,0.6789,0.6789,0.6789,0.6789,0.6789,0.6789,0.6789,0.6789,0.6789,0.6789,0.6789,0.6789,0.6789,0.6789,0.6789,0.6789,0.6789,0.6789,0.6789,0.6789,0.0,0.6823,0.6823,0.6823,0.6823,0.6823,0.6823,0.6823,0.6823,0.6823,0.6823,0.6823,0.6823,0.6823,0.6823,0.6823,0.6823,0.6823,0.6823,0.6823,0.6823,0.0,0.6823,0.6823,0.6823,0.6823,0.6823,0.6823,0.6823,0.6823,0.6823,0.6823,0.6823,0.6823,0.6823,0.6823,0.6823,0.6823,0.6823,0.6823,0.6823,0.6823,0.6823,
5.420353174209595,7303,7057,7211,7139,7190,7344,7366,7455,7473,7448,7418,7485,7532,7448,7504,7481,7575,7621,7482,7583,0,7217,7243,7271,7271,7285,7339,7447,7327,1538461,7358,7271,7506,7365,7499,7398,7341,7446,7490,7434,7509,0,7401,7297,7467,7397,7521,7477,7348,7507,7417,7515,7528,7607,7603,7575,7485,7580,7592,7569,7613,7655,0,7585,7570,7589,7658,7634,7498,7671,7680,7715,7784,7684,7689,7735,7709,7727,7745,7726,7843,7805,7823,0,7310,7471,7396,7412,7367,7462,7409,7359,7525,7467,7458,7551,7539,7554,7570,7618,7497,7519,7497,7587,0,7351,7321,7427,7337,7505,7504,7536,7566,7411,7406,7556,7553,7596,7593,7757,7675,7615,7591,7532,7655,7592,0.6823,0.6823,0.6823,0.6823,0.6823,0.6823,0.6823,0.6823,0.6823,0.6823,0.6823,0.6823,0.6823,0.6823,0.6823,0.6823,0.6823,0.6823,0.6823,0.6823,0.0,0.6853,0.6853,0.6853,0.6853,0.6853,0.6853,0.6853,0.6853,0.6853,0.6853,0.6853,0.6853,0.6853,0.6853,0.6853,0.6853,0.6853,0.6853,0.6853,0.6853,0.0,0.6853,0.6853,0.6853,0.6853,0.6853,0.6853,0.6853,0.6853,0.6853,0.6853,0.6853,0.6853,0.6853,0.6853,0.6853,0.6853,0.6853,0.6853,0.6853,0.6853,0.0,0.6881,0.6881,0.6881,0.6881,0.6881,0.6881,0.6881,0.6881,0.6881,0.6881,0.6881,0.6881,0.6881,0.6881,0.6881,0.6881,0.6881,0.6881,0.6881,0.6881,0.0,0.6823,0.6823,0.6823,0.6823,0.6823,0.6823,0.6823,0.6823,0.6823,0.6823,0.6823,0.6823,0.6823,0.6823,0.6823,0.6823,0.6823,0.6823,0.6823,0.6823,0.0,0.6823,0.6823,0.6823,0.6823,0.6823,0.6823,0.6823,0.6823,0.6823,0.6823,0.6823,0.6823,0.6823,0.6823,0.6823,0.6823,0.6823,0.6823,0.6823,0.6823,0.6823,
5.523218870162964,7685,7536,7566,7592,7604,7702,7735,7750,7762,7735,7685,7734,7784,7727,7778,7782,7802,7857,7717,7812,0,7217,7243,7271,7271,7285,7339,7447,7327,1538461,7358,7271,7506,7365,7499,7398,7341,7446,7490,7434,7509,0,7401,7297,7467,7397,7521,7477,7348,7507,7417,7515,7528,7607,7603,7575,7485,7580,7592,7569,7613,7655,0,7585,7570,7589,7658,7634,7498,7671,7680,7715,7784,7684,7689,7735,7709,7727,7745,7726,7843,7805,7823,0,7631,7777,7706,7645,7703,7761,7730,7663,7804,7757,7740,7806,7781,7801,7802,7849,7752,7790,7723,7809,0,7593,7607,7688,7604,7741,7767,7782,7810,7629,7629,7757,7741,7782,7817,7904,7902,7842,7811,7736,7833,7744,0.6881,0.6881,0.6881,0.6881,0.6881,0.6881,0.6881,0.6881,0.6881,0.6881,0.6881,0.6881,0.6881,0.6881,0.6881,0.6881,0.6881,0.6881,0.6881,0.6881,0.0,0.6853,0.6853,0.6853,0.6853,0.6853,0.6853,0.6853,0.6853,0.6853,0.6853,0.6853,0.6853,0.6853,0.6853,0.6853,0.6853,0.6853,0.6853,0.6853,0.6853,0.0,0.6853,0.6853,0.6853,0.6853,0.6853,0.6853,0.6853,0.6853,0.6853,0.6853,0.6853,0.6853,0.6853,0.6853,0.6853,0.6853,0.6853,0.6853,0.6853,0.6853,0.0,0.6881,0.6881,0.6881,0.6881,0.6881,0.6881,0.6881,0.6881,0.6881,0.6881,0.6881,0.6881,0.6881,0.6881,0.6881,0.6881,0.6881,0.6881,0.6881,0.6881,0.0,0.6906,0.6906,0.6906,0.6906,0.6906,0.6906,0.6906,0.6906,0.6906,0.6906,0.6906,0.6906,0.6906,0.6906,0.6906,0.6906,0.6906,0.6906,0.6906,0.6906,0.0,0.6906,0.6906,0.6906,0.6906,0.6906,0.6906,0.6906,0.6906,0.6906,0.6906,0.6906,0.6906,0.6906,0.6906,0.6906,0.6906,0.6906,0.6906,0.6906,0.6906,0.6906,
5.67622971534729,7685,7536,7566,7592,7604,7702,7735,7750,7762,7735,7685,7734,7784,7727,7778,7782,7802,7857,7717,7812,0,7622,7648,7643,7670,7698,7685,7725,7695,12000000,7741,7631,7864,7731,7820,7746,7681,7782,7787,7714,7794,0,7702,7625,7753,7730,7828,7774,7707,7820,7724,7800,7826,7891,7871,7839,7794,7865,7856,7790,7871,7880,0,7585,7570,7589,7658,7634,7498,7671,7680,7715,7784,7684,7689,7735,7709,7727,7745,7726,7843,7805,7823,0,7631,7777,7706,7645,7703,7761,7730,7663,7804,7757,7740,7806,7781,7801,7802,7849,7752,7790,7723,7809,0,7593,7607,7688,7604,7741,7767,7782,7810,7629,7629,7757,7741,7782,7817,7904,7902,7842,7811,7736,7833,7744,0.6881,0.6881,0.6881,0.6881,0.6881,0.6881,0.6881,0.6881,0.6881,0.6881,0.6881,0.6881,0.6881,0.6881,0.6881,0.6881,0.6881,0.6881,0.6881,0.6881,0.0,0.6928,0.6928,0.6928,0.6928,0.6928,0.6928,0.6928,0.6928,0.6928,0.6928,0.6928,0.6928,0.6928,0.6928,0.6928,0.6928,0.6928,0.6928,0.6928,0.6928,0.0,0.6928,0.6928,0.6928,0.6928,0.6928,0.6928,0.6928,0.6928,0.6928,0.6928,0.6928,0.6928,0.6928,0.6928,0.6928,0.6928,0.6928,0.6928,0.6928,0.6928,0.0,0.6881,0.6881,0.6881,0.6881,0.6881,0.6881,0.6881,0.6881,0.6881,0.6881,0.6881,0.6881,0.6881,0.6881,0.6881,0.6881,0.6881,0.6881,0.6881,0.6881,0.0,0.6906,0.6906,0.6906,0.6906,0.6906,0.6906,0.6906,0.6906,0.6906,0.6906,0.6906,0.6906,0.6906,0.6906,0.6906,0.6906,0.6906,0.6906,0.6906,0.6906,0.0,0.6906,0.6906,0.6906,0.6906,0.6906,0.6906,0.6906,0.6906,0.6906,0.6906,0.6906,0.6906,0.6906,0.6906,0.6906,0.6906,0.6906,0.6906,0.6906,0.6906,0.6906,
5.779038190841675,7877,7821,7773,7864,7833,7849,7886,7892,7929,7891,7821,7881,7905,7855,7902,7955,7884,7957,7845,7936,0,7622,7648,7643,7670,7698,7685,7725,7695,12000000,7741,7631,7864,7731,7820,7746,7681,7782,7787,7714,7794,0,7702,7625,7753,7730,7828,7774,7707,7820,7724,7800,7826,7891,7871,7839,7794,7865,7856,7790,7871,7880,0,7803,7811,7825,7914,7832,7810,7882,7876,7875,7913,7888,7848,7880,7937,7889,7884,7897,7970,7934,7966,0,7631,7777,7706,7645,7703,7761,7730,7663,7804,7757,7740,7806,7781,7801,7802,7849,7752,7790,7723,7809,0,7723,7810,7848,7797,7858,7919,7917,7938,7774,7756,7883,7848,7872,7926,7989,8042,7931,7938,7864,7976,7829,0.6947,0.6947,0.6947,0.6947,0.6947,0.6947,0.6947,0.6947,0.6947,0.6947,0.6947,0.6947,0.6947,0.6947,0.6947,0.6947,0.6947,0.6947,0.6947,0.6947,0.0,0.6928,0.6928,0.6928,0.6928,0.6928,0.6928,0.6928,0.6928,0.6928,0.6928,0.6928,0.6928,0.6928,0.6928,0.6928,0.6928,0.6928,0.6928,0.6928,0.6928,0.0,0.6928,0.6928,0.6928,0.6928,0.6928,0.6928,0.6928,0.6928,0.6928,0.6928,0.6928,0.6928,0.6928,0.6928,0.6928,0.6928,0.6928,0.6928,0.6928,0.6928,0.0,0.6928,0.6963,0.6963,0.6963,0.6963,0.6963,0.6963,0.6963,0.6963,0.6963,0.6963,0.6963,0.6963,0.6963,0.6963,0.6963,0.6963,0.6963,0.6963,0.6963,0.0,0.6906,0.6906,0.6906,0.6906,0.6906,0.6906,0.6906,0.6906,0.6906,0.6906,0.6906,0.6906,0.6906,0.6906,0.6906,0.6906,0.6906,0.6906,0.6906,0.6906,0.0,0.6947,0.6947,0.6947,0.6947,0.6947,0.6947,0.6947,0.6947,0.6947,0.6947,0.6947,0.6947,0.6947,0.6947,0.6947,0.6947,0.6947,0.6947,0.6947,0.6947,0.6947,
5.8818254470825195,7877,7821,7773,7864,7833,7849,7886,7892,7929,7891,7821,7881,7905,7855,7902,7955,7884,7957,7845,7936,0,7869,7871,7902,7874,7931,7904,7879,7909,7834,7958,7867,8045,7940,8025,7975,7929,7992,7957,7844,7975,0,7898,7848,7940,7934,7985,7926,7909,7967,7875,7941,7981,7988,7974,7979,7978,7995,7982,7921,8011,7992,0,7803,7811,7825,7914,7832,7810,7882,7876,7875,7913,7888,7848,7880,7937,7889,7884,7897,7970,7934,7966,0,7826,7923,7883,7797,7889,7932,7935,7830,7954,7888,7890,7939,7903,7938,7921,7982,7903,7937,7846,7915,0,7723,7810,7848,7797,7858,7919,7917,7938,7774,7756,7883,7848,7872,7926,7989,8042,7931,7938,7864,7976,7829,0.6947,0.6947,0.6947,0.6947,0.6947,0.6947,0.6947,0.6947,0.6947,0.6947,0.6947,0.6947,0.6947,0.6947,0.6947,0.6947,0.6947,0.6947,0.6947,0.6947,0.0,0.6976,0.6976,0.6976,0.6976,0.6976,0.6976,0.6976,0.6976,0.6976,0.6976,0.6976,0.6976,0.6976,0.6976,0.6976,0.6976,0.6976,0.6976,0.6976,0.6976,0.0,0.6963,0.6963,0.6963,0.6963,0.6963,0.6963,0.6963,0.6963,0.6963,0.6963,0.6963,0.6963,0.6963,0.6963,0.6963,0.6963,0.6963,0.6963,0.6963,0.6963,0.0,0.6928,0.6963,0.6963,0.6963,0.6963,0.6963,0.6963,0.6963,0.6963,0.6963,0.6963,0.6963,0.6963,0.6963,0.6963,0.6963,0.6963,0.6963,0.6963,0.6963,0.0,0.6947,0.6947,0.6947,0.6947,0.6947,0.6947,0.6947,0.6947,0.6947,0.6947,0.6947,0.6947,0.6947,0.6947,0.6947,0.6947,0.6947,0.6947,0.6947,0.6947,0.0,0.6947,0.6947,0.6947,0.6947,0.6947,0.6947,0.6947,0.6947,0.6947,0.6947,0.6947,0.6947,0.6947,0.6947,0.6947,0.6947,0.6947,0.6947,0.6947,0.6947,0.6947,
6.034765243530273,7959,7933,7860,7970,7944,7930,7969,7981,8018,7979,7905,7972,7972,7957,7986,8039,7961,7998,7935,7993,0,7869,7871,7902,7874,7931,7904,7879,7909,7834,7958,7867,8045,7940,8025,7975,7929,7992,7957,7844,7975,0,7898,7848,7940,7934,7985,7926,7909,7967,7875,7941,7981,7988,7974,7979,7978,7995,7982,7921,8011,7992,0,7907,7943,7955,8023,7948,7997,8005,7972,7979,7984,8024,7959,7972,8043,7972,7966,7982,8037,8016,8019,0,7941,8020,7979,7886,7981,8019,8037,7910,8023,7970,7949,8006,7991,8009,8018,8028,8016,8007,7920,7974,0,7804,7903,7938,7882,7940,8005,7989,8011,7835,7828,7960,7940,7926,7985,8064,8040,8000,8009,8000,8054,7881,0.6976,0.6976,0.6976,0.6976,0.6976,0.6976,0.6976,0.6976,0.6976,0.6976,0.6976,0.6976,0.6976,0.6976,0.6976,0.6976,0.6976,0.6976,0.6976,0.6976,0.0,0.6976,0.6976,0.6976,0.6976,0.6976,0.6976,0.6976,0.6976,0.6976,0.6976,0.6976,0.6976,0.6976,0.6976,0.6976,0.6976,0.6976,0.6976,0.6976,0.6976,0.0,0.6963,0.6963,0.6963,0.6963,0.6963,0.6963,0.6963,0.6963,0.6963,0.6963,0.6963,0.6963,0.6963,0.6963,0.6963,0.6963,0.6963,0.6963,0.6963,0.6963,0.0,0.6976,0.6994,0.6994,0.6994,0.6994,0.6994,0.6994,0.6994,0.6994,0.6994,0.6994,0.6994,0.6994,0.6994,0.6994,0.6994,0.6994,0.6994,0.6994,0.6994,0.0,0.6987,0.6987,0.6987,0.6987,0.6987,0.6987,0.6987,0.6987,0.6987,0.6987,0.6987,0.6987,0.6987,0.6987,0.6987,0.6987,0.6987,0.6987,0.6987,0.6987,0.0,0.6987,0.6987,0.6987,0.6987,0.6987,0.6987,0.6987,0.6987,0.6987,0.6987,0.6987,0.6987,0.6987,0.6987,0.6987,0.6987,0.6987,0.6987,0.6987,0.6987,0.6987,
6.1375792026519775,7959,7933,7860,7970,7944,7930,7969,7981,8018,7979,7905,7972,7972,7957,7986,8039,7961,7998,7935,7993,0,7869,7871,7902,7874,7931,7904,7879,7909,7834,7958,7867,8045,7940,8025,7975,7929,7992,7957,7844,7975,0,8009,7956,8036,7994,8058,8001,8051,8032,7961,7990,8058,8004,8003,8053,8050,8056,8050,7990,8071,8041,0,7907,7943,7955,8023,7948,7997,8005,7972,7979,7984,8024,7959,7972,8043,7972,7966,7982,8037,8016,8019,0,7941,8020,7979,7886,7981,8019,8037,7910,8023,7970,7949,8006,7991,8009,8018,8028,8016,8007,7920,7974,0,7804,7903,7938,7882,7940,8005,7989,8011,7835,7828,7960,7940,7926,7985,8064,8040,8000,8009,8000,8054,7881,0.6976,0.6976,0.6976,0.6976,0.6976,0.6976,0.6976,0.6976,0.6976,0.6976,0.6976,0.6976,0.6976,0.6976,0.6976,0.6976,0.6976,0.6976,0.6976,0.6976,0.0,0.6976,0.6976,0.6976,0.6976,0.6976,0.6976,0.6976,0.6976,0.6976,0.6976,0.6976,0.6976,0.6976,0.6976,0.6976,0.6976,0.6976,0.6976,0.6976,0.6976,0.0,0.6994,0.7,0.7,0.7,0.7,0.7,0.7,0.7,0.7,0.7,0.7,0.7,0.7,0.7,0.7,0.7,0.7,0.7,0.7,0.7,0.0,0.6976,0.6994,0.6994,0.6994,0.6994,0.6994,0.6994,0.6994,0.6994,0.6994,0.6994,0.6994,0.6994,0.6994,0.6994,0.6994,0.6994,0.6994,0.6994,0.6994,0.0,0.6987,0.6987,0.6987,0.6987,0.6987,0.6987,0.6987,0.6987,0.6987,0.6987,0.6987,0.6987,0.6987,0.6987,0.6987,0.6987,0.6987,0.6987,0.6987,0.6987,0.0,0.6987,0.6987,0.6987,0.6987,0.6987,0.6987,0.6987,0.6987,0.6987,0.6987,0.6987,0.6987,0.6987,0.6987,0.6987,0.6987,0.6987,0.6987,0.6987,0.6987,0.6987,
6.2404022216796875,8010,8001,7919,8019,7982,7975,7994,8012,8033,8025,7995,8006,7989,8003,8014,8075,8020,8013,7989,8017,0,8022,8018,8056,8055,8068,8019,8014,8022,8108,8053,7985,8115,8037,8073,8058,8031,8076,8043,7939,8054,0,8009,7956,8036,7994,8058,8001,8051,8032,7961,7990,8058,8004,8003,8053,8050,8056,8050,7990,8071,8041,0,7954,8008,7987,8051,8022,8071,8025,8001,8008,8002,8074,7998,7996,8094,7997,7988,8013,8048,8025,8046,0,7941,8020,7979,7886,7981,8019,8037,7910,8023,7970,7949,8006,7991,8009,8018,8028,8016,8007,7920,7974,0,7863,7975,7998,7970,8000,8035,8021,8033,7891,7847,8024,8014,8002,8010,8054,8035,8055,8045,8046,8013,7937,0.6999,0.6999,0.6999,0.6999,0.6999,0.6999,0.6999,0.6999,0.6999,0.6999,0.6999,0.6999,0.6999,0.6999,0.6999,0.6999,0.6999,0.6999,0.6999,0.6999,0.0,0.6994,0.7,0.7,0.7,0.7,0.7,0.7,0.7,0.7,0.7,0.7,0.7,0.7,0.7,0.7,0.7,0.7,0.7,0.7,0.7,0.0,0.6994,0.7,0.7,0.7,0.7,0.7,0.7,0.7,0.7,0.7,0.7,0.7,0.7,0.7,0.7,0.7,0.7,0.7,0.7,0.7,0.0,0.6999,0.6999,0.6999,0.6999,0.6999,0.6999,0.6999,0.6999,0.6999,0.6999,0.6999,0.6999,0.6999,0.6999,0.6999,0.6999,0.6999,0.6999,0.6999,0.6999,0.0,0.6987,0.6987,0.6987,0.6987,0.6987,0.6987,0.6987,0.6987,0.6987,0.6987,0.6987,0.6987,0.6987,0.6987,0.6987,0.6987,0.6987,0.6987,0.6987,0.6987,0.0,0.6999,0.6999,0.6999,0.6999,0.6999,0.6999,0.6999,0.6999,0.6999,0.6999,0.6999,0.6999,0.6999,0.6999,0.6999,0.6999,0.6999,0.6999,0.6999,0.6999,0.6999,
6.443420171737671,8010,8001,7919,8019,7982,7975,7994,8012,8033,8025,7995,8006,7989,8003,8014,8075,8020,8013,7989,8017,0,8022,8018,8056,8055,8068,8019,8014,8022,8108,8053,7985,8115,8037,8073,8058,8031,8076,8043,7939,8054,0,8009,7956,8036,7994,8058,8001,8051,8032,7961,7990,8058,8004,8003,8053,8050,8056,8050,7990,8071,8041,0,7954,8008,7987,8051,8022,8071,8025,8001,8008,8002,8074,7998,7996,8094,7997,7988,8013,8048,8025,8046,0,8011,8056,8032,7977,8016,8031,8075,8001,8052,7982,7975,8025,8033,8033,8047,8051,8055,8031,8012,7993,0,7890,8002,8012,7992,8019,8045,8039,8046,7966,7872,8054,8046,8056,8023,8052,8023,8081,8072,8069,7993,7996,0.6999,0.6999,0.6999,0.6999,0.6999,0.6999,0.6999,0.6999,0.6999,0.6999,0.6999,0.6999,0.6999,0.6999,0.6999,0.6999,0.6999,0.6999,0.6999,0.6999,0.0,0.6994,0.7,0.7,0.7,0.7,0.7,0.7,0.7,0.7,0.7,0.7,0.7,0.7,0.7,0.7,0.7,0.7,0.7,0.7,0.7,0.0,0.6994,0.7,0.7,0.7,0.7,0.7,0.7,0.7,0.7,0.7,0.7,0.7,0.7,0.7,0.7,0.7,0.7,0.7,0.7,0.7,0.0,0.6999,0.6999,0.6999,0.6999,0.6999,0.6999,0.6999,0.6999,0.6999,0.6999,0.6999,0.6999,0.6999,0.6999,0.6999,0.6999,0.6999,0.6999,0.6999,0.6999,0.0,0.6999,0.6999,0.6999,0.6999,0.6999,0.6999,0.6999,0.6999,0.6999,0.6999,0.6999,0.6999,0.6999,0.6999,0.6999,0.6999,0.6999,0.6999,0.6999,0.6999,0.0,0.6999,0.6999,0.6999,0.6999,0.6999,0.6999,0.6999,0.6999,0.6999,0.6999,0.6999,0.6999,0.6999,0.6999,0.6999,0.6999,0.6999,0.6999,0.6999,0.6999,0.6999,
6.545056343078613,8028,8019,7949,8032,7988,7992,8010,8011,8037,8031,8026,8021,8012,8013,8022,8124,8027,8025,7994,7989,0,8073,8065,8104,8131,8107,8058,8065,8060,1538461,8086,8033,8131,8088,8114,8078,8052,8107,8053,8020,8092,0,8049,8041,8062,8031,8077,8025,8128,8045,8001,8016,8078,8026,8013,8069,8075,8067,8071,8012,8085,8048,0,7976,8022,7998,8068,8034,8092,8042,8006,8026,8010,8091,8018,8002,8110,8005,7996,8014,8058,8025,8041,0,8011,8056,8032,7977,8016,8031,8075,8001,8052,7982,7975,8025,8033,8033,8047,8051,8055,8031,8012,7993,0,7890,8002,8012,7992,8019,8045,8039,8046,7966,7872,8054,8046,8056,8023,8052,8023,8081,8072,8069,7993,7996,0.6999,0.6999,0.6999,0.6999,0.6999,0.6999,0.6999,0.6999,0.6999,0.6999,0.6999,0.6999,0.6999,0.6999,0.6999,0.6999,0.6999,0.6999,0.6999,0.6999,0.0,0.6999,0.6999,0.6999,0.6999,0.6999,0.6999,0.6999,0.6999,0.6999,0.6999,0.6999,0.6999,0.6999,0.6999,0.6999,0.6999,0.6999,0.6999,0.6999,0.6999,0.0,0.7,0.7,0.7,0.7,0.7,0.7,0.7,0.7,0.7,0.7,0.7,0.7,0.7,0.7,0.7,0.7,0.7,0.7,0.7,0.7,0.0,0.6999,0.6999,0.6999,0.6999,0.6999,0.6999,0.6999,0.6999,0.6999,0.6999,0.6999,0.6999,0.6999,0.6999,0.6999,0.6999,0.6999,0.6999,0.6999,0.6999,0.0,0.6999,0.6999,0.6999,0.6999,0.6999,0.6999,0.6999,0.6999,0.6999,0.6999,0.6999,0.6999,0.6999,0.6999,0.6999,0.6999,0.6999,0.6999,0.6999,0.6999,0.0,0.6999,0.6999,0.6999,0.6999,0.6999,0.6999,0.6999,0.6999,0.6999,0.6999,0.6999,0.6999,0.6999,0.6999,0.6999,0.6999,0.6999,0.6999,0.6999,0.6999,0.6999,
6.697132110595703,8028,8019,7949,8032,7988,7992,8010,8011,8037,8031,8026,8021,8012,8013,8022,8124,8027,8025,7994,7989,0,8090,8060,8130,8175,8093,8109,8080,8069,27014,8166,8053,8157,8112,8156,8082,8080,8116,8063,8032,8107,0,8063,8060,8071,8043,8076,8017,8133,8050,8006,8033,8096,8036,8013,8073,8089,8074,8079,8020,8090,8058,0,7976,8022,7998,8068,8034,8092,8042,8006,8026,8010,8091,8018,8002,8110,8005,7996,8014,8058,8025,8041,0,8032,8061,8045,8034,8029,8034,8087,8026,8060,7984,7985,8026,8049,8043,8074,8058,8074,8036,8045,7994,0,7916,53144,8020,8005,8024,8063,8039,8048,8001,7883,8066,8067,8056,8026,8073,8051,8084,8071,8023,7995,8016,0.6999,0.6999,0.6999,0.6999,0.6999,0.6999,0.6999,0.6999,0.6999,0.6999,0.6999,0.6999,0.6999,0.6999,0.6999,0.6999,0.6999,0.6999,0.6999,0.6999,0.0,0.6987,0.6987,0.6987,0.6987,0.6987,0.6987,0.6987,0.6987,0.6987,0.6987,0.6987,0.6987,0.6987,0.6987,0.6987,0.6987,0.6987,0.6987,0.6987,0.6987,0.0,0.6976,0.6976,0.6976,0.6976,0.6976,0.6976,0.6976,0.6976,0.6976,0.6976,0.6976,0.6976,0.6976,0.6976,0.6976,0.6976,0.6976,0.6976,0.6976,0.6976,0.0,0.6999,0.6999,0.6999,0.6999,0.6999,0.6999,0.6999,0.6999,0.6999,0.6999,0.6999,0.6999,0.6999,0.6999,0.6999,0.6999,0.6999,0.6999,0.6999,0.6999,0.0,0.6994,0.6994,0.6994,0.6994,0.6994,0.6994,0.6994,0.6994,0.6994,0.6994,0.6994,0.6994,0.6994,0.6994,0.6994,0.6994,0.6994,0.6994,0.6994,0.6994,0.0,0.6987,0.6987,0.6987,0.6987,0.6987,0.6987,0.6987,0.6987,0.6987,0.6987,0.6987,0.6987,0.6987,0.6987,0.6987,0.6987,0.6987,0.6987,0.6987,0.6987,0.6987,
6.798730134963989,8037,8039,7958,8039,8002,7993,8016,8010,8050,8037,8047,8020,7992,8037,8027,8149,8029,8039,8001,7971,0,8090,8060,8130,8175,8093,8109,8080,8069,27014,8166,8053,8157,8112,8156,8082,8080,8116,8063,8032,8107,0,8063,8060,8071,8043,8076,8017,8133,8050,8006,8033,8096,8036,8013,8073,8089,8074,8079,8020,8090,8058,0,7972,8038,7995,8068,8048,8099,8034,8021,8031,8010,8103,8019,8010,8123,8001,8001,8017,8060,8023,8064,0,8042,8064,8049,8055,8032,8045,8089,8034,8065,7984,7975,8053,8058,8046,8066,8067,8066,8042,8054,8007,0,7951,9514,8026,8017,8031,8077,8040,8055,8005,7952,8077,8059,8054,8033,8072,8116,8085,8032,7995,8049,8025,0.6976,0.6976,0.6976,0.6976,0.6976,0.6976,0.6976,0.6976,0.6976,0.6976,0.6976,0.6976,0.6976,0.6976,0.6976,0.6976,0.6976,0.6976,0.6976,0.6976,0.0,0.6987,0.6987,0.6987,0.6987,0.6987,0.6987,0.6987,0.6987,0.6987,0.6987,0.6987,0.6987,0.6987,0.6987,0.6987,0.6987,0.6987,0.6987,0.6987,0.6987,0.0,0.6976,0.6976,0.6976,0.6976,0.6976,0.6976,0.6976,0.6976,0.6976,0.6976,0.6976,0.6976,0.6976,0.6976,0.6976,0.6976,0.6976,0.6976,0.6976,0.6976,0.0,0.6976,0.6976,0.6976,0.6976,0.6976,0.6976,0.6976,0.6976,0.6976,0.6976,0.6976,0.6976,0.6976,0.6976,0.6976,0.6976,0.6976,0.6976,0.6976,0.6976,0.0,0.6963,0.6963,0.6963,0.6963,0.6963,0.6963,0.6963,0.6963,0.6963,0.6963,0.6963,0.6963,0.6963,0.6963,0.6963,0.6963,0.6963,0.6963,0.6963,0.6963,0.0,0.6963,0.6963,0.6963,0.6963,0.6963,0.6963,0.6963,0.6963,0.6963,0.6963,0.6963,0.6963,0.6963,0.6963,0.6963,0.6963,0.6963,0.6963,0.6963,0.6963,0.6963,
6.950635671615601,8037,8039,7958,8039,8002,7993,8016,8010,8050,8037,8047,8020,7992,8037,8027,8149,8029,8039,8001,7971,0,8090,8060,8130,8175,8093,8109,8080,8069,27014,8166,8053,8157,8112,8156,8082,8080,8116,8063,8032,8107,0,8063,8060,8071,8043,8076,8017,8133,8050,8006,8033,8096,8036,8013,8073,8089,8074,8079,8020,8090,8058,0,7972,8038,7995,8068,8048,8099,8034,8021,8031,8010,8103,8019,8010,8123,8001,8001,8017,8060,8023,8064,0,8042,8064,8049,8055,8032,8045,8089,8034,8065,7984,7975,8053,8058,8046,8066,8067,8066,8042,8054,8007,0,7951,9514,8026,8017,8031,8077,8040,8055,8005,7952,8077,8059,8054,8033,8072,8116,8085,8032,7995,8049,8025,0.6976,0.6976,0.6976,0.6976,0.6976,0.6976,0.6976,0.6976,0.6976,0.6976,0.6976,0.6976,0.6976,0.6976,0.6976,0.6976,0.6976,0.6976,0.6976,0.6976,0.0,0.6987,0.6987,0.6987,0.6987,0.6987,0.6987,0.6987,0.6987,0.6987,0.6987,0.6987,0.6987,0.6987,0.6987,0.6987,0.6987,0.6987,0.6987,0.6987,0.6987,0.0,0.6976,0.6976,0.6976,0.6976,0.6976,0.6976,0.6976,0.6976,0.6976,0.6976,0.6976,0.6976,0.6976,0.6976,0.6976,0.6976,0.6976,0.6976,0.6976,0.6976,0.0,0.6976,0.6976,0.6976,0.6976,0.6976,0.6976,0.6976,0.6976,0.6976,0.6976,0.6976,0.6976,0.6976,0.6976,0.6976,0.6976,0.6976,0.6976,0.6976,0.6976,0.0,0.6963,0.6963,0.6963,0.6963,0.6963,0.6963,0.6963,0.6963,0.6963,0.6963,0.6963,0.6963,0.6963,0.6963,0.6963,0.6963,0.6963,0.6963,0.6963,0.6963,0.0,0.6963,0.6963,0.6963,0.6963,0.6963,0.6963,0.6963,0.6963,0.6963,0.6963,0.6963,0.6963,0.6963,0.6963,0.6963,0.6963,0.6963,0.6963,0.6963,0.6963,0.6963,
7.102664947509766,8039,8036,7963,8042,7992,7989,8018,8022,8047,8049,8051,8024,8002,8038,8026,8193,8029,8012,8031,8047,0,8097,8075,8137,8172,8114,8127,8084,8079,26548,8202,8067,8190,8134,8175,8101,8092,8133,8064,8036,8112,0,8072,8066,8072,8043,8076,8016,8133,8052,8019,8038,8089,8029,8010,8074,8078,8088,8088,8022,8097,8056,0,7986,8041,8000,8065,8053,8103,8051,8025,8027,8007,8103,8024,8019,8127,8006,8006,8016,8058,8028,8069,0,8040,8074,8050,8054,8031,8042,8096,8031,8068,7985,7984,8049,8059,8047,8067,8069,8071,8042,8050,8017,0,7997,9632,8028,8013,8022,8068,8039,8056,8014,7988,8075,8041,8047,8028,8081,8090,8001,8048,8042,8063,8026,0.6928,0.6928,0.6928,0.6928,0.6928,0.6928,0.6928,0.6928,0.6928,0.6928,0.6928,0.6928,0.6928,0.6928,0.6928,0.6928,0.6928,0.6928,0.6928,0.6928,0.0,0.6963,0.6963,0.6963,0.6963,0.6963,0.6963,0.6963,0.6963,0.6963,0.6963,0.6963,0.6963,0.6963,0.6963,0.6963,0.6963,0.6963,0.6963,0.6963,0.6963,0.0,0.6947,0.6947,0.6947,0.6947,0.6947,0.6947,0.6947,0.6947,0.6947,0.6947,0.6947,0.6947,0.6947,0.6947,0.6947,0.6947,0.6947,0.6947,0.6947,0.6947,0.0,0.6947,0.6947,0.6947,0.6947,0.6947,0.6947,0.6947,0.6947,0.6947,0.6947,0.6947,0.6947,0.6947,0.6947,0.6947,0.6947,0.6947,0.6947,0.6947,0.6947,0.0,0.6928,0.6928,0.6928,0.6928,0.6928,0.6928,0.6928,0.6928,0.6928,0.6928,0.6928,0.6928,0.6928,0.6928,0.6928,0.6928,0.6928,0.6928,0.6928,0.6928,0.0,0.6928,0.6928,0.6928,0.6928,0.6928,0.6928,0.6928,0.6928,0.6928,0.6928,0.6928,0.6928,0.6928,0.6928,0.6928,0.6928,0.6928,0.6928,0.6928,0.6928,0.6928,
7.25439190864563,8038,8039,7961,8043,7988,7995,8020,8018,8034,8049,8062,8024,7994,8046,8026,8191,8032,8011,8036,8027,0,8096,8088,8130,8147,8119,8113,8093,8081,1621621,8172,8065,8206,8138,8182,8110,8103,8109,8075,8036,8110,0,8078,8076,8073,8033,8076,8038,8096,8051,8023,8042,8092,8021,8011,8064,8062,8091,8091,8028,8104,8051,0,7986,8041,8000,8065,8053,8103,8051,8025,8027,8007,8103,8024,8019,8127,8006,8006,8016,8058,8028,8069,0,8040,8074,8050,8054,8031,8042,8096,8031,8068,7985,7984,8049,8059,8047,8067,8069,8071,8042,8050,8017,0,8032,8016,8023,8005,8013,8055,8046,8062,8033,8008,8068,8050,8045,8023,8058,8040,8034,8078,8062,8021,8037,0.6881,0.6881,0.6881,0.6881,0.6881,0.6881,0.6881,0.6881,0.6881,0.6881,0.6881,0.6881,0.6881,0.6881,0.6881,0.6881,0.6881,0.6881,0.6881,0.6881,0.0,0.6881,0.6881,0.6881,0.6881,0.6881,0.6881,0.6881,0.6881,0.6881,0.6881,0.6881,0.6881,0.6881,0.6881,0.6881,0.6881,0.6881,0.6881,0.6881,0.6881,0.0,0.6881,0.6881,0.6881,0.6881,0.6881,0.6881,0.6881,0.6881,0.6881,0.6881,0.6881,0.6881,0.6881,0.6881,0.6881,0.6881,0.6881,0.6881,0.6881,0.6881,0.0,0.6947,0.6947,0.6947,0.6947,0.6947,0.6947,0.6947,0.6947,0.6947,0.6947,0.6947,0.6947,0.6947,0.6947,0.6947,0.6947,0.6947,0.6947,0.6947,0.6947,0.0,0.6928,0.6928,0.6928,0.6928,0.6928,0.6928,0.6928,0.6928,0.6928,0.6928,0.6928,0.6928,0.6928,0.6928,0.6928,0.6928,0.6928,0.6928,0.6928,0.6928,0.0,0.6881,0.6881,0.6881,0.6881,0.6881,0.6881,0.6881,0.6881,0.6881,0.6881,0.6881,0.6881,0.6881,0.6881,0.6881,0.6881,0.6881,0.6881,0.6881,0.6881,0.6881,
7.406302213668823,8038,8039,7961,8043,7988,7995,8020,8018,8034,8049,8062,8024,7994,8046,8026,8191,8032,8011,8036,8027,0,8096,8088,8130,8147,8119,8113,8093,8081,1621621,8172,8065,8206,8138,8182,8110,8103,8109,8075,8036,8110,0,8078,8076,8073,8033,8076,8038,8096,8051,8023,8042,8092,8021,8011,8064,8062,8091,8091,8028,8104,8051,0,7981,8042,8011,8060,8064,8096,8047,8013,8026,8009,8109,8022,8037,8110,8000,8007,8008,8055,8026,8060,0,8063,8078,8051,8037,8033,8042,8108,8017,8071,7982,7994,8043,8063,8045,8061,8068,8099,8038,8042,8017,0,8032,8016,8023,8005,8013,8055,8046,8062,8033,8008,8068,8050,8045,8023,8058,8040,8034,8078,8062,8021,8037,0.6881,0.6881,0.6881,0.6881,0.6881,0.6881,0.6881,0.6881,0.6881,0.6881,0.6881,0.6881,0.6881,0.6881,0.6881,0.6881,0.6881,0.6881,0.6881,0.6881,0.0,0.6881,0.6881,0.6881,0.6881,0.6881,0.6881,0.6881,0.6881,0.6881,0.6881,0.6881,0.6881,0.6881,0.6881,0.6881,0.6881,0.6881,0.6881,0.6881,0.6881,0.0,0.6881,0.6881,0.6881,0.6881,0.6881,0.6881,0.6881,0.6881,0.6881,0.6881,0.6881,0.6881,0.6881,0.6881,0.6881,0.6881,0.6881,0.6881,0.6881,0.6881,0.0,0.6853,0.6853,0.6853,0.6853,0.6853,0.6853,0.6853,0.6853,0.6853,0.6853,0.6853,0.6853,0.6853,0.6853,0.6853,0.6853,0.6853,0.6853,0.6853,0.6853,0.0,0.6853,0.6853,0.6853,0.6853,0.6853,0.6853,0.6853,0.6853,0.6853,0.6853,0.6853,0.6853,0.6853,0.6853,0.6853,0.6853,0.6853,0.6853,0.6853,0.6853,0.0,0.6881,0.6881,0.6881,0.6881,0.6881,0.6881,0.6881,0.6881,0.6881,0.6881,0.6881,0.6881,0.6881,0.6881,0.6881,0.6881,0.6881,0.6881,0.6881,0.6881,0.6881,
7.5081517696380615,8038,8039,7961,8043,7988,7995,8020,8018,8034,8049,8062,8024,7994,8046,8026,8191,8032,8011,8036,8027,0,8088,8098,8114,8112,8131,8088,8088,8067,1621621,8137,8052,8188,8134,8185,8107,8096,8069,8054,8047,8091,0,8072,8067,8065,8029,8068,8033,8073,8048,8002,8039,8067,8011,8022,8061,8053,8075,8073,8011,8090,8055,0,7981,8042,8011,8060,8064,8096,8047,8013,8026,8009,8109,8022,8037,8110,8000,8007,8008,8055,8026,8060,0,8063,8078,8051,8037,8033,8042,8108,8017,8071,7982,7994,8043,8063,8045,8061,8068,8099,8038,8042,8017,0,8050,8019,8020,8002,8025,8056,8041,8053,8028,8005,8058,8035,8071,8038,8045,8045,8064,8049,8025,8024,8038,0.6881,0.6881,0.6881,0.6881,0.6881,0.6881,0.6881,0.6881,0.6881,0.6881,0.6881,0.6881,0.6881,0.6881,0.6881,0.6881,0.6881,0.6881,0.6881,0.6881,0.0,0.6853,0.6753,0.6753,0.6753,0.6753,0.6753,0.6753,0.6753,0.6753,0.6753,0.6753,0.6753,0.6753,0.6753,0.6753,0.6753,0.6753,0.6753,0.6753,0.6753,0.0,0.6823,0.6753,0.6753,0.6753,0.6753,0.6753,0.6753,0.6753,0.6753,0.6753,0.6753,0.6753,0.6753,0.6753,0.6753,0.6753,0.6753,0.6753,0.6753,0.6753,0.0,0.6853,0.6853,0.6853,0.6853,0.6853,0.6853,0.6853,0.6853,0.6853,0.6853,0.6853,0.6853,0.6853,0.6853,0.6853,0.6853,0.6853,0.6853,0.6853,0.6853,0.0,0.6853,0.6853,0.6853,0.6853,0.6853,0.6853,0.6853,0.6853,0.6853,0.6853,0.6853,0.6853,0.6853,0.6853,0.6853,0.6853,0.6853,0.6853,0.6853,0.6853,0.0,0.6823,0.6823,0.6823,0.6823,0.6823,0.6823,0.6823,0.6823,0.6823,0.6823,0.6823,0.6823,0.6823,0.6823,0.6823,0.6823,0.6823,0.6823,0.6823,0.6823,0.6823,
7.659822940826416,8035,8028,7963,8028,7979,7994,8009,8035,8037,8047,8049,8028,8002,8038,8023,8177,8026,8016,8022,7978,0,8088,8098,8114,8112,8131,8088,8088,8067,1621621,8137,8052,8188,8134,8185,8107,8096,8069,8054,8047,8091,0,8072,8067,8065,8029,8068,8033,8073,8048,8002,8039,8067,8011,8022,8061,8053,8075,8073,8011,8090,8055,0,7981,8042,8011,8060,8064,8096,8047,8013,8026,8009,8109,8022,8037,8110,8000,8007,8008,8055,8026,8060,0,8045,8072,8035,8053,8022,8025,8076,8028,8064,7974,7991,8036,8042,8009,8037,8046,8065,8002,8043,7984,0,8050,8019,8020,8002,8025,8056,8041,8053,8028,8005,8058,8035,8071,8038,8045,8045,8064,8049,8025,8024,8038,0.6823,0.6823,0.6823,0.6823,0.6823,0.6823,0.6823,0.6823,0.6823,0.6823,0.6823,0.6823,0.6823,0.6823,0.6823,0.6823,0.6823,0.6823,0.6823,0.6823,0.0,0.6853,0.6753,0.6753,0.6753,0.6753,0.6753,0.6753,0.6753,0.6753,0.6753,0.6753,0.6753,0.6753,0.6753,0.6753,0.6753,0.6753,0.6753,0.6753,0.6753,0.0,0.6823,0.6753,0.6753,0.6753,0.6753,0.6753,0.6753,0.6753,0.6753,0.6753,0.6753,0.6753,0.6753,0.6753,0.6753,0.6753,0.6753,0.6753,0.6753,0.6753,0.0,0.6853,0.6853,0.6853,0.6853,0.6853,0.6853,0.6853,0.6853,0.6853,0.6853,0.6853,0.6853,0.6853,0.6853,0.6853,0.6853,0.6853,0.6853,0.6853,0.6853,0.0,0.6753,0.6753,0.6753,0.6753,0.6753,0.6753,0.6753,0.6753,0.6753,0.6753,0.6753,0.6753,0.6753,0.6753,0.6753,0.6753,0.6753,0.6753,0.6753,0.6753,0.0,0.6823,0.6823,0.6823,0.6823,0.6823,0.6823,0.6823,0.6823,0.6823,0.6823,0.6823,0.6823,0.6823,0.6823,0.6823,0.6823,0.6823,0.6823,0.6823,0.6823,0.6823,
7.761614084243774,8035,8028,7963,8028,7979,7994,8009,8035,8037,8047,8049,8028,8002,8038,8023,8177,8026,8016,8022,7978,0,8053,8081,8087,8060,8114,8019,8068,8032,16987,8157,8029,8172,8120,8183,8092,8062,8047,8020,8048,8056,0,8046,8058,8037,8028,8075,8016,8011,8038,7941,8024,8036,8014,7993,8023,8028,8047,8047,7978,8049,8039,0,7985,8026,7997,8071,8047,8092,8036,7989,8008,8002,8096,8017,8031,8087,7988,7994,7994,8042,8008,8046,0,8045,8072,8035,8053,8022,8025,8076,8028,8064,7974,7991,8036,8042,8009,8037,8046,8065,8002,8043,7984,0,8040,8011,8009,7996,8022,8045,8029,8029,8016,7988,8049,8020,8069,8004,8062,8005,8039,8026,7947,8039,8024,0.6823,0.6823,0.6823,0.6823,0.6823,0.6823,0.6823,0.6823,0.6823,0.6823,0.6823,0.6823,0.6823,0.6823,0.6823,0.6823,0.6823,0.6823,0.6823,0.6823,0.0,0.6753,0.6753,0.6753,0.6753,0.6753,0.6753,0.6753,0.6753,0.6753,0.6753,0.6753,0.6753,0.6753,0.6753,0.6753,0.6753,0.6753,0.6753,0.6753,0.6753,0.0,0.6753,0.6673,0.6673,0.6673,0.6673,0.6673,0.6673,0.6673,0.6673,0.6673,0.6673,0.6673,0.6673,0.6673,0.6673,0.6673,0.6673,0.6673,0.6673,0.6673,0.0,0.6823,0.6823,0.6823,0.6823,0.6823,0.6823,0.6823,0.6823,0.6823,0.6823,0.6823,0.6823,0.6823,0.6823,0.6823,0.6823,0.6823,0.6823,0.6823,0.6823,0.0,0.6753,0.6753,0.6753,0.6753,0.6753,0.6753,0.6753,0.6753,0.6753,0.6753,0.6753,0.6753,0.6753,0.6753,0.6753,0.6753,0.6753,0.6753,0.6753,0.6753,0.0,0.6753,0.6753,0.6753,0.6753,0.6753,0.6753,0.6753,0.6753,0.6753,0.6753,0.6753,0.6753,0.6753,0.6753,0.6753,0.6753,0.6753,0.6753,0.6753,0.6753,0.6753,
7.863167762756348,8010,8008,7944,8005,7980,7989,8000,8022,8011,8038,8031,7998,7997,8029,8010,8185,8017,8008,8005,8028,0,8053,8081,8087,8060,8114,8019,8068,8032,16987,8157,8029,8172,8120,8183,8092,8062,8047,8020,8048,8056,0,8046,8058,8037,8028,8075,8016,8011,8038,7941,8024,8036,8014,7993,8023,8028,8047,8047,7978,8049,8039,0,7971,8011,7978,8054,8022,8082,7992,7969,7986,7986,8066,7988,7997,8051,7968,7976,7961,8025,7993,16059,0,8045,8072,8035,8053,8022,8025,8076,8028,8064,7974,7991,8036,8042,8009,8037,8046,8065,8002,8043,7984,0,8040,8011,8009,7996,8022,8045,8029,8029,8016,7988,8049,8020,8069,8004,8062,8005,8039,8026,7947,8039,8024,0.6673,0.6673,0.6673,0.6673,0.6673,0.6673,0.6673,0.6673,0.6673,0.6673,0.6673,0.6673,0.6673,0.6673,0.6673,0.6673,0.6673,0.6673,0.6673,0.6673,0.0,0.6753,0.6753,0.6753,0.6753,0.6753,0.6753,0.6753,0.6753,0.6753,0.6753,0.6753,0.6753,0.6753,0.6753,0.6753,0.6753,0.6753,0.6753,0.6753,0.6753,0.0,0.6753,0.6673,0.6673,0.6673,0.6673,0.6673,0.6673,0.6673,0.6673,0.6673,0.6673,0.6673,0.6673,0.6673,0.6673,0.6673,0.6673,0.6673,0.6673,0.6673,0.0,0.6714,0.6673,0.6673,0.6673,0.6673,0.6673,0.6673,0.6673,0.6673,0.6673,0.6673,0.6673,0.6673,0.6673,0.6673,0.6673,0.6673,0.6673,0.6673,0.6673,0.0,0.6753,0.6753,0.6753,0.6753,0.6753,0.6753,0.6753,0.6753,0.6753,0.6753,0.6753,0.6753,0.6753,0.6753,0.6753,0.6753,0.6753,0.6753,0.6753,0.6753,0.0,0.6753,0.6753,0.6753,0.6753,0.6753,0.6753,0.6753,0.6753,0.6753,0.6753,0.6753,0.6753,0.6753,0.6753,0.6753,0.6753,0.6753,0.6753,0.6753,0.6753,0.6753,
7.96488881111145,8010,8008,7944,8005,7980,7989,8000,8022,8011,8038,8031,7998,7997,8029,8010,8185,8017,8008,8005,8028,0,8053,8081,8087,8060,8114,8019,8068,8032,16987,8157,8029,8172,8120,8183,8092,8062,8047,8020,8048,8056,0,8046,8058,8037,8028,8075,8016,8011,8038,7941,8024,8036,8014,7993,8023,8028,8047,8047,7978,8049,8039,0,7971,8011,7978,8054,8022,8082,7992,7969,7986,7986,8066,7988,7997,8051,7968,7976,7961,8025,7993,16059,0,8016,8055,8005,8031,8001,7984,8051,8033,8045,7962,7970,8013,8012,7971,8026,8018,8034,7974,8024,7951,0,8029,22900,7996,7978,8017,8017,8013,8006,7996,7970,8026,15974,8040,7993,8059,8034,8005,7989,7859,8014,8020,0.6673,0.6673,0.6673,0.6673,0.6673,0.6673,0.6673,0.6673,0.6673,0.6673,0.6673,0.6673,0.6673,0.6673,0.6673,0.6673,0.6673,0.6673,0.6673,0.6673,0.0,0.6753,0.6753,0.6753,0.6753,0.6753,0.6753,0.6753,0.6753,0.6753,0.6753,0.6753,0.6753,0.6753,0.6753,0.6753,0.6753,0.6753,0.6753,0.6753,0.6753,0.0,0.6753,0.6673,0.6673,0.6673,0.6673,0.6673,0.6673,0.6673,0.6673,0.6673,0.6673,0.6673,0.6673,0.6673,0.6673,0.6673,0.6673,0.6673,0.6673,0.6673,0.0,0.6714,0.6673,0.6673,0.6673,0.6673,0.6673,0.6673,0.6673,0.6673,0.6673,0.6673,0.6673,0.6673,0.6673,0.6673,0.6673,0.6673,0.6673,0.6673,0.6673,0.0,0.6673,0.6673,0.6673,0.6673,0.6673,0.6673,0.6673,0.6673,0.6673,0.6673,0.6673,0.6673,0.6673,0.6673,0.6673,0.6673,0.6673,0.6673,0.6673,0.6673,0.0,0.6629,0.6629,0.6629,0.6629,0.6629,0.6629,0.6629,0.6629,0.6629,0.6629,0.6629,0.6629,0.6629,0.6629,0.6629,0.6629,0.6629,0.6629,0.6629,0.6629,0.6629,
8.066483736038208,7972,7969,7920,7980,7977,7980,7973,8003,8010,8025,7992,7979,7963,8008,8001,8168,7988,7959,7988,8056,0,8018,8072,8061,7988,8080,7956,8040,7995,8062,8130,8001,8169,8082,8155,8042,8034,8005,7990,8053,8025,0,8016,8031,8005,8006,8036,7993,7963,8021,7930,8000,8004,8002,7985,7990,8000,8029,8018,7933,8013,8019,0,7954,7980,7937,8039,7989,8075,7970,7943,7962,7968,8033,7963,7977,8023,7919,7955,7934,8021,7973,8023,0,8016,8055,8005,8031,8001,7984,8051,8033,8045,7962,7970,8013,8012,7971,8026,8018,8034,7974,8024,7951,0,8029,22900,7996,7978,8017,8017,8013,8006,7996,7970,8026,15974,8040,7993,8059,8034,8005,7989,7859,8014,8020,0.6582,0.6582,0.6582,0.6582,0.6582,0.6582,0.6582,0.6582,0.6582,0.6582,0.6582,0.6582,0.6582,0.6582,0.6582,0.6582,0.6582,0.6582,0.6582,0.6582,0.0,0.6582,0.6582,0.6582,0.6582,0.6582,0.6582,0.6582,0.6582,0.6582,0.6582,0.6582,0.6582,0.6582,0.6582,0.6582,0.6582,0.6582,0.6582,0.6582,0.6582,0.0,0.6629,0.6629,0.6629,0.6629,0.6629,0.6629,0.6629,0.6629,0.6629,0.6629,0.6629,0.6629,0.6629,0.6629,0.6629,0.6629,0.6629,0.6629,0.6629,0.6629,0.0,0.6582,0.6582,0.6582,0.6582,0.6582,0.6582,0.6582,0.6582,0.6582,0.6582,0.6582,0.6582,0.6582,0.6582,0.6582,0.6582,0.6582,0.6582,0.6582,0.6582,0.0,0.6673,0.6673,0.6673,0.6673,0.6673,0.6673,0.6673,0.6673,0.6673,0.6673,0.6673,0.6673,0.6673,0.6673,0.6673,0.6673,0.6673,0.6673,0.6673,0.6673,0.0,0.6629,0.6629,0.6629,0.6629,0.6629,0.6629,0.6629,0.6629,0.6629,0.6629,0.6629,0.6629,0.6629,0.6629,0.6629,0.6629,0.6629,0.6629,0.6629,0.6629,0.6629,
8.16819167137146,7972,7969,7920,7980,7977,7980,7973,8003,8010,8025,7992,7979,7963,8008,8001,8168,7988,7959,7988,8056,0,8018,8072,8061,7988,8080,7956,8040,7995,8062,8130,8001,8169,8082,8155,8042,8034,8005,7990,8053,8025,0,8016,8031,8005,8006,8036,7993,7963,8021,7930,8000,8004,8002,7985,7990,8000,8029,8018,7933,8013,8019,0,7954,7980,7937,8039,7989,8075,7970,7943,7962,7968,8033,7963,7977,8023,7919,7955,7934,8021,7973,8023,0,7984,8045,7974,7984,7978,7951,8027,8014,8010,7955,7937,7991,7975,7948,7984,7977,8002,7947,7989,7919,0,8039,7978,7984,7956,7995,7996,7988,7976,7957,7982,7998,7934,8020,7994,8028,8022,8007,7935,7883,7975,7980,0.6582,0.6582,0.6582,0.6582,0.6582,0.6582,0.6582,0.6582,0.6582,0.6582,0.6582,0.6582,0.6582,0.6582,0.6582,0.6582,0.6582,0.6582,0.6582,0.6582,0.0,0.6582,0.6582,0.6582,0.6582,0.6582,0.6582,0.6582,0.6582,0.6582,0.6582,0.6582,0.6582,0.6582,0.6582,0.6582,0.6582,0.6582,0.6582,0.6582,0.6582,0.0,0.6629,0.6629,0.6629,0.6629,0.6629,0.6629,0.6629,0.6629,0.6629,0.6629,0.6629,0.6629,0.6629,0.6629,0.6629,0.6629,0.6629,0.6629,0.6629,0.6629,0.0,0.6582,0.6582,0.6582,0.6582,0.6582,0.6582,0.6582,0.6582,0.6582,0.6582,0.6582,0.6582,0.6582,0.6582,0.6582,0.6582,0.6582,0.6582,0.6582,0.6582,0.0,0.6533,0.6533,0.6533,0.6533,0.6533,0.6533,0.6533,0.6533,0.6533,0.6533,0.6533,0.6533,0.6533,0.6533,0.6533,0.6533,0.6533,0.6533,0.6533,0.6533,0.0,0.6533,0.6533,0.6533,0.6533,0.6533,0.6533,0.6533,0.6533,0.6533,0.6533,0.6533,0.6533,0.6533,0.6533,0.6533,0.6533,0.6533,0.6533,0.6533,0.6533,0.6533,
8.319918155670166,7958,7940,7893,7950,7975,7948,7968,7980,7995,8017,7952,7951,7961,7980,7971,7949,7938,7968,7951,8022,0,7976,8060,8019,7942,8056,7915,8001,7964,7915,8034,7971,8157,8021,8035,7988,8026,7990,7967,8018,7989,0,7987,8003,7977,7962,8004,7988,7952,8001,7911,7964,7982,7972,7963,7967,7981,7986,8009,7903,7991,7975,0,7950,7939,7907,8028,7952,8045,7964,7920,7950,7950,7992,7937,7961,7988,7875,7935,7920,8004,7963,7974,0,7984,8045,7974,7984,7978,7951,8027,8014,8010,7955,7937,7991,7975,7948,7984,7977,8002,7947,7989,7919,0,8039,7978,7984,7956,7995,7996,7988,7976,7957,7982,7998,7934,8020,7994,8028,8022,8007,7935,7883,7975,7980,0.6481,0.637,0.637,0.637,0.637,0.637,0.637,0.637,0.637,0.637,0.637,0.637,0.637,0.637,0.637,0.637,0.637,0.637,0.637,0.637,0.0,0.6481,0.6481,0.6481,0.6481,0.6481,0.6481,0.6481,0.6481,0.6481,0.6481,0.6481,0.6481,0.6481,0.6481,0.6481,0.6481,0.6481,0.6481,0.6481,0.6481,0.0,0.6481,0.6481,0.6481,0.6481,0.6481,0.6481,0.6481,0.6481,0.6481,0.6481,0.6481,0.6481,0.6481,0.6481,0.6481,0.6481,0.6481,0.6481,0.6481,0.6481,0.0,0.6481,0.637,0.637,0.637,0.637,0.637,0.637,0.637,0.637,0.637,0.637,0.637,0.637,0.637,0.637,0.637,0.637,0.637,0.637,0.637,0.0,0.6533,0.6533,0.6533,0.6533,0.6533,0.6533,0.6533,0.6533,0.6533,0.6533,0.6533,0.6533,0.6533,0.6533,0.6533,0.6533,0.6533,0.6533,0.6533,0.6533,0.0,0.6533,0.6533,0.6533,0.6533,0.6533,0.6533,0.6533,0.6533,0.6533,0.6533,0.6533,0.6533,0.6533,0.6533,0.6533,0.6533,0.6533,0.6533,0.6533,0.6533,0.6533,
8.421533346176147,7958,7940,7893,7950,7975,7948,7968,7980,7995,8017,7952,7951,7961,7980,7971,7949,7938,7968,7951,8022,0,7976,8060,8019,7942,8056,7915,8001,7964,7915,8034,7971,8157,8021,8035,7988,8026,7990,7967,8018,7989,0,7987,8003,7977,7962,8004,7988,7952,8001,7911,7964,7982,7972,7963,7967,7981,7986,8009,7903,7991,7975,0,7950,7939,7907,8028,7952,8045,7964,7920,7950,7950,7992,7937,7961,7988,7875,7935,7920,8004,7963,7974,0,7955,8013,7950,7950,7941,7944,7997,7989,7978,7941,7907,7968,7938,7922,7958,7950,7950,7907,7959,7876,0,8042,7966,7977,7944,7969,7984,7960,7941,7910,7971,7977,7900,8005,7976,7982,7984,8008,7858,7862,7935,7956,0.6481,0.637,0.637,0.637,0.637,0.637,0.637,0.637,0.637,0.637,0.637,0.637,0.637,0.637,0.637,0.637,0.637,0.637,0.637,0.637,0.0,0.6481,0.6481,0.6481,0.6481,0.6481,0.6481,0.6481,0.6481,0.6481,0.6481,0.6481,0.6481,0.6481,0.6481,0.6481,0.6481,0.6481,0.6481,0.6481,0.6481,0.0,0.6481,0.6481,0.6481,0.6481,0.6481,0.6481,0.6481,0.6481,0.6481,0.6481,0.6481,0.6481,0.6481,0.6481,0.6481,0.6481,0.6481,0.6481,0.6481,0.6481,0.0,0.6481,0.637,0.637,0.637,0.637,0.637,0.637,0.637,0.637,0.637,0.637,0.637,0.637,0.637,0.637,0.637,0.637,0.637,0.637,0.637,0.0,0.637,0.637,0.637,0.637,0.637,0.637,0.637,0.637,0.637,0.637,0.637,0.637,0.637,0.637,0.637,0.637,0.637,0.637,0.637,0.637,0.0,0.637,0.637,0.637,0.637,0.637,0.637,0.637,0.637,0.637,0.637,0.637,0.637,0.637,0.637,0.637,0.637,0.637,0.637,0.637,0.637,0.637,
8.523181200027466,7958,7940,7893,7950,7975,7948,7968,7980,7995,8017,7952,7951,7961,7980,7971,7949,7938,7968,7951,8022,0,7976,8060,8019,7942,8056,7915,8001,7964,7915,8034,7971,8157,8021,8035,7988,8026,7990,7967,8018,7989,0,7951,7957,7952,7922,7981,7915,7908,7926,7911,7891,7915,7960,7893,7950,7890,7880,7919,7877,7971,7914,0,7950,7939,7907,8028,7952,8045,7964,7920,7950,7950,7992,7937,7961,7988,7875,7935,7920,8004,7963,7974,0,7955,8013,7950,7950,7941,7944,7997,7989,7978,7941,7907,7968,7938,7922,7958,7950,7950,7907,7959,7876,0,8042,7966,7977,7944,7969,7984,7960,7941,7910,7971,7977,7900,8005,7976,7982,7984,8008,7858,7862,7935,7956,0.6481,0.637,0.637,0.637,0.637,0.637,0.637,0.637,0.637,0.637,0.637,0.637,0.637,0.637,0.637,0.637,0.637,0.637,0.637,0.637,0.0,0.6481,0.6481,0.6481,0.6481,0.6481,0.6481,0.6481,0.6481,0.6481,0.6481,0.6481,0.6481,0.6481,0.6481,0.6481,0.6481,0.6481,0.6481,0.6481,0.6481,0.0,0.637,0.637,0.637,0.637,0.637,0.637,0.637,0.637,0.637,0.637,0.637,0.637,0.637,0.637,0.637,0.637,0.637,0.637,0.637,0.637,0.0,0.6481,0.637,0.637,0.637,0.637,0.637,0.637,0.637,0.637,0.637,0.637,0.637,0.637,0.637,0.637,0.637,0.637,0.637,0.637,0.637,0.0,0.637,0.637,0.637,0.637,0.637,0.637,0.637,0.637,0.637,0.637,0.637,0.637,0.637,0.637,0.637,0.637,0.637,0.637,0.637,0.637,0.0,0.637,0.637,0.637,0.637,0.637,0.637,0.637,0.637,0.637,0.637,0.637,0.637,0.637,0.637,0.637,0.637,0.637,0.637,0.637,0.637,0.637,
8.624748229980469,7960,7922,7832,7880,7913,7853,7950,7910,7910,7899,7859,7898,7819,7805,7880,7714,7860,7920,7900,7763,0,7934,8031,7976,7906,7992,7899,7924,7902,7832,7893,7895,7894,7921,7741,7880,7921,7886,7922,7903,7879,0,7951,7957,7952,7922,7981,7915,7908,7926,7911,7891,7915,7960,7893,7950,7890,7880,7919,7877,7971,7914,0,7950,7939,7907,8028,7952,8045,7964,7920,7950,7950,7992,7937,7961,7988,7875,7935,7920,8004,7963,7974,0,7955,8013,7950,7950,7941,7944,7997,7989,7978,7941,7907,7968,7938,7922,7958,7950,7950,7907,7959,7876,0,8017,7935,7949,7920,7900,7936,7863,7853,7791,7932,7880,7767,7920,7877,7828,7860,7903,7709,7750,7798,7787,0.6312,0.6312,0.6312,0.6312,0.6312,0.6312,0.6312,0.6312,0.6312,0.6312,0.6312,0.6312,0.6312,0.6312,0.6312,0.6312,0.6312,0.6312,0.6312,0.6312,0.0,0.637,0.625,0.625,0.625,0.625,0.625,0.625,0.625,0.625,0.625,0.625,0.625,0.625,0.625,0.625,0.625,0.625,0.625,0.625,0.625,0.0,0.637,0.637,0.637,0.637,0.637,0.637,0.637,0.637,0.637,0.637,0.637,0.637,0.637,0.637,0.637,0.637,0.637,0.637,0.637,0.637,0.0,0.6481,0.637,0.637,0.637,0.637,0.637,0.637,0.637,0.637,0.637,0.637,0.637,0.637,0.637,0.637,0.637,0.637,0.637,0.637,0.637,0.0,0.637,0.637,0.637,0.637,0.637,0.637,0.637,0.637,0.637,0.637,0.637,0.637,0.637,0.637,0.637,0.637,0.637,0.637,0.637,0.637,0.0,0.6312,0.6312,0.6312,0.6312,0.6312,0.6312,0.6312,0.6312,0.6312,0.6312,0.6312,0.6312,0.6312,0.6312,0.6312,0.6312,0.6312,0.6312,0.6312,0.6312,0.6312,
8.776526689529419,7960,7922,7832,7880,7913,7853,7950,7910,7910,7899,7859,7898,7819,7805,7880,7714,7860,7920,7900,7763,0,7812,7822,7859,7778,7848,7823,7761,7723,7715,7681,7673,7652,7687,7578,7601,7657,7645,7711,7634,7637,0,7900,7847,7900,7836,7898,7798,7742,7752,7846,7682,7785,7840,7745,7846,7688,7704,7755,7714,7788,7761,0,7886,7902,7877,7931,7900,7909,7861,7889,7914,7921,15847,7809,7864,7887,7808,7857,7871,7846,7765,7780,0,7911,7967,7926,7886,7889,7870,7959,7881,7908,7830,7825,7890,7825,7800,7818,7829,7783,7779,7781,7729,0,8017,7935,7949,7920,7900,7936,7863,7853,7791,7932,7880,7767,7920,7877,7828,7860,7903,7709,7750,7798,7787,0.6312,0.6312,0.6312,0.6312,0.6312,0.6312,0.6312,0.6312,0.6312,0.6312,0.6312,0.6312,0.6312,0.6312,0.6312,0.6312,0.6312,0.6312,0.6312,0.6312,0.0,0.6187,0.6187,0.6187,0.6187,0.6187,0.6187,0.6187,0.6187,0.6187,0.6187,0.6187,0.6187,0.6187,0.6187,0.6187,0.6187,0.6187,0.6187,0.6187,0.6187,0.0,0.6187,0.6187,0.6187,0.6187,0.6187,0.6187,0.6187,0.6187,0.6187,0.6187,0.6187,0.6187,0.6187,0.6187,0.6187,0.6187,0.6187,0.6187,0.6187,0.6187,0.0,0.6312,0.6187,0.6187,0.6187,0.6187,0.6187,0.6187,0.6187,0.6187,0.6187,0.6187,0.6187,0.6187,0.6187,0.6187,0.6187,0.6187,0.6187,0.6187,0.6187,0.0,0.6312,0.6312,0.6312,0.6312,0.6312,0.6312,0.6312,0.6312,0.6312,0.6312,0.6312,0.6312,0.6312,0.6312,0.6312,0.6312,0.6312,0.6312,0.6312,0.6312,0.0,0.6312,0.6312,0.6312,0.6312,0.6312,0.6312,0.6312,0.6312,0.6312,0.6312,0.6312,0.6312,0.6312,0.6312,0.6312,0.6312,0.6312,0.6312,0.6312,0.6312,0.6312,
8.9282386302948,7853,7809,7685,7647,7645,7660,7760,7690,7660,7606,7620,7686,7535,7540,7596,7573,7568,7659,7653,7476,0,7812,7822,7859,7778,7848,7823,7761,7723,7715,7681,7673,7652,7687,7578,7601,7657,7645,7711,7634,7637,0,7900,7847,7900,7836,7898,7798,7742,7752,7846,7682,7785,7840,7745,7846,7688,7704,7755,7714,7788,7761,0,7676,7758,7724,7665,7731,7661,7608,7715,7703,7708,7655,7559,7632,7620,7582,7598,7626,7533,7469,7475,0,7718,7700,7710,7660,7654,7648,7754,7640,7648,7575,7574,7631,7642,7560,7572,7564,7593,7600,7558,7582,0,7881,7781,15515,7770,7699,7728,7650,7655,7636,7765,7679,7632,7702,7625,7628,7601,7658,7505,7547,7568,7545,0.6121,0.6121,0.6121,0.6121,0.6121,0.6121,0.6121,0.6121,0.6121,0.6121,0.6121,0.6121,0.6121,0.6121,0.6121,0.6121,0.6121,0.6121,0.6121,0.6121,0.0,0.6187,0.6187,0.6187,0.6187,0.6187,0.6187,0.6187,0.6187,0.6187,0.6187,0.6187,0.6187,0.6187,0.6187,0.6187,0.6187,0.6187,0.6187,0.6187,0.6187,0.0,0.6187,0.6187,0.6187,0.6187,0.6187,0.6187,0.6187,0.6187,0.6187,0.6187,0.6187,0.6187,0.6187,0.6187,0.6187,0.6187,0.6187,0.6187,0.6187,0.6187,0.0,0.6054,0.6054,0.6054,0.6054,0.6054,0.6054,0.6054,0.6054,0.6054,0.6054,0.6054,0.6054,0.6054,0.6054,0.6054,0.6054,0.6054,0.6054,0.6054,0.6054,0.0,0.6121,0.6121,0.6121,0.6121,0.6121,0.6121,0.6121,0.6121,0.6121,0.6121,0.6121,0.6121,0.6121,0.6121,0.6121,0.6121,0.6121,0.6121,0.6121,0.6121,0.0,0.6121,0.6121,0.6121,0.6121,0.6121,0.6121,0.6121,0.6121,0.6121,0.6121,0.6121,0.6121,0.6121,0.6121,0.6121,0.6121,0.6121,0.6121,0.6121,0.6121,0.6121,
9.07994031906128,7853,7809,7685,7647,7645,7660,7760,7690,7660,7606,7620,7686,7535,7540,7596,7573,7568,7659,7653,7476,0,7562,7536,7655,7572,7521,7482,7493,7400,7482,7435,7362,7420,7398,7436,7287,7336,7330,7384,7338,7317,0,7701,7678,7668,7626,7654,7548,7518,7520,7577,7424,7569,7603,7496,7592,7403,7415,7442,7425,7471,7450,0,7676,7758,7724,7665,7731,7661,7608,7715,7703,7708,7655,7559,7632,7620,7582,7598,7626,7533,7469,7475,0,7718,7700,7710,7660,7654,7648,7754,7640,7648,7575,7574,7631,7642,7560,7572,7564,7593,7600,7558,7582,0,7656,7537,7523,7495,7402,7434,7359,7384,7429,7476,7412,7394,7376,7279,7338,7262,7309,7302,7251,7281,7250,0.6121,0.6121,0.6121,0.6121,0.6121,0.6121,0.6121,0.6121,0.6121,0.6121,0.6121,0.6121,0.6121,0.6121,0.6121,0.6121,0.6121,0.6121,0.6121,0.6121,0.0,0.5984,0.5984,0.5984,0.5984,0.5984,0.5984,0.5984,0.5984,0.5984,0.5839,0.5839,0.5839,0.5839,0.5839,0.5839,0.5839,0.5839,0.5839,0.5839,0.5839,0.0,0.6054,0.6054,0.6054,0.6054,0.6054,0.6054,0.6054,0.6054,0.6054,0.6054,0.6054,0.6054,0.6054,0.6054,0.6054,0.6054,0.6054,0.6054,0.6054,0.6054,0.0,0.6054,0.6054,0.6054,0.6054,0.6054,0.6054,0.6054,0.6054,0.6054,0.6054,0.6054,0.6054,0.6054,0.6054,0.6054,0.6054,0.6054,0.6054,0.6054,0.6054,0.0,0.6121,0.6121,0.6121,0.6121,0.6121,0.6121,0.6121,0.6121,0.6121,0.6121,0.6121,0.6121,0.6121,0.6121,0.6121,0.6121,0.6121,0.6121,0.6121,0.6121,0.0,0.5984,0.5984,0.5984,0.5984,0.5984,0.5984,0.5984,0.5984,0.5984,0.5984,0.5984,0.5984,0.5984,0.5984,0.5984,0.5984,0.5984,0.5984,0.5984,0.5984,0.5984,
9.231902360916138,7853,7809,7685,7647,7645,7660,7760,7690,7660,7606,7620,7686,7535,7540,7596,7573,7568,7659,7653,7476,0,7562,7536,7655,7572,7521,7482,7493,7400,7482,7435,7362,7420,7398,7436,7287,7336,7330,7384,7338,7317,0,7701,7678,7668,7626,7654,7548,7518,7520,7577,7424,7569,7603,7496,7592,7403,7415,7442,7425,7471,7450,0,7449,7493,7379,7327,7379,7341,7301,7363,7326,7324,7281,7239,7229,7276,7249,7210,7259,7221,7174,7198,0,7718,7700,7710,7660,7654,7648,7754,7640,7648,7575,7574,7631,7642,7560,7572,7564,7593,7600,7558,7582,0,7656,7537,7523,7495,7402,7434,7359,7384,7429,7476,7412,7394,7376,7279,7338,7262,7309,7302,7251,7281,7250,0.6121,0.6121,0.6121,0.6121,0.6121,0.6121,0.6121,0.6121,0.6121,0.6121,0.6121,0.6121,0.6121,0.6121,0.6121,0.6121,0.6121,0.6121,0.6121,0.6121,0.0,0.5984,0.5984,0.5984,0.5984,0.5984,0.5984,0.5984,0.5984,0.5984,0.5839,0.5839,0.5839,0.5839,0.5839,0.5839,0.5839,0.5839,0.5839,0.5839,0.5839,0.0,0.6054,0.6054,0.6054,0.6054,0.6054,0.6054,0.6054,0.6054,0.6054,0.6054,0.6054,0.6054,0.6054,0.6054,0.6054,0.6054,0.6054,0.6054,0.6054,0.6054,0.0,0.5912,0.5912,0.5912,0.5912,0.5912,0.5912,0.5912,0.5912,0.5912,0.5912,0.5912,0.5912,0.5912,0.5912,0.5912,0.5912,0.5912,0.5912,0.5912,0.5912,0.0,0.6121,0.6121,0.6121,0.6121,0.6121,0.6121,0.6121,0.6121,0.6121,0.6121,0.6121,0.6121,0.6121,0.6121,0.6121,0.6121,0.6121,0.6121,0.6121,0.6121,0.0,0.5984,0.5984,0.5984,0.5984,0.5984,0.5984,0.5984,0.5984,0.5984,0.5984,0.5984,0.5984,0.5984,0.5984,0.5984,0.5984,0.5984,0.5984,0.5984,0.5984,0.5984,
9.333475112915039,7546,7478,7403,7309,7293,7376,7406,7346,7314,7309,7309,7341,7235,7263,7277,7390,7228,7285,7280,7298,0,7221,7235,7249,7191,7202,7104,7184,7106,7193,7177,7123,7228,7134,7191,7052,7065,7097,7060,7048,7036,0,7348,7352,7293,7283,7289,7233,7221,7247,7220,7171,7205,7228,7191,7228,7127,7190,7160,7114,7140,7107,0,7449,7493,7379,7327,7379,7341,7301,7363,7326,7324,7281,7239,7229,7276,7249,7210,7259,7221,7174,7198,0,7505,7441,7458,7475,7373,7427,7443,7411,7360,7317,7317,7352,7390,7325,7372,7288,7401,7361,7348,7342,0,7319,7243,7184,7188,7192,7179,7165,7156,7195,7179,7199,7129,7077,7062,7112,7092,7000,7158,7044,7033,7072,0.5984,0.5839,0.5839,0.5839,0.5839,0.5839,0.5839,0.5839,0.5839,0.5839,0.5839,0.5839,0.5839,0.5839,0.5839,0.5839,0.5839,0.5839,0.5839,0.5839,0.0,0.5763,0.5607,0.5607,0.5607,0.5607,0.5607,0.5607,0.5607,0.5607,0.5607,0.5607,0.5607,0.5607,0.5607,0.5607,0.5607,0.5607,0.5607,0.5607,0.5607,0.0,0.5839,0.5839,0.5839,0.5839,0.5839,0.5839,0.5839,0.5839,0.5839,0.5839,0.5839,0.5839,0.5839,0.5839,0.5839,0.5839,0.5839,0.5839,0.5839,0.5839,0.0,0.5912,0.5912,0.5912,0.5912,0.5912,0.5912,0.5912,0.5912,0.5912,0.5912,0.5912,0.5912,0.5912,0.5912,0.5912,0.5912,0.5912,0.5912,0.5912,0.5912,0.0,0.5912,0.5912,0.5912,0.5912,0.5912,0.5912,0.5912,0.5912,0.5912,0.5912,0.5912,0.5912,0.5912,0.5912,0.5912,0.5912,0.5912,0.5912,0.5912,0.5912,0.0,0.5839,0.5839,0.5839,0.5839,0.5839,0.5839,0.5839,0.5839,0.5839,0.5839,0.5839,0.5839,0.5839,0.5839,0.5839,0.5839,0.5839,0.5839,0.5839,0.5839,0.5839,
9.435034275054932,7172,7141,7188,7092,7087,7094,7130,7090,7072,7129,7088,7091,7027,7090,7062,7190,6977,6954,6971,7129,0,7221,7235,7249,7191,7202,7104,7184,7106,7193,7177,7123,7228,7134,7191,7052,7065,7097,7060,7048,7036,0,7348,7352,7293,7283,7289,7233,7221,7247,7220,7171,7205,7228,7191,7228,7127,7190,7160,7114,7140,7107,0,7113,7081,7017,7055,7002,7124,7050,7020,6997,6984,7015,6954,6892,6960,6916,6923,6866,6934,6935,6955,0,7505,7441,7458,7475,7373,7427,7443,7411,7360,7317,7317,7352,7390,7325,7372,7288,7401,7361,7348,7342,0,7319,7243,7184,7188,7192,7179,7165,7156,7195,7179,7199,7129,7077,7062,7112,7092,7000,7158,7044,7033,7072,0.5686,0.5686,0.5686,0.5686,0.5686,0.5686,0.5686,0.5686,0.5686,0.5686,0.5686,0.5686,0.5686,0.5686,0.5686,0.5686,0.5686,0.5686,0.5686,0.5686,0.0,0.5763,0.5607,0.5607,0.5607,0.5607,0.5607,0.5607,0.5607,0.5607,0.5607,0.5607,0.5607,0.5607,0.5607,0.5607,0.5607,0.5607,0.5607,0.5607,0.5607,0.0,0.5839,0.5839,0.5839,0.5839,0.5839,0.5839,0.5839,0.5839,0.5839,0.5839,0.5839,0.5839,0.5839,0.5839,0.5839,0.5839,0.5839,0.5839,0.5839,0.5839,0.0,0.5763,0.5763,0.5763,0.5763,0.5763,0.5763,0.5763,0.5763,0.5763,0.5763,0.5763,0.5763,0.5763,0.5763,0.5763,0.5763,0.5763,0.5763,0.5763,0.5763,0.0,0.5912,0.5912,0.5912,0.5912,0.5912,0.5912,0.5912,0.5912,0.5912,0.5912,0.5912,0.5912,0.5912,0.5912,0.5912,0.5912,0.5912,0.5912,0.5912,0.5912,0.0,0.5839,0.5839,0.5839,0.5839,0.5839,0.5839,0.5839,0.5839,0.5839,0.5839,0.5839,0.5839,0.5839,0.5839,0.5839,0.5839,0.5839,0.5839,0.5839,0.5839,0.5839,
9.536628246307373,7172,7141,7188,7092,7087,7094,7130,7090,7072,7129,7088,7091,7027,7090,7062,7190,6977,6954,6971,7129,0,7221,7235,7249,7191,7202,7104,7184,7106,7193,7177,7123,7228,7134,7191,7052,7065,7097,7060,7048,7036,0,7348,7352,7293,7283,7289,7233,7221,7247,7220,7171,7205,7228,7191,7228,7127,7190,7160,7114,7140,7107,0,7113,7081,7017,7055,7002,7124,7050,7020,6997,6984,7015,6954,6892,6960,6916,6923,6866,6934,6935,6955,0,7228,7234,7218,7279,7169,7232,7153,7221,7221,7131,7171,7088,7121,7120,7133,7057,7199,7090,7113,7109,0,7319,7243,7184,7188,7192,7179,7165,7156,7195,7179,7199,7129,7077,7062,7112,7092,7000,7158,7044,7033,7072,0.5686,0.5686,0.5686,0.5686,0.5686,0.5686,0.5686,0.5686,0.5686,0.5686,0.5686,0.5686,0.5686,0.5686,0.5686,0.5686,0.5686,0.5686,0.5686,0.5686,0.0,0.5763,0.5607,0.5607,0.5607,0.5607,0.5607,0.5607,0.5607,0.5607,0.5607,0.5607,0.5607,0.5607,0.5607,0.5607,0.5607,0.5607,0.5607,0.5607,0.5607,0.0,0.5839,0.5839,0.5839,0.5839,0.5839,0.5839,0.5839,0.5839,0.5839,0.5839,0.5839,0.5839,0.5839,0.5839,0.5839,0.5839,0.5839,0.5839,0.5839,0.5839,0.0,0.5763,0.5763,0.5763,0.5763,0.5763,0.5763,0.5763,0.5763,0.5763,0.5763,0.5763,0.5763,0.5763,0.5763,0.5763,0.5763,0.5763,0.5763,0.5763,0.5763,0.0,0.5686,0.5686,0.5686,0.5686,0.5686,0.5686,0.5686,0.5686,0.5686,0.5686,0.5686,0.5686,0.5686,0.5686,0.5686,0.5686,0.5686,0.5686,0.5686,0.5686,0.0,0.5839,0.5839,0.5839,0.5839,0.5839,0.5839,0.5839,0.5839,0.5839,0.5839,0.5839,0.5839,0.5839,0.5839,0.5839,0.5839,0.5839,0.5839,0.5839,0.5839,0.5839,
9.638222217559814,7172,7141,7188,7092,7087,7094,7130,7090,7072,7129,7088,7091,7027,7090,7062,7190,6977,6954,6971,7129,0,6934,6960,6955,6894,6959,6806,6902,6856,6840,6854,6825,6920,6845,6856,6799,6902,6848,6803,6811,6794,0,7010,7045,6958,6942,6959,6965,6972,6979,6903,6933,6915,6892,6896,6891,6893,6914,6922,6827,6882,6848,0,7113,7081,7017,7055,7002,7124,7050,7020,6997,6984,7015,6954,6892,6960,6916,6923,6866,6934,6935,6955,0,7228,7234,7218,7279,7169,7232,7153,7221,7221,7131,7171,7088,7121,7120,7133,7057,7199,7090,7113,7109,0,7062,7013,6919,13863,7009,6962,6997,6971,6976,6988,7009,6925,6898,6891,6942,6944,6868,6942,6883,6868,6922,0.5686,0.5686,0.5686,0.5686,0.5686,0.5686,0.5686,0.5686,0.5686,0.5686,0.5686,0.5686,0.5686,0.5686,0.5686,0.5686,0.5686,0.5686,0.5686,0.5686,0.0,0.5607,0.5607,0.5607,0.5607,0.5607,0.5607,0.5607,0.5607,0.5607,0.5607,0.5607,0.5607,0.5607,0.5607,0.5607,0.5607,0.5607,0.5607,0.5607,0.5607,0.0,0.5607,0.5445,0.5445,0.5445,0.5445,0.5445,0.5445,0.5445,0.5445,0.5445,0.5445,0.5445,0.5445,0.5445,0.5445,0.5445,0.5445,0.5445,0.5445,0.5445,0.0,0.5763,0.5763,0.5763,0.5763,0.5763,0.5763,0.5763,0.5763,0.5763,0.5763,0.5763,0.5763,0.5763,0.5763,0.5763,0.5763,0.5763,0.5763,0.5763,0.5763,0.0,0.5686,0.5686,0.5686,0.5686,0.5686,0.5686,0.5686,0.5686,0.5686,0.5686,0.5686,0.5686,0.5686,0.5686,0.5686,0.5686,0.5686,0.5686,0.5686,0.5686,0.0,0.5527,0.5527,0.5527,0.5527,0.5527,0.5527,0.5527,0.5527,0.5527,0.5527,0.5527,0.5527,0.5527,0.5527,0.5527,0.5527,0.5527,0.5527,0.5527,0.5527,0.5527,
9.739775896072388,6920,6907,6953,6909,6911,6892,6900,6899,6908,6926,6879,6884,6853,6867,6884,6854,6818,6807,6785,6734,0,6934,6960,6955,6894,6959,6806,6902,6856,6840,6854,6825,6920,6845,6856,6799,6902,6848,6803,6811,6794,0,7010,7045,6958,6942,6959,6965,6972,6979,6903,6933,6915,6892,6896,6891,6893,6914,6922,6827,6882,6848,0,6824,6829,6798,6860,6782,6918,6896,6769,6786,6769,6856,6791,6704,6791,6743,6795,6669,6775,6803,6796,0,6996,7009,6944,6923,6941,6938,6901,6961,6976,6883,6902,6862,6868,6850,6873,6817,6855,6792,6763,6785,0,7062,7013,6919,13863,7009,6962,6997,6971,6976,6988,7009,6925,6898,6891,6942,6944,6868,6942,6883,6868,6922,0.5362,0.5362,0.5362,0.5362,0.5362,0.5362,0.5362,0.5362,0.5362,0.5362,0.5362,0.5362,0.5362,0.5362,0.5362,0.5362,0.5362,0.5362,0.5362,0.5362,0.0,0.5607,0.5607,0.5607,0.5607,0.5607,0.5607,0.5607,0.5607,0.5607,0.5607,0.5607,0.5607,0.5607,0.5607,0.5607,0.5607,0.5607,0.5607,0.5607,0.5607,0.0,0.5607,0.5445,0.5445,0.5445,0.5445,0.5445,0.5445,0.5445,0.5445,0.5445,0.5445,0.5445,0.5445,0.5445,0.5445,0.5445,0.5445,0.5445,0.5445,0.5445,0.0,0.5527,0.5362,0.5362,0.5362,0.5362,0.5362,0.5362,0.5362,0.5362,0.5362,0.5362,0.5362,0.5362,0.5362,0.5362,0.5362,0.5362,0.5362,0.5362,0.5362,0.0,0.5527,0.5362,0.5362,0.5362,0.5362,0.5362,0.5362,0.5362,0.5362,0.5362,0.5362,0.5362,0.5362,0.5362,0.5362,0.5362,0.5362,0.5362,0.5362,0.5362,0.0,0.5527,0.5527,0.5527,0.5527,0.5527,0.5527,0.5527,0.5527,0.5527,0.5527,0.5527,0.5527,0.5527,0.5527,0.5527,0.5527,0.5527,0.5527,0.5527,0.5527,0.5527,
9.891768455505371,6920,6907,6953,6909,6911,6892,6900,6899,6908,6926,6879,6884,6853,6867,6884,6854,6818,6807,6785,6734,0,6934,6960,6955,6894,6959,6806,6902,6856,6840,6854,6825,6920,6845,6856,6799,6902,6848,6803,6811,6794,0,7010,7045,6958,6942,6959,6965,6972,6979,6903,6933,6915,6892,6896,6891,6893,6914,6922,6827,6882,6848,0,6824,6829,6798,6860,6782,6918,6896,6769,6786,6769,6856,6791,6704,6791,6743,6795,6669,6775,6803,6796,0,6996,7009,6944,6923,6941,6938,6901,6961,6976,6883,6902,6862,6868,6850,6873,6817,6855,6792,6763,6785,0,6902,6864,6781,6804,6882,6830,6889,6850,6808,6850,6876,6785,6790,6763,6807,6826,6759,6772,6729,6772,6768,0.5362,0.5362,0.5362,0.5362,0.5362,0.5362,0.5362,0.5362,0.5362,0.5362,0.5362,0.5362,0.5362,0.5362,0.5362,0.5362,0.5362,0.5362,0.5362,0.5362,0.0,0.5607,0.5607,0.5607,0.5607,0.5607,0.5607,0.5607,0.5607,0.5607,0.5607,0.5607,0.5607,0.5607,0.5607,0.5607,0.5607,0.5607,0.5607,0.5607,0.5607,0.0,0.5607,0.5445,0.5445,0.5445,0.5445,0.5445,0.5445,0.5445,0.5445,0.5445,0.5445,0.5445,0.5445,0.5445,0.5445,0.5445,0.5445,0.5445,0.5445,0.5445,0.0,0.5527,0.5362,0.5362,0.5362,0.5362,0.5362,0.5362,0.5362,0.5362,0.5362,0.5362,0.5362,0.5362,0.5362,0.5362,0.5362,0.5362,0.5362,0.5362,0.5362,0.0,0.5527,0.5362,0.5362,0.5362,0.5362,0.5362,0.5362,0.5362,0.5362,0.5362,0.5362,0.5362,0.5362,0.5362,0.5362,0.5362,0.5362,0.5362,0.5362,0.5362,0.0,0.5445,0.5445,0.5445,0.5445,0.5445,0.5445,0.5445,0.5445,0.5445,0.5445,0.5445,0.5445,0.5445,0.5445,0.5445,0.5445,0.5445,0.5445,0.5445,0.5445,0.5445,
9.993895530700684,6920,6907,6953,6909,6911,6892,6900,6899,6908,6926,6879,6884,6853,6867,6884,6854,6818,6807,6785,6734,0,6775,6822,6808,6767,6774,6644,6729,6709,6576,6614,6598,6661,6647,6626,6620,6782,6625,6603,6651,6615,0,6789,6828,6811,6772,6811,6796,6739,6709,6653,6705,6679,6683,6694,6648,6683,6665,6694,6584,6662,6610,0,6824,6829,6798,6860,6782,6918,6896,6769,6786,6769,6856,6791,6704,6791,6743,6795,6669,6775,6803,6796,0,6996,7009,6944,6923,6941,6938,6901,6961,6976,6883,6902,6862,6868,6850,6873,6817,6855,6792,6763,6785,0,6902,6864,6781,6804,6882,6830,6889,6850,6808,6850,6876,6785,6790,6763,6807,6826,6759,6772,6729,6772,6768,0.5362,0.5362,0.5362,0.5362,0.5362,0.5362,0.5362,0.5362,0.5362,0.5362,0.5362,0.5362,0.5362,0.5362,0.5362,0.5362,0.5362,0.5362,0.5362,0.5362,0.0,0.5191,0.5191,0.5191,0.5191,0.5191,0.5191,0.5191,0.5191,0.5191,0.5191,0.5191,0.5191,0.5191,0.5191,0.5191,0.5191,0.5191,0.5191,0.5191,0.5191,0.0,0.5445,0.5191,0.5191,0.5191,0.5191,0.5191,0.5191,0.5191,0.5191,0.5191,0.5191,0.5191,0.5191,0.5191,0.5191,0.5191,0.5191,0.5191,0.5191,0.5191,0.0,0.5527,0.5362,0.5362,0.5362,0.5362,0.5362,0.5362,0.5362,0.5362,0.5362,0.5362,0.5362,0.5362,0.5362,0.5362,0.5362,0.5362,0.5362,0.5362,0.5362,0.0,0.5527,0.5362,0.5362,0.5362,0.5362,0.5362,0.5362,0.5362,0.5362,0.5362,0.5362,0.5362,0.5362,0.5362,0.5362,0.5362,0.5362,0.5362,0.5362,0.5362,0.0,0.5445,0.5445,0.5445,0.5445,0.5445,0.5445,0.5445,0.5445,0.5445,0.5445,0.5445,0.5445,0.5445,0.5445,0.5445,0.5445,0.5445,0.5445,0.5445,0.5445,0.5445,
10.0955069065094,6763,6712,6638,6702,6724,6657,6683,6640,6684,6627,6607,6579,6578,6517,6581,6404,6532,6548,6521,6404,0,6775,6822,6808,6767,6774,6644,6729,6709,6576,6614,6598,6661,6647,6626,6620,6782,6625,6603,6651,6615,0,6789,6828,6811,6772,6811,6796,6739,6709,6653,6705,6679,6683,6694,6648,6683,6665,6694,6584,6662,6610,0,6824,6829,6798,6860,6782,6918,6896,6769,6786,6769,6856,6791,6704,6791,6743,6795,6669,6775,6803,6796,0,6697,6701,6732,6611,6659,6643,6727,6604,6605,6607,6559,6629,6605,6550,6568,6546,6473,6485,6470,6447,0,6902,6864,6781,6804,6882,6830,6889,6850,6808,6850,6876,6785,6790,6763,6807,6826,6759,6772,6729,6772,6768,0.5277,0.5104,0.5104,0.5104,0.5104,0.5104,0.5104,0.5104,0.5104,0.5104,0.5104,0.5104,0.5104,0.5104,0.5104,0.5104,0.5104,0.5104,0.5104,0.5104,0.0,0.5191,0.5191,0.5191,0.5191,0.5191,0.5191,0.5191,0.5191,0.5191,0.5191,0.5191,0.5191,0.5191,0.5191,0.5191,0.5191,0.5191,0.5191,0.5191,0.5191,0.0,0.5445,0.5191,0.5191,0.5191,0.5191,0.5191,0.5191,0.5191,0.5191,0.5191,0.5191,0.5191,0.5191,0.5191,0.5191,0.5191,0.5191,0.5191,0.5191,0.5191,0.0,0.5527,0.5362,0.5362,0.5362,0.5362,0.5362,0.5362,0.5362,0.5362,0.5362,0.5362,0.5362,0.5362,0.5362,0.5362,0.5362,0.5362,0.5362,0.5362,0.5362,0.0,0.5104,0.5104,0.5104,0.5104,0.5104,0.5104,0.5104,0.5104,0.5104,0.5104,0.5104,0.5104,0.5104,0.5104,0.5104,0.5104,0.5104,0.5104,0.5104,0.5104,0.0,0.5445,0.5445,0.5445,0.5445,0.5445,0.5445,0.5445,0.5445,0.5445,0.5445,0.5445,0.5445,0.5445,0.5445,0.5445,0.5445,0.5445,0.5445,0.5445,0.5445,0.5445,
10.247394323348999,6763,6712,6638,6702,6724,6657,6683,6640,6684,6627,6607,6579,6578,6517,6581,6404,6532,6548,6521,6404,0,6775,6822,6808,6767,6774,6644,6729,6709,6576,6614,6598,6661,6647,6626,6620,6782,6625,6603,6651,6615,0,6789,6828,6811,6772,6811,6796,6739,6709,6653,6705,6679,6683,6694,6648,6683,6665,6694,6584,6662,6610,0,6665,6662,6651,6744,6617,6729,6750,6559,6620,6589,6740,6643,6529,6625,6558,6624,6497,6564,6647,6583,0,6697,6701,6732,6611,6659,6643,6727,6604,6605,6607,6559,6629,6605,6550,6568,6546,6473,6485,6470,6447,0,6775,6746,6645,6638,6694,6675,6671,6647,6589,6586,6627,6526,6594,6544,6546,6506,6594,6423,6565,6506,6472,0.5277,0.5104,0.5104,0.5104,0.5104,0.5104,0.5104,0.5104,0.5104,0.5104,0.5104,0.5104,0.5104,0.5104,0.5104,0.5104,0.5104,0.5104,0.5104,0.5104,0.0,0.5191,0.5191,0.5191,0.5191,0.5191,0.5191,0.5191,0.5191,0.5191,0.5191,0.5191,0.5191,0.5191,0.5191,0.5191,0.5191,0.5191,0.5191,0.5191,0.5191,0.0,0.5445,0.5191,0.5191,0.5191,0.5191,0.5191,0.5191,0.5191,0.5191,0.5191,0.5191,0.5191,0.5191,0.5191,0.5191,0.5191,0.5191,0.5191,0.5191,0.5191,0.0,0.5277,0.5104,0.5104,0.5104,0.5104,0.5104,0.5104,0.5104,0.5104,0.5104,0.5104,0.5104,0.5104,0.5104,0.5104,0.5104,0.5104,0.5104,0.5104,0.5104,0.0,0.5104,0.5104,0.5104,0.5104,0.5104,0.5104,0.5104,0.5104,0.5104,0.5104,0.5104,0.5104,0.5104,0.5104,0.5104,0.5104,0.5104,0.5104,0.5104,0.5104,0.0,0.5191,0.5191,0.5191,0.5191,0.5191,0.5191,0.5191,0.5191,0.5191,0.5191,0.5191,0.5191,0.5191,0.5191,0.5191,0.5191,0.5191,0.5191,0.5191,0.5191,0.5191,
10.449260711669922,6426,6404,6289,6311,6351,6286,6376,6316,6330,6283,6254,6241,6200,6176,6193,6083,6199,6185,6241,6163,0,6775,6822,6808,6767,6774,6644,6729,6709,6576,6614,6598,6661,6647,6626,6620,6782,6625,6603,6651,6615,0,6555,6518,6579,6565,6598,6551,6452,6462,6455,6439,6520,6485,6448,6438,6390,6395,6397,6323,6417,6364,0,6490,6435,6410,6478,6481,6415,6460,6428,6415,6400,6403,6329,6404,6349,6245,6295,6358,6273,6236,6235,0,6402,6361,6447,6358,6370,6327,6420,6257,6272,6229,6199,6315,6268,6215,6244,6222,6186,6160,6177,6150,0,6504,6492,6425,6382,6377,6388,6341,6329,6286,6282,6305,6209,6278,6215,6211,6157,6234,6181,6216,6133,6070,0.4927,0.4927,0.4927,0.4927,0.4927,0.4927,0.4927,0.4927,0.4927,0.4927,0.4927,0.4927,0.4927,0.4927,0.4927,0.4927,0.4927,0.4927,0.4927,0.4927,0.0,0.5191,0.5191,0.5191,0.5191,0.5191,0.5191,0.5191,0.5191,0.5191,0.5191,0.5191,0.5191,0.5191,0.5191,0.5191,0.5191,0.5191,0.5191,0.5191,0.5191,0.0,0.5104,0.5104,0.5104,0.5104,0.5104,0.5104,0.5104,0.5104,0.5104,0.5104,0.5104,0.5104,0.5104,0.5104,0.5104,0.5104,0.5104,0.5104,0.5104,0.5104,0.0,0.4927,0.4927,0.4927,0.4927,0.4927,0.4927,0.4927,0.4927,0.4927,0.4927,0.4927,0.4927,0.4927,0.4927,0.4927,0.4927,0.4927,0.4927,0.4927,0.4927,0.0,0.4927,0.4927,0.4927,0.4927,0.4927,0.4927,0.4927,0.4927,0.4927,0.4927,0.4927,0.4927,0.4927,0.4927,0.4927,0.4927,0.4927,0.4927,0.4927,0.4927,0.0,0.4927,0.4927,0.4927,0.4927,0.4927,0.4927,0.4927,0.4927,0.4927,0.4927,0.4927,0.4927,0.4927,0.4927,0.4927,0.4927,0.4927,0.4927,0.4927,0.4927,0.4927,
10.551450729370117,6426,6404,6289,6311,6351,6286,6376,6316,6330,6283,6254,6241,6200,6176,6193,6083,6199,6185,6241,6163,0,6582,6546,6563,6500,6480,6439,6477,6398,6396,6422,6402,6416,6422,6391,6393,6445,6341,6365,6376,6379,0,6305,6286,6277,6264,6243,6185,6184,6183,6186,6146,6198,6198,6127,6157,6079,6093,6113,6101,6103,6101,0,6490,6435,6410,6478,6481,6415,6460,6428,6415,6400,6403,6329,6404,6349,6245,6295,6358,6273,6236,6235,0,6402,6361,6447,6358,6370,6327,6420,6257,6272,6229,6199,6315,6268,6215,6244,6222,6186,6160,6177,6150,0,6504,6492,6425,6382,6377,6388,6341,6329,6286,6282,6305,6209,6278,6215,6211,6157,6234,6181,6216,6133,6070,0.4927,0.4927,0.4927,0.4927,0.4927,0.4927,0.4927,0.4927,0.4927,0.4927,0.4927,0.4927,0.4927,0.4927,0.4927,0.4927,0.4927,0.4927,0.4927,0.4927,0.0,0.5104,0.5104,0.5104,0.5104,0.5104,0.5104,0.5104,0.5104,0.5104,0.5104,0.5104,0.5104,0.5104,0.5104,0.5104,0.5104,0.5104,0.5104,0.5104,0.5104,0.0,0.4837,0.4837,0.4837,0.4837,0.4837,0.4837,0.4837,0.4837,0.4837,0.4837,0.4837,0.4837,0.4837,0.4837,0.4837,0.4837,0.4837,0.4837,0.4837,0.4837,0.0,0.4927,0.4927,0.4927,0.4927,0.4927,0.4927,0.4927,0.4927,0.4927,0.4927,0.4927,0.4927,0.4927,0.4927,0.4927,0.4927,0.4927,0.4927,0.4927,0.4927,0.0,0.4927,0.4927,0.4927,0.4927,0.4927,0.4927,0.4927,0.4927,0.4927,0.4927,0.4927,0.4927,0.4927,0.4927,0.4927,0.4927,0.4927,0.4927,0.4927,0.4927,0.0,0.4927,0.4927,0.4927,0.4927,0.4927,0.4927,0.4927,0.4927,0.4927,0.4927,0.4927,0.4927,0.4927,0.4927,0.4927,0.4927,0.4927,0.4927,0.4927,0.4927,0.4927,
10.653072118759155,6426,6404,6289,6311,6351,6286,6376,6316,6330,6283,6254,6241,6200,6176,6193,6083,6199,6185,6241,6163,0,6291,6186,6168,6163,6165,6142,6137,6105,6129,6139,6124,6129,6074,6052,6066,6077,6059,6045,5964,5999,0,6305,6286,6277,6264,6243,6185,6184,6183,6186,6146,6198,6198,6127,6157,6079,6093,6113,6101,6103,6101,0,6490,6435,6410,6478,6481,6415,6460,6428,6415,6400,6403,6329,6404,6349,6245,6295,6358,6273,6236,6235,0,6402,6361,6447,6358,6370,6327,6420,6257,6272,6229,6199,6315,6268,6215,6244,6222,6186,6160,6177,6150,0,6131,6123,6084,6057,6045,5997,6004,5950,6010,5991,5971,5917,5930,5892,5869,5869,5872,5900,5774,5802,5852,0.4927,0.4927,0.4927,0.4927,0.4927,0.4927,0.4927,0.4927,0.4927,0.4927,0.4927,0.4927,0.4927,0.4927,0.4927,0.4927,0.4927,0.4927,0.4927,0.4927,0.0,0.4562,0.4562,0.4562,0.4562,0.4562,0.4562,0.4562,0.4562,0.4562,0.4562,0.4562,0.4562,0.4562,0.4562,0.4562,0.4562,0.4562,0.4562,0.4562,0.4562,0.0,0.4837,0.4837,0.4837,0.4837,0.4837,0.4837,0.4837,0.4837,0.4837,0.4837,0.4837,0.4837,0.4837,0.4837,0.4837,0.4837,0.4837,0.4837,0.4837,0.4837,0.0,0.4927,0.4927,0.4927,0.4927,0.4927,0.4927,0.4927,0.4927,0.4927,0.4927,0.4927,0.4927,0.4927,0.4927,0.4927,0.4927,0.4927,0.4927,0.4927,0.4927,0.0,0.4927,0.4927,0.4927,0.4927,0.4927,0.4927,0.4927,0.4927,0.4927,0.4927,0.4927,0.4927,0.4927,0.4927,0.4927,0.4927,0.4927,0.4927,0.4927,0.4927,0.0,0.4562,0.4562,0.4562,0.4562,0.4562,0.4562,0.4562,0.4562,0.4562,0.4562,0.4562,0.4562,0.4562,0.4562,0.4562,0.4562,0.4562,0.4562,0.4562,0.4562,0.4562,
10.804946422576904,6103,6071,6068,6039,6011,6015,6066,6063,5998,6010,5927,5998,5851,5896,5878,5870,5892,5839,5855,5879,0,6291,6186,6168,6163,6165,6142,6137,6105,6129,6139,6124,6129,6074,6052,6066,6077,6059,6045,5964,5999,0,6305,6286,6277,6264,6243,6185,6184,6183,6186,6146,6198,6198,6127,6157,6079,6093,6113,6101,6103,6101,0,6223,6143,6048,6079,6182,6029,6041,6122,6032,6023,5924,5906,6047,5952,5852,5907,5981,5894,5787,5780,0,6077,6096,6029,6045,5982,6021,5961,5947,5940,5886,5866,5897,5907,5848,5903,5810,5889,5813,5811,5834,0,6131,6123,6084,6057,6045,5997,6004,5950,6010,5991,5971,5917,5930,5892,5869,5869,5872,5900,5774,5802,5852,0.4562,0.4562,0.4562,0.4562,0.4562,0.4562,0.4562,0.4562,0.4562,0.4562,0.4562,0.4562,0.4562,0.4562,0.4562,0.4562,0.4562,0.4562,0.4562,0.4562,0.0,0.4562,0.4562,0.4562,0.4562,0.4562,0.4562,0.4562,0.4562,0.4562,0.4562,0.4562,0.4562,0.4562,0.4562,0.4562,0.4562,0.4562,0.4562,0.4562,0.4562,0.0,0.4837,0.4837,0.4837,0.4837,0.4837,0.4837,0.4837,0.4837,0.4837,0.4837,0.4837,0.4837,0.4837,0.4837,0.4837,0.4837,0.4837,0.4837,0.4837,0.4837,0.0,0.4469,0.4469,0.4469,0.4469,0.4469,0.4469,0.4469,0.4469,0.4469,0.4469,0.4469,0.4469,0.4469,0.4469,0.4469,0.4469,0.4469,0.4469,0.4469,0.4469,0.0,0.4746,0.4469,0.4469,0.4469,0.4469,0.4469,0.4469,0.4469,0.4469,0.4469,0.4469,0.4469,0.4469,0.4469,0.4469,0.4469,0.4469,0.4469,0.4469,0.4469,0.0,0.4562,0.4562,0.4562,0.4562,0.4562,0.4562,0.4562,0.4562,0.4562,0.4562,0.4562,0.4562,0.4562,0.4562,0.4562,0.4562,0.4562,0.4562,0.4562,0.4562,0.4562,
10.956848621368408,6103,6071,6068,6039,6011,6015,6066,6063,5998,6010,5927,5998,5851,5896,5878,5870,5892,5839,5855,5879,0,6291,6186,6168,6163,6165,6142,6137,6105,6129,6139,6124,6129,6074,6052,6066,6077,6059,6045,5964,5999,0,6061,6101,6041,6009,5951,5899,5954,5955,5948,5894,5895,5925,5881,5896,5846,5851,5863,5850,5876,5815,0,6223,6143,6048,6079,6182,6029,6041,6122,6032,6023,5924,5906,6047,5952,5852,5907,5981,5894,5787,5780,0,6077,6096,6029,6045,5982,6021,5961,5947,5940,5886,5866,5897,5907,5848,5903,5810,5889,5813,5811,5834,0,6131,6123,6084,6057,6045,5997,6004,5950,6010,5991,5971,5917,5930,5892,5869,5869,5872,5900,5774,5802,5852,0.4562,0.4562,0.4562,0.4562,0.4562,0.4562,0.4562,0.4562,0.4562,0.4562,0.4562,0.4562,0.4562,0.4562,0.4562,0.4562,0.4562,0.4562,0.4562,0.4562,0.0,0.4562,0.4562,0.4562,0.4562,0.4562,0.4562,0.4562,0.4562,0.4562,0.4562,0.4562,0.4562,0.4562,0.4562,0.4562,0.4562,0.4562,0.4562,0.4562,0.4562,0.0,0.4562,0.4376,0.4376,0.4376,0.4376,0.4376,0.4376,0.4376,0.4376,0.4376,0.4376,0.4376,0.4376,0.4376,0.4376,0.4376,0.4376,0.4376,0.4376,0.4376,0.0,0.4469,0.4469,0.4469,0.4469,0.4469,0.4469,0.4469,0.4469,0.4469,0.4469,0.4469,0.4469,0.4469,0.4469,0.4469,0.4469,0.4469,0.4469,0.4469,0.4469,0.0,0.4746,0.4469,0.4469,0.4469,0.4469,0.4469,0.4469,0.4469,0.4469,0.4469,0.4469,0.4469,0.4469,0.4469,0.4469,0.4469,0.4469,0.4469,0.4469,0.4469,0.0,0.4562,0.4562,0.4562,0.4562,0.4562,0.4562,0.4562,0.4562,0.4562,0.4562,0.4562,0.4562,0.4562,0.4562,0.4562,0.4562,0.4562,0.4562,0.4562,0.4562,0.4562,
11.008266687393188,6103,6071,6068,6039,6011,6015,6066,6063,5998,6010,5927,5998,5851,5896,5878,5870,5892,5839,5855,5879,0,5918,5911,5888,5832,5882,5790,5821,5792,5815,5798,5772,5794,5726,5681,5676,5652,5687,5649,5537,5532,0,6061,6101,6041,6009,5951,5899,5954,5955,5948,5894,5895,5925,5881,5896,5846,5851,5863,5850,5876,5815,0,5722,5747,5655,5638,5699,5651,5580,5609,5579,5567,5556,5501,5540,5552,5450,5460,5472,5474,5388,5367,0,6077,6096,6029,6045,5982,6021,5961,5947,5940,5886,5866,5897,5907,5848,5903,5810,5889,5813,5811,5834,0,5802,5752,5730,5722,5708,5698,5703,5683,5675,5714,5641,5661,5584,5576,5577,5597,5563,5542,5440,5485,5551,0.4562,0.4562,0.4562,0.4562,0.4562,0.4562,0.4562,0.4562,0.4562,0.4562,0.4562,0.4562,0.4562,0.4562,0.4562,0.4562,0.4562,0.4562,0.4562,0.4562,0.0,0.4282,0.4282,0.4282,0.4282,0.4282,0.4282,0.4282,0.4282,0.4282,0.4282,0.4282,0.4282,0.4282,0.4282,0.4282,0.4282,0.4282,0.4282,0.4282,0.4282,0.0,0.4562,0.4376,0.4376,0.4376,0.4376,0.4376,0.4376,0.4376,0.4376,0.4376,0.4376,0.4376,0.4376,0.4376,0.4376,0.4376,0.4376,0.4376,0.4376,0.4376,0.0,0.4376,0.4188,0.4188,0.4188,0.4188,0.4188,0.4188,0.4188,0.4188,0.4188,0.4188,0.4188,0.4188,0.4188,0.4188,0.4188,0.4188,0.4188,0.4188,0.4188,0.0,0.4746,0.4469,0.4469,0.4469,0.4469,0.4469,0.4469,0.4469,0.4469,0.4469,0.4469,0.4469,0.4469,0.4469,0.4469,0.4469,0.4469,0.4469,0.4469,0.4469,0.0,0.4282,0.4282,0.4282,0.4282,0.4282,0.4282,0.4282,0.4282,0.4282,0.4282,0.4282,0.4282,0.4282,0.4282,0.4282,0.4282,0.4282,0.4282,0.4282,0.4282,0.4282,
11.160049438476562,5720,5669,5764,5678,5664,5642,5668,5602,5594,5640,5557,5585,5548,5550,5512,5615,5491,5505,5459,5467,0,5918,5911,5888,5832,5882,5790,5821,5792,5815,5798,5772,5794,5726,5681,5676,5652,5687,5649,5537,5532,0,6061,6101,6041,6009,5951,5899,5954,5955,5948,5894,5895,5925,5881,5896,5846,5851,5863,5850,5876,5815,0,5722,5747,5655,5638,5699,5651,5580,5609,5579,5567,5556,5501,5540,5552,5450,5460,5472,5474,5388,5367,0,5713,5741,5649,5777,5618,5713,5587,5715,5652,5595,5571,5569,5568,5535,5569,5492,5567,5483,5453,5507,0,5802,5752,5730,5722,5708,5698,5703,5683,5675,5714,5641,5661,5584,5576,5577,5597,5563,5542,5440,5485,5551,0.4188,0.4188,0.4188,0.4188,0.4188,0.4188,0.4188,0.4188,0.4188,0.4188,0.4188,0.4188,0.4188,0.4188,0.4188,0.4188,0.4188,0.4188,0.4188,0.4188,0.0,0.4282,0.4282,0.4282,0.4282,0.4282,0.4282,0.4282,0.4282,0.4282,0.4282,0.4282,0.4282,0.4282,0.4282,0.4282,0.4282,0.4282,0.4282,0.4282,0.4282,0.0,0.4562,0.4376,0.4376,0.4376,0.4376,0.4376,0.4376,0.4376,0.4376,0.4376,0.4376,0.4376,0.4376,0.4376,0.4376,0.4376,0.4376,0.4376,0.4376,0.4376,0.0,0.4376,0.4188,0.4188,0.4188,0.4188,0.4188,0.4188,0.4188,0.4188,0.4188,0.4188,0.4188,0.4188,0.4188,0.4188,0.4188,0.4188,0.4188,0.4188,0.4188,0.0,0.4376,0.4094,0.4094,0.4094,0.4094,0.4094,0.4094,0.4094,0.4094,0.4094,0.4094,0.4094,0.4094,0.4094,0.4094,0.4094,0.4094,0.4094,0.4094,0.4094,0.0,0.4282,0.4282,0.4282,0.4282,0.4282,0.4282,0.4282,0.4282,0.4282,0.4282,0.4282,0.4282,0.4282,0.4282,0.4282,0.4282,0.4282,0.4282,0.4282,0.4282,0.4282,
11.261635541915894,5720,5669,5764,5678,5664,5642,5668,5602,5594,5640,5557,5585,5548,5550,5512,5615,5491,5505,5459,5467,0,5918,5911,5888,5832,5882,5790,5821,5792,5815,5798,5772,5794,5726,5681,5676,5652,5687,5649,5537,5532,0,5749,5717,5675,5629,5633,5557,5589,5579,5545,5495,5472,5503,5469,5449,5431,5457,5418,5325,5398,5306,0,5722,5747,5655,5638,5699,5651,5580,5609,5579,5567,5556,5501,5540,5552,5450,5460,5472,5474,5388,5367,0,5713,5741,5649,5777,5618,5713,5587,5715,5652,5595,5571,5569,5568,5535,5569,5492,5567,5483,5453,5507,0,5802,5752,5730,5722,5708,5698,5703,5683,5675,5714,5641,5661,5584,5576,5577,5597,5563,5542,5440,5485,5551,0.4188,0.4188,0.4188,0.4188,0.4188,0.4188,0.4188,0.4188,0.4188,0.4188,0.4188,0.4188,0.4188,0.4188,0.4188,0.4188,0.4188,0.4188,0.4188,0.4188,0.0,0.4282,0.4282,0.4282,0.4282,0.4282,0.4282,0.4282,0.4282,0.4282,0.4282,0.4282,0.4282,0.4282,0.4282,0.4282,0.4282,0.4282,0.4282,0.4282,0.4282,0.0,0.4094,0.4094,0.4094,0.4094,0.4094,0.4094,0.4094,0.4094,0.4094,0.4094,0.4094,0.4094,0.4094,0.4094,0.4094,0.4094,0.4094,0.4094,0.4094,0.4094,0.0,0.4376,0.4188,0.4188,0.4188,0.4188,0.4188,0.4188,0.4188,0.4188,0.4188,0.4188,0.4188,0.4188,0.4188,0.4188,0.4188,0.4188,0.4188,0.4188,0.4188,0.0,0.4376,0.4094,0.4094,0.4094,0.4094,0.4094,0.4094,0.4094,0.4094,0.4094,0.4094,0.4094,0.4094,0.4094,0.4094,0.4094,0.4094,0.4094,0.4094,0.4094,0.0,0.4282,0.4282,0.4282,0.4282,0.4282,0.4282,0.4282,0.4282,0.4282,0.4282,0.4282,0.4282,0.4282,0.4282,0.4282,0.4282,0.4282,0.4282,0.4282,0.4282,0.4282,
11.363354921340942,5720,5669,5764,5678,5664,5642,5668,5602,5594,5640,5557,5585,5548,5550,5512,5615,5491,5505,5459,5467,0,5479,5529,5447,5395,5471,5323,5362,5335,5375,5323,5268,5319,5250,5241,5178,5172,5172,5144,5107,5049,0,5749,5717,5675,5629,5633,5557,5589,5579,5545,5495,5472,5503,5469,5449,5431,5457,5418,5325,5398,5306,0,5722,5747,5655,5638,5699,5651,5580,5609,5579,5567,5556,5501,5540,5552,5450,5460,5472,5474,5388,5367,0,5713,5741,5649,5777,5618,5713,5587,5715,5652,5595,5571,5569,5568,5535,5569,5492,5567,5483,5453,5507,0,5560,5414,5378,5441,5424,5378,5404,5343,5296,5370,5325,5305,5299,5305,5267,5218,5241,5200,5253,5171,5093,0.4188,0.4188,0.4188,0.4188,0.4188,0.4188,0.4188,0.4188,0.4188,0.4188,0.4188,0.4188,0.4188,0.4188,0.4188,0.4188,0.4188,0.4188,0.4188,0.4188,0.0,0.4,0.4,0.4,0.4,0.4,0.4,0.4,0.4,0.4,0.4,0.4,0.4,0.4,0.4,0.4,0.4,0.4,0.4,0.4,0.4,0.0,0.4094,0.4094,0.4094,0.4094,0.4094,0.4094,0.4094,0.4094,0.4094,0.4094,0.4094,0.4094,0.4094,0.4094,0.4094,0.4094,0.4094,0.4094,0.4094,0.4094,0.0,0.4376,0.4188,0.4188,0.4188,0.4188,0.4188,0.4188,0.4188,0.4188,0.4188,0.4188,0.4188,0.4188,0.4188,0.4188,0.4188,0.4188,0.4188,0.4188,0.4188,0.0,0.4376,0.4094,0.4094,0.4094,0.4094,0.4094,0.4094,0.4094,0.4094,0.4094,0.4094,0.4094,0.4094,0.4094,0.4094,0.4094,0.4094,0.4094,0.4094,0.4094,0.0,0.4,0.4,0.4,0.4,0.4,0.4,0.4,0.4,0.4,0.4,0.4,0.4,0.4,0.4,0.4,0.4,0.4,0.4,0.4,0.4,0.4,
11.515170812606812,5353,5322,5291,5237,5278,5240,5264,5236,5222,5179,5197,5162,5184,5133,5103,5135,5071,5117,5026,5017,0,5479,5529,5447,5395,5471,5323,5362,5335,5375,5323,5268,5319,5250,5241,5178,5172,5172,5144,5107,5049,0,5749,5717,5675,5629,5633,5557,5589,5579,5545,5495,5472,5503,5469,5449,5431,5457,5418,5325,5398,5306,0,5235,5287,5242,5225,5212,5240,5162,5101,5138,5112,5193,5121,5062,5138,5073,5045,5012,5058,5055,5052,0,5388,5357,5412,5374,5332,5329,5392,5363,5287,5265,5243,5288,5214,5193,5175,5219,5094,5065,5068,5070,0,5560,5414,5378,5441,5424,5378,5404,5343,5296,5370,5325,5305,5299,5305,5267,5218,5241,5200,5253,5171,5093,0.3906,0.3906,0.3906,0.3906,0.3906,0.3906,0.3906,0.3906,0.3906,0.3906,0.3906,0.3906,0.3906,0.3906,0.3906,0.3906,0.3906,0.3906,0.3906,0.3906,0.0,0.4,0.4,0.4,0.4,0.4,0.4,0.4,0.4,0.4,0.4,0.4,0.4,0.4,0.4,0.4,0.4,0.4,0.4,0.4,0.4,0.0,0.4094,0.4094,0.4094,0.4094,0.4094,0.4094,0.4094,0.4094,0.4094,0.4094,0.4094,0.4094,0.4094,0.4094,0.4094,0.4094,0.4094,0.4094,0.4094,0.4094,0.0,0.3906,0.3906,0.3906,0.3906,0.3906,0.3906,0.3906,0.3906,0.3906,0.3906,0.3906,0.3906,0.3906,0.3906,0.3906,0.3906,0.3906,0.3906,0.3906,0.3906,0.0,0.3812,0.3812,0.3812,0.3812,0.3812,0.3812,0.3812,0.3812,0.3812,0.3812,0.3812,0.3812,0.3812,0.3812,0.3812,0.3812,0.3812,0.3812,0.3812,0.3812,0.0,0.4,0.4,0.4,0.4,0.4,0.4,0.4,0.4,0.4,0.4,0.4,0.4,0.4,0.4,0.4,0.4,0.4,0.4,0.4,0.4,0.4,
11.667171716690063,5353,5322,5291,5237,5278,5240,5264,5236,5222,5179,5197,5162,5184,5133,5103,5135,5071,5117,5026,5017,0,5479,5529,5447,5395,5471,5323,5362,5335,5375,5323,5268,5319,5250,5241,5178,5172,5172,5144,5107,5049,0,5246,5220,5162,5162,5222,5109,5058,5072,5030,4992,4980,4985,4937,4941,4914,4958,4921,4804,4887,4815,0,5235,5287,5242,5225,5212,5240,5162,5101,5138,5112,5193,5121,5062,5138,5073,5045,5012,5058,5055,5052,0,5388,5357,5412,5374,5332,5329,5392,5363,5287,5265,5243,5288,5214,5193,5175,5219,5094,5065,5068,5070,0,5207,5122,5110,5080,5091,5054,5033,4978,4964,4964,4985,4924,4935,4914,4928,4851,4880,4805,4930,4816,4802,0.3906,0.3906,0.3906,0.3906,0.3906,0.3906,0.3906,0.3906,0.3906,0.3906,0.3906,0.3906,0.3906,0.3906,0.3906,0.3906,0.3906,0.3906,0.3906,0.3906,0.0,0.4,0.4,0.4,0.4,0.4,0.4,0.4,0.4,0.4,0.4,0.4,0.4,0.4,0.4,0.4,0.4,0.4,0.4,0.4,0.4,0.0,0.3906,0.3718,0.3718,0.3718,0.3718,0.3718,0.3718,0.3718,0.3718,0.3718,0.3718,0.3718,0.3718,0.3718,0.3718,0.3718,0.3718,0.3718,0.3718,0.3718,0.0,0.3906,0.3906,0.3906,0.3906,0.3906,0.3906,0.3906,0.3906,0.3906,0.3906,0.3906,0.3906,0.3906,0.3906,0.3906,0.3906,0.3906,0.3906,0.3906,0.3906,0.0,0.3812,0.3812,0.3812,0.3812,0.3812,0.3812,0.3812,0.3812,0.3812,0.3812,0.3812,0.3812,0.3812,0.3812,0.3812,0.3812,0.3812,0.3812,0.3812,0.3812,0.0,0.3624,0.3624,0.3624,0.3624,0.3624,0.3624,0.3624,0.3624,0.3624,0.3624,0.3624,0.3624,0.3624,0.3624,0.3624,0.3624,0.3624,0.3624,0.3624,0.3624,0.3624,
11.768748998641968,5353,5322,5291,5237,5278,5240,5264,5236,5222,5179,5197,5162,5184,5133,5103,5135,5071,5117,5026,5017,0,4987,5039,5022,4994,5007,4895,4899,4850,4903,4827,4803,4827,4808,4831,4767,4778,4732,4723,4773,4757,0,5246,5220,5162,5162,5222,5109,5058,5072,5030,4992,4980,4985,4937,4941,4914,4958,4921,4804,4887,4815,0,5235,5287,5242,5225,5212,5240,5162,5101,5138,5112,5193,5121,5062,5138,5073,5045,5012,5058,5055,5052,0,5388,5357,5412,5374,5332,5329,5392,5363,5287,5265,5243,5288,5214,5193,5175,5219,5094,5065,5068,5070,0,5207,5122,5110,5080,5091,5054,5033,4978,4964,4964,4985,4924,4935,4914,4928,4851,4880,4805,4930,4816,4802,0.3906,0.3906,0.3906,0.3906,0.3906,0.3906,0.3906,0.3906,0.3906,0.3906,0.3906,0.3906,0.3906,0.3906,0.3906,0.3906,0.3906,0.3906,0.3906,0.3906,0.0,0.3531,0.3531,0.3531,0.3531,0.3531,0.3531,0.3531,0.3531,0.3531,0.3531,0.3531,0.3531,0.3531,0.3531,0.3531,0.3531,0.3531,0.3531,0.3531,0.3531,0.0,0.3906,0.3718,0.3718,0.3718,0.3718,0.3718,0.3718,0.3718,0.3718,0.3718,0.3718,0.3718,0.3718,0.3718,0.3718,0.3718,0.3718,0.3718,0.3718,0.3718,0.0,0.3906,0.3906,0.3906,0.3906,0.3906,0.3906,0.3906,0.3906,0.3906,0.3906,0.3906,0.3906,0.3906,0.3906,0.3906,0.3906,0.3906,0.3906,0.3906,0.3906,0.0,0.3812,0.3812,0.3812,0.3812,0.3812,0.3812,0.3812,0.3812,0.3812,0.3812,0.3812,0.3812,0.3812,0.3812,0.3812,0.3812,0.3812,0.3812,0.3812,0.3812,0.0,0.3624,0.3624,0.3624,0.3624,0.3624,0.3624,0.3624,0.3624,0.3624,0.3624,0.3624,0.3624,0.3624,0.3624,0.3624,0.3624,0.3624,0.3624,0.3624,0.3624,0.3624,
11.87028956413269,5353,5322,5291,5237,5278,5240,5264,5236,5222,5179,5197,5162,5184,5133,5103,5135,5071,5117,5026,5017,0,4987,5039,5022,4994,5007,4895,4899,4850,4903,4827,4803,4827,4808,4831,4767,4778,4732,4723,4773,4757,0,5246,5220,5162,5162,5222,5109,5058,5072,5030,4992,4980,4985,4937,4941,4914,4958,4921,4804,4887,4815,0,4902,4910,4883,4893,4892,4862,4870,4775,4813,4788,4832,4758,4682,4742,4681,4709,4620,4650,4626,4651,0,5013,4946,5062,4901,4938,4898,4967,4849,4823,4832,4770,4839,4747,4739,4684,4719,4597,4604,4609,4551,0,5207,5122,5110,5080,5091,5054,5033,4978,4964,4964,4985,4924,4935,4914,4928,4851,4880,4805,4930,4816,4802,0.3906,0.3906,0.3906,0.3906,0.3906,0.3906,0.3906,0.3906,0.3906,0.3906,0.3906,0.3906,0.3906,0.3906,0.3906,0.3906,0.3906,0.3906,0.3906,0.3906,0.0,0.3531,0.3531,0.3531,0.3531,0.3531,0.3531,0.3531,0.3531,0.3531,0.3531,0.3531,0.3531,0.3531,0.3531,0.3531,0.3531,0.3531,0.3531,0.3531,0.3531,0.0,0.3906,0.3718,0.3718,0.3718,0.3718,0.3718,0.3718,0.3718,0.3718,0.3718,0.3718,0.3718,0.3718,0.3718,0.3718,0.3718,0.3718,0.3718,0.3718,0.3718,0.0,0.3531,0.3531,0.3531,0.3531,0.3531,0.3531,0.3531,0.3531,0.3531,0.3531,0.3531,0.3531,0.3531,0.3531,0.3531,0.3531,0.3531,0.3531,0.3531,0.3531,0.0,0.3531,0.3531,0.3531,0.3531,0.3531,0.3531,0.3531,0.3531,0.3531,0.3531,0.3531,0.3531,0.3531,0.3531,0.3531,0.3531,0.3531,0.3531,0.3531,0.3531,0.0,0.3624,0.3624,0.3624,0.3624,0.3624,0.3624,0.3624,0.3624,0.3624,0.3624,0.3624,0.3624,0.3624,0.3624,0.3624,0.3624,0.3624,0.3624,0.3624,0.3624,0.3624,
12.022261381149292,4988,4946,4850,4822,4831,4808,4822,4815,4796,4751,4768,4723,4725,4671,4706,4679,4631,4620,4571,4589,0,4987,5039,5022,4994,5007,4895,4899,4850,4903,4827,4803,4827,4808,4831,4767,4778,4732,4723,4773,4757,0,4744,4722,4703,4673,4730,4698,4634,4613,4574,4554,4581,4588,4532,4564,4490,4501,4508,4393,4442,4492,0,4902,4910,4883,4893,4892,4862,4870,4775,4813,4788,4832,4758,4682,4742,4681,4709,4620,4650,4626,4651,0,5013,4946,5062,4901,4938,4898,4967,4849,4823,4832,4770,4839,4747,4739,4684,4719,4597,4604,4609,4551,0,5207,5122,5110,5080,5091,5054,5033,4978,4964,4964,4985,4924,4935,4914,4928,4851,4880,4805,4930,4816,4802,0.3438,0.3438,0.3438,0.3438,0.3438,0.3438,0.3438,0.3438,0.3438,0.3438,0.3438,0.3438,0.3438,0.3438,0.3438,0.3438,0.3438,0.3438,0.3438,0.3438,0.0,0.3531,0.3531,0.3531,0.3531,0.3531,0.3531,0.3531,0.3531,0.3531,0.3531,0.3531,0.3531,0.3531,0.3531,0.3531,0.3531,0.3531,0.3531,0.3531,0.3531,0.0,0.3346,0.3346,0.3346,0.3346,0.3346,0.3346,0.3346,0.3346,0.3346,0.3346,0.3346,0.3346,0.3346,0.3346,0.3346,0.3346,0.3346,0.3346,0.3346,0.3346,0.0,0.3531,0.3531,0.3531,0.3531,0.3531,0.3531,0.3531,0.3531,0.3531,0.3531,0.3531,0.3531,0.3531,0.3531,0.3531,0.3531,0.3531,0.3531,0.3531,0.3531,0.0,0.3531,0.3531,0.3531,0.3531,0.3531,0.3531,0.3531,0.3531,0.3531,0.3531,0.3531,0.3531,0.3531,0.3531,0.3531,0.3531,0.3531,0.3531,0.3531,0.3531,0.0,0.3624,0.3624,0.3624,0.3624,0.3624,0.3624,0.3624,0.3624,0.3624,0.3624,0.3624,0.3624,0.3624,0.3624,0.3624,0.3624,0.3624,0.3624,0.3624,0.3624,0.3624,
12.123817920684814,4988,4946,4850,4822,4831,4808,4822,4815,4796,4751,4768,4723,4725,4671,4706,4679,4631,4620,4571,4589,0,4659,4726,4660,4584,4581,4570,4552,4521,4459,4476,4478,4442,4475,4457,4422,4417,4357,4372,4398,4429,0,4744,4722,4703,4673,4730,4698,4634,4613,4574,4554,4581,4588,4532,4564,4490,4501,4508,4393,4442,4492,0,4902,4910,4883,4893,4892,4862,4870,4775,4813,4788,4832,4758,4682,4742,4681,4709,4620,4650,4626,4651,0,5013,4946,5062,4901,4938,4898,4967,4849,4823,4832,4770,4839,4747,4739,4684,4719,4597,4604,4609,4551,0,4768,4767,4726,4658,4697,4672,4640,4666,4621,4585,4584,4525,4520,4504,4495,4465,4435,4417,4485,4415,4416,0.3438,0.3438,0.3438,0.3438,0.3438,0.3438,0.3438,0.3438,0.3438,0.3438,0.3438,0.3438,0.3438,0.3438,0.3438,0.3438,0.3438,0.3438,0.3438,0.3438,0.0,0.3254,0.3254,0.3254,0.3254,0.3254,0.3254,0.3254,0.3254,0.3254,0.3254,0.3254,0.3254,0.3254,0.3254,0.3254,0.3254,0.3254,0.3254,0.3254,0.3254,0.0,0.3346,0.3346,0.3346,0.3346,0.3346,0.3346,0.3346,0.3346,0.3346,0.3346,0.3346,0.3346,0.3346,0.3346,0.3346,0.3346,0.3346,0.3346,0.3346,0.3346,0.0,0.3531,0.3531,0.3531,0.3531,0.3531,0.3531,0.3531,0.3531,0.3531,0.3531,0.3531,0.3531,0.3531,0.3531,0.3531,0.3531,0.3531,0.3531,0.3531,0.3531,0.0,0.3531,0.3531,0.3531,0.3531,0.3531,0.3531,0.3531,0.3531,0.3531,0.3531,0.3531,0.3531,0.3531,0.3531,0.3531,0.3531,0.3531,0.3531,0.3531,0.3531,0.0,0.3346,0.3346,0.3346,0.3346,0.3346,0.3346,0.3346,0.3346,0.3346,0.3346,0.3346,0.3346,0.3346,0.3346,0.3346,0.3346,0.3346,0.3346,0.3346,0.3346,0.3346,
12.225305318832397,4988,4946,4850,4822,4831,4808,4822,4815,4796,4751,4768,4723,4725,4671,4706,4679,4631,4620,4571,4589,0,4659,4726,4660,4584,4581,4570,4552,4521,4459,4476,4478,4442,4475,4457,4422,4417,4357,4372,4398,4429,0,4744,4722,4703,4673,4730,4698,4634,4613,4574,4554,4581,4588,4532,4564,4490,4501,4508,4393,4442,4492,0,4902,4910,4883,4893,4892,4862,4870,4775,4813,4788,4832,4758,4682,4742,4681,4709,4620,4650,4626,4651,0,5013,4946,5062,4901,4938,4898,4967,4849,4823,4832,4770,4839,4747,4739,4684,4719,4597,4604,4609,4551,0,4768,4767,4726,4658,4697,4672,4640,4666,4621,4585,4584,4525,4520,4504,4495,4465,4435,4417,4485,4415,4416,0.3438,0.3438,0.3438,0.3438,0.3438,0.3438,0.3438,0.3438,0.3438,0.3438,0.3438,0.3438,0.3438,0.3438,0.3438,0.3438,0.3438,0.3438,0.3438,0.3438,0.0,0.3254,0.3254,0.3254,0.3254,0.3254,0.3254,0.3254,0.3254,0.3254,0.3254,0.3254,0.3254,0.3254,0.3254,0.3254,0.3254,0.3254,0.3254,0.3254,0.3254,0.0,0.3346,0.3346,0.3346,0.3346,0.3346,0.3346,0.3346,0.3346,0.3346,0.3346,0.3346,0.3346,0.3346,0.3346,0.3346,0.3346,0.3346,0.3346,0.3346,0.3346,0.0,0.3531,0.3531,0.3531,0.3531,0.3531,0.3531,0.3531,0.3531,0.3531,0.3531,0.3531,0.3531,0.3531,0.3531,0.3531,0.3531,0.3531,0.3531,0.3531,0.3531,0.0,0.3531,0.3531,0.3531,0.3531,0.3531,0.3531,0.3531,0.3531,0.3531,0.3531,0.3531,0.3531,0.3531,0.3531,0.3531,0.3531,0.3531,0.3531,0.3531,0.3531,0.0,0.3346,0.3346,0.3346,0.3346,0.3346,0.3346,0.3346,0.3346,0.3346,0.3346,0.3346,0.3346,0.3346,0.3346,0.3346,0.3346,0.3346,0.3346,0.3346,0.3346,0.3346,
12.3771493434906,4563,4537,4486,4442,4483,4400,4430,4438,4404,4373,4344,4343,4238,4260,4284,4220,4171,4109,4130,4131,0,4659,4726,4660,4584,4581,4570,4552,4521,4459,4476,4478,4442,4475,4457,4422,4417,4357,4372,4398,4429,0,4744,4722,4703,4673,4730,4698,4634,4613,4574,4554,4581,4588,4532,4564,4490,4501,4508,4393,4442,4492,0,4581,4509,4504,4509,4511,4458,4431,4447,4417,4398,4337,4320,4316,4251,4237,4262,4236,4186,4136,4173,0,4523,4503,4517,4400,4470,4417,4399,4306,4355,4351,4279,4319,4264,4243,4225,4191,4180,4163,4126,4088,0,4768,4767,4726,4658,4697,4672,4640,4666,4621,4585,4584,4525,4520,4504,4495,4465,4435,4417,4485,4415,4416,0.3073,0.3073,0.3073,0.3073,0.3073,0.3073,0.3073,0.3073,0.3073,0.3073,0.3073,0.3073,0.3073,0.3073,0.3073,0.3073,0.3073,0.3073,0.3073,0.3073,0.0,0.3254,0.3254,0.3254,0.3254,0.3254,0.3254,0.3254,0.3254,0.3254,0.3254,0.3254,0.3254,0.3254,0.3254,0.3254,0.3254,0.3254,0.3254,0.3254,0.3254,0.0,0.3346,0.3346,0.3346,0.3346,0.3346,0.3346,0.3346,0.3346,0.3346,0.3346,0.3346,0.3346,0.3346,0.3346,0.3346,0.3346,0.3346,0.3346,0.3346,0.3346,0.0,0.3073,0.3073,0.3073,0.3073,0.3073,0.3073,0.3073,0.3073,0.3073,0.3073,0.3073,0.3073,0.3073,0.3073,0.3073,0.3073,0.3073,0.3073,0.3073,0.3073,0.0,0.3163,0.3163,0.3163,0.3163,0.3163,0.3163,0.3163,0.3163,0.3163,0.3163,0.3163,0.3163,0.3163,0.3163,0.3163,0.3163,0.3163,0.3163,0.3163,0.3163,0.0,0.3346,0.3346,0.3346,0.3346,0.3346,0.3346,0.3346,0.3346,0.3346,0.3346,0.3346,0.3346,0.3346,0.3346,0.3346,0.3346,0.3346,0.3346,0.3346,0.3346,0.3346,
12.479023694992065,4563,4537,4486,4442,4483,4400,4430,4438,4404,4373,4344,4343,4238,4260,4284,4220,4171,4109,4130,4131,0,4659,4726,4660,4584,4581,4570,4552,4521,4459,4476,4478,4442,4475,4457,4422,4417,4357,4372,4398,4429,0,4394,4338,4344,4332,4376,4365,4290,4225,4201,4196,4223,4182,4155,4187,4023,4060,4068,3996,3968,4028,0,4581,4509,4504,4509,4511,4458,4431,4447,4417,4398,4337,4320,4316,4251,4237,4262,4236,4186,4136,4173,0,4523,4503,4517,4400,4470,4417,4399,4306,4355,4351,4279,4319,4264,4243,4225,4191,4180,4163,4126,4088,0,4321,4369,4302,4220,4264,4212,4188,4218,4140,4120,4144,4056,4059,4060,4078,4031,3965,3966,3945,3920,3932,0.3073,0.3073,0.3073,0.3073,0.3073,0.3073,0.3073,0.3073,0.3073,0.3073,0.3073,0.3073,0.3073,0.3073,0.3073,0.3073,0.3073,0.3073,0.3073,0.3073,0.0,0.3254,0.3254,0.3254,0.3254,0.3254,0.3254,0.3254,0.3254,0.3254,0.3254,0.3254,0.3254,0.3254,0.3254,0.3254,0.3254,0.3254,0.3254,0.3254,0.3254,0.0,0.2984,0.2984,0.2984,0.2984,0.2984,0.2984,0.2984,0.2984,0.2984,0.2984,0.2984,0.2984,0.2984,0.2984,0.2984,0.2984,0.2984,0.2984,0.2984,0.2984,0.0,0.3073,0.3073,0.3073,0.3073,0.3073,0.3073,0.3073,0.3073,0.3073,0.3073,0.3073,0.3073,0.3073,0.3073,0.3073,0.3073,0.3073,0.3073,0.3073,0.3073,0.0,0.3163,0.3163,0.3163,0.3163,0.3163,0.3163,0.3163,0.3163,0.3163,0.3163,0.3163,0.3163,0.3163,0.3163,0.3163,0.3163,0.3163,0.3163,0.3163,0.3163,0.0,0.2984,0.2984,0.2984,0.2984,0.2984,0.2984,0.2984,0.2984,0.2984,0.2984,0.2984,0.2984,0.2984,0.2984,0.2984,0.2984,0.2984,0.2984,0.2984,0.2984,0.2984,
12.68091106414795,4563,4537,4486,4442,4483,4400,4430,4438,4404,4373,4344,4343,4238,4260,4284,4220,4171,4109,4130,4131,0,4251,4294,4223,4119,4154,4162,4121,4070,3999,4020,4037,4000,3971,3920,3899,3925,3850,3875,3843,3878,0,4394,4338,4344,4332,4376,4365,4290,4225,4201,4196,4223,4182,4155,4187,4023,4060,4068,3996,3968,4028,0,4581,4509,4504,4509,4511,4458,4431,4447,4417,4398,4337,4320,4316,4251,4237,4262,4236,4186,4136,4173,0,4523,4503,4517,4400,4470,4417,4399,4306,4355,4351,4279,4319,4264,4243,4225,4191,4180,4163,4126,4088,0,4321,4369,4302,4220,4264,4212,4188,4218,4140,4120,4144,4056,4059,4060,4078,4031,3965,3966,3945,3920,3932,0.3073,0.3073,0.3073,0.3073,0.3073,0.3073,0.3073,0.3073,0.3073,0.3073,0.3073,0.3073,0.3073,0.3073,0.3073,0.3073,0.3073,0.3073,0.3073,0.3073,0.0,0.2896,0.2723,0.2723,0.2723,0.2723,0.2723,0.2723,0.2723,0.2723,0.2723,0.2723,0.2723,0.2723,0.2723,0.2723,0.2723,0.2723,0.2723,0.2723,0.2723,0.0,0.2984,0.2984,0.2984,0.2984,0.2984,0.2984,0.2984,0.2984,0.2984,0.2984,0.2984,0.2984,0.2984,0.2984,0.2984,0.2984,0.2984,0.2984,0.2984,0.2984,0.0,0.3073,0.3073,0.3073,0.3073,0.3073,0.3073,0.3073,0.3073,0.3073,0.3073,0.3073,0.3073,0.3073,0.3073,0.3073,0.3073,0.3073,0.3073,0.3073,0.3073,0.0,0.3163,0.3163,0.3163,0.3163,0.3163,0.3163,0.3163,0.3163,0.3163,0.3163,0.3163,0.3163,0.3163,0.3163,0.3163,0.3163,0.3163,0.3163,0.3163,0.3163,0.0,0.2984,0.2984,0.2984,0.2984,0.2984,0.2984,0.2984,0.2984,0.2984,0.2984,0.2984,0.2984,0.2984,0.2984,0.2984,0.2984,0.2984,0.2984,0.2984,0.2984,0.2984,
12.832812070846558,4563,4537,4486,4442,4483,4400,4430,4438,4404,4373,4344,4343,4238,4260,4284,4220,4171,4109,4130,4131,0,4251,4294,4223,4119,4154,4162,4121,4070,3999,4020,4037,4000,3971,3920,3899,3925,3850,3875,3843,3878,0,4394,4338,4344,4332,4376,4365,4290,4225,4201,4196,4223,4182,4155,4187,4023,4060,4068,3996,3968,4028,0,4581,4509,4504,4509,4511,4458,4431,4447,4417,4398,4337,4320,4316,4251,4237,4262,4236,4186,4136,4173,0,4523,4503,4517,4400,4470,4417,4399,4306,4355,4351,4279,4319,4264,4243,4225,4191,4180,4163,4126,4088,0,4321,4369,4302,4220,4264,4212,4188,4218,4140,4120,4144,4056,4059,4060,4078,4031,3965,3966,3945,3920,3932,0.3073,0.3073,0.3073,0.3073,0.3073,0.3073,0.3073,0.3073,0.3073,0.3073,0.3073,0.3073,0.3073,0.3073,0.3073,0.3073,0.3073,0.3073,0.3073,0.3073,0.0,0.2896,0.2723,0.2723,0.2723,0.2723,0.2723,0.2723,0.2723,0.2723,0.2723,0.2723,0.2723,0.2723,0.2723,0.2723,0.2723,0.2723,0.2723,0.2723,0.2723,0.0,0.2984,0.2984,0.2984,0.2984,0.2984,0.2984,0.2984,0.2984,0.2984,0.2984,0.2984,0.2984,0.2984,0.2984,0.2984,0.2984,0.2984,0.2984,0.2984,0.2984,0.0,0.3073,0.3073,0.3073,0.3073,0.3073,0.3073,0.3073,0.3073,0.3073,0.3073,0.3073,0.3073,0.3073,0.3073,0.3073,0.3073,0.3073,0.3073,0.3073,0.3073,0.0,0.3163,0.3163,0.3163,0.3163,0.3163,0.3163,0.3163,0.3163,0.3163,0.3163,0.3163,0.3163,0.3163,0.3163,0.3163,0.3163,0.3163,0.3163,0.3163,0.3163,0.0,0.2984,0.2984,0.2984,0.2984,0.2984,0.2984,0.2984,0.2984,0.2984,0.2984,0.2984,0.2984,0.2984,0.2984,0.2984,0.2984,0.2984,0.2984,0.2984,0.2984,0.2984,
12.9345383644104,4058,4006,3976,3922,3996,3925,3922,3894,3864,3835,3809,3800,3700,3724,3708,3688,3637,3599,3669,3617,0,4251,4294,4223,4119,4154,4162,4121,4070,3999,4020,4037,4000,3971,3920,3899,3925,3850,3875,3843,3878,0,3932,3861,3858,3833,3857,3849,3759,3733,3693,3683,3720,3644,3610,3633,3480,3567,3574,3507,3498,3532,0,4078,4049,4020,4026,3997,3971,3932,3933,3922,3902,3833,3847,3812,3761,3723,3772,3729,3708,3649,3673,0,4053,3997,3946,3956,3937,3966,3860,3851,3901,3849,3816,3779,3787,3717,3772,3695,3740,3667,3652,3663,0,3872,3872,3803,3764,3772,3737,3731,3723,3698,3765,3686,3652,3599,3544,3576,3531,3503,3498,3441,3469,3458,0.2723,0.2723,0.2723,0.2723,0.2723,0.2723,0.2723,0.2723,0.2723,0.2723,0.2723,0.2723,0.2723,0.2723,0.2723,0.2723,0.2723,0.2723,0.2723,0.2723,0.0,0.2896,0.2723,0.2723,0.2723,0.2723,0.2723,0.2723,0.2723,0.2723,0.2723,0.2723,0.2723,0.2723,0.2723,0.2723,0.2723,0.2723,0.2723,0.2723,0.2723,0.0,0.2638,0.2638,0.2638,0.2638,0.2638,0.2638,0.2638,0.2638,0.2638,0.2638,0.2638,0.2638,0.2638,0.2638,0.2638,0.2638,0.2638,0.2638,0.2638,0.2638,0.0,0.2723,0.2555,0.2555,0.2555,0.2555,0.2555,0.2555,0.2555,0.2555,0.2555,0.2555,0.2555,0.2555,0.2555,0.2555,0.2555,0.2555,0.2555,0.2555,0.2555,0.0,0.2809,0.2638,0.2638,0.2638,0.2638,0.2638,0.2638,0.2638,0.2638,0.2638,0.2638,0.2638,0.2638,0.2638,0.2638,0.2638,0.2638,0.2638,0.2638,0.2638,0.0,0.2638,0.2473,0.2473,0.2473,0.2473,0.2473,0.2473,0.2473,0.2473,0.2473,0.2473,0.2473,0.2473,0.2473,0.2473,0.2473,0.2473,0.2473,0.2473,0.2473,0.2473,
13.036455631256104,4058,4006,3976,3922,3996,3925,3922,3894,3864,3835,3809,3800,3700,3724,3708,3688,3637,3599,3669,3617,0,4251,4294,4223,4119,4154,4162,4121,4070,3999,4020,4037,4000,3971,3920,3899,3925,3850,3875,3843,3878,0,3932,3861,3858,3833,3857,3849,3759,3733,3693,3683,3720,3644,3610,3633,3480,3567,3574,3507,3498,3532,0,4078,4049,4020,4026,3997,3971,3932,3933,3922,3902,3833,3847,3812,3761,3723,3772,3729,3708,3649,3673,0,4053,3997,3946,3956,3937,3966,3860,3851,3901,3849,3816,3779,3787,3717,3772,3695,3740,3667,3652,3663,0,3872,3872,3803,3764,3772,3737,3731,3723,3698,3765,3686,3652,3599,3544,3576,3531,3503,3498,3441,3469,3458,0.2723,0.2723,0.2723,0.2723,0.2723,0.2723,0.2723,0.2723,0.2723,0.2723,0.2723,0.2723,0.2723,0.2723,0.2723,0.2723,0.2723,0.2723,0.2723,0.2723,0.0,0.2896,0.2723,0.2723,0.2723,0.2723,0.2723,0.2723,0.2723,0.2723,0.2723,0.2723,0.2723,0.2723,0.2723,0.2723,0.2723,0.2723,0.2723,0.2723,0.2723,0.0,0.2638,0.2638,0.2638,0.2638,0.2638,0.2638,0.2638,0.2638,0.2638,0.2638,0.2638,0.2638,0.2638,0.2638,0.2638,0.2638,0.2638,0.2638,0.2638,0.2638,0.0,0.2723,0.2555,0.2555,0.2555,0.2555,0.2555,0.2555,0.2555,0.2555,0.2555,0.2555,0.2555,0.2555,0.2555,0.2555,0.2555,0.2555,0.2555,0.2555,0.2555,0.0,0.2809,0.2638,0.2638,0.2638,0.2638,0.2638,0.2638,0.2638,0.2638,0.2638,0.2638,0.2638,0.2638,0.2638,0.2638,0.2638,0.2638,0.2638,0.2638,0.2638,0.0,0.2638,0.2473,0.2473,0.2473,0.2473,0.2473,0.2473,0.2473,0.2473,0.2473,0.2473,0.2473,0.2473,0.2473,0.2473,0.2473,0.2473,0.2473,0.2473,0.2473,0.2473,
13.138099908828735,4058,4006,3976,3922,3996,3925,3922,3894,3864,3835,3809,3800,3700,3724,3708,3688,3637,3599,3669,3617,0,4251,4294,4223,4119,4154,4162,4121,4070,3999,4020,4037,4000,3971,3920,3899,3925,3850,3875,3843,3878,0,3932,3861,3858,3833,3857,3849,3759,3733,3693,3683,3720,3644,3610,3633,3480,3567,3574,3507,3498,3532,0,4078,4049,4020,4026,3997,3971,3932,3933,3922,3902,3833,3847,3812,3761,3723,3772,3729,3708,3649,3673,0,4053,3997,3946,3956,3937,3966,3860,3851,3901,3849,3816,3779,3787,3717,3772,3695,3740,3667,3652,3663,0,3872,3872,3803,3764,3772,3737,3731,3723,3698,3765,3686,3652,3599,3544,3576,3531,3503,3498,3441,3469,3458,0.2723,0.2723,0.2723,0.2723,0.2723,0.2723,0.2723,0.2723,0.2723,0.2723,0.2723,0.2723,0.2723,0.2723,0.2723,0.2723,0.2723,0.2723,0.2723,0.2723,0.0,0.2896,0.2723,0.2723,0.2723,0.2723,0.2723,0.2723,0.2723,0.2723,0.2723,0.2723,0.2723,0.2723,0.2723,0.2723,0.2723,0.2723,0.2723,0.2723,0.2723,0.0,0.2638,0.2638,0.2638,0.2638,0.2638,0.2638,0.2638,0.2638,0.2638,0.2638,0.2638,0.2638,0.2638,0.2638,0.2638,0.2638,0.2638,0.2638,0.2638,0.2638,0.0,0.2723,0.2555,0.2555,0.2555,0.2555,0.2555,0.2555,0.2555,0.2555,0.2555,0.2555,0.2555,0.2555,0.2555,0.2555,0.2555,0.2555,0.2555,0.2555,0.2555,0.0,0.2809,0.2638,0.2638,0.2638,0.2638,0.2638,0.2638,0.2638,0.2638,0.2638,0.2638,0.2638,0.2638,0.2638,0.2638,0.2638,0.2638,0.2638,0.2638,0.2638,0.0,0.2638,0.2473,0.2473,0.2473,0.2473,0.2473,0.2473,0.2473,0.2473,0.2473,0.2473,0.2473,0.2473,0.2473,0.2473,0.2473,0.2473,0.2473,0.2473,0.2473,0.2473,
13.240174531936646,4058,4006,3976,3922,3996,3925,3922,3894,3864,3835,3809,3800,3700,3724,3708,3688,3637,3599,3669,3617,0,3699,3765,3675,3577,3632,3616,3580,3530,3498,3524,3481,3463,3448,3374,3347,3359,3311,3309,3299,3343,0,3932,3861,3858,3833,3857,3849,3759,3733,3693,3683,3720,3644,3610,3633,3480,3567,3574,3507,3498,3532,0,4078,4049,4020,4026,3997,3971,3932,3933,3922,3902,3833,3847,3812,3761,3723,3772,3729,3708,3649,3673,0,4053,3997,3946,3956,3937,3966,3860,3851,3901,3849,3816,3779,3787,3717,3772,3695,3740,3667,3652,3663,0,3872,3872,3803,3764,3772,3737,3731,3723,3698,3765,3686,3652,3599,3544,3576,3531,3503,3498,3441,3469,3458,0.2723,0.2723,0.2723,0.2723,0.2723,0.2723,0.2723,0.2723,0.2723,0.2723,0.2723,0.2723,0.2723,0.2723,0.2723,0.2723,0.2723,0.2723,0.2723,0.2723,0.0,0.2314,0.2314,0.2314,0.2314,0.2314,0.2314,0.2314,0.2314,0.2314,0.2314,0.2314,0.2314,0.2314,0.2314,0.2314,0.2314,0.2314,0.2314,0.2314,0.2314,0.0,0.2638,0.2638,0.2638,0.2638,0.2638,0.2638,0.2638,0.2638,0.2638,0.2638,0.2638,0.2638,0.2638,0.2638,0.2638,0.2638,0.2638,0.2638,0.2638,0.2638,0.0,0.2723,0.2555,0.2555,0.2555,0.2555,0.2555,0.2555,0.2555,0.2555,0.2555,0.2555,0.2555,0.2555,0.2555,0.2555,0.2555,0.2555,0.2555,0.2555,0.2555,0.0,0.2809,0.2638,0.2638,0.2638,0.2638,0.2638,0.2638,0.2638,0.2638,0.2638,0.2638,0.2638,0.2638,0.2638,0.2638,0.2638,0.2638,0.2638,0.2638,0.2638,0.0,0.2638,0.2473,0.2473,0.2473,0.2473,0.2473,0.2473,0.2473,0.2473,0.2473,0.2473,0.2473,0.2473,0.2473,0.2473,0.2473,0.2473,0.2473,0.2473,0.2473,0.2473,
13.392511129379272,3540,3467,3448,3423,3439,3402,3365,3317,3360,3311,3271,3269,3205,3226,3206,3176,3161,3161,3190,3176,0,3699,3765,3675,3577,3632,3616,3580,3530,3498,3524,3481,3463,3448,3374,3347,3359,3311,3309,3299,3343,0,3932,3861,3858,3833,3857,3849,3759,3733,3693,3683,3720,3644,3610,3633,3480,3567,3574,3507,3498,3532,0,4078,4049,4020,4026,3997,3971,3932,3933,3922,3902,3833,3847,3812,3761,3723,3772,3729,3708,3649,3673,0,3586,3547,3446,3532,3462,3506,3409,3465,3430,3331,3344,3324,3365,3321,3351,3276,3316,3234,3227,3222,0,3872,3872,3803,3764,3772,3737,3731,3723,3698,3765,3686,3652,3599,3544,3576,3531,3503,3498,3441,3469,3458,0.2314,0.2088,0.2088,0.2088,0.2088,0.2088,0.2088,0.2088,0.2088,0.2088,0.2088,0.2088,0.2088,0.2088,0.2088,0.2088,0.2088,0.2088,0.2088,0.2088,0.0,0.2314,0.2314,0.2314,0.2314,0.2314,0.2314,0.2314,0.2314,0.2314,0.2314,0.2314,0.2314,0.2314,0.2314,0.2314,0.2314,0.2314,0.2314,0.2314,0.2314,0.0,0.2638,0.2638,0.2638,0.2638,0.2638,0.2638,0.2638,0.2638,0.2638,0.2638,0.2638,0.2638,0.2638,0.2638,0.2638,0.2638,0.2638,0.2638,0.2638,0.2638,0.0,0.2723,0.2555,0.2555,0.2555,0.2555,0.2555,0.2555,0.2555,0.2555,0.2555,0.2555,0.2555,0.2555,0.2555,0.2555,0.2555,0.2555,0.2555,0.2555,0.2555,0.0,0.2237,0.2237,0.2237,0.2237,0.2237,0.2237,0.2237,0.2237,0.2237,0.2237,0.2237,0.2237,0.2237,0.2237,0.2237,0.2237,0.2237,0.2237,0.2237,0.2237,0.0,0.2638,0.2473,0.2473,0.2473,0.2473,0.2473,0.2473,0.2473,0.2473,0.2473,0.2473,0.2473,0.2473,0.2473,0.2473,0.2473,0.2473,0.2473,0.2473,0.2473,0.2473,
13.444115161895752,3540,3467,3448,3423,3439,3402,3365,3317,3360,3311,3271,3269,3205,3226,3206,3176,3161,3161,3190,3176,0,3699,3765,3675,3577,3632,3616,3580,3530,3498,3524,3481,3463,3448,3374,3347,3359,3311,3309,3299,3343,0,3932,3861,3858,3833,3857,3849,3759,3733,3693,3683,3720,3644,3610,3633,3480,3567,3574,3507,3498,3532,0,3526,3526,3494,3527,3476,3425,3372,3377,3349,3327,3264,3276,3285,3266,3221,3200,3161,3170,3118,3123,0,3586,3547,3446,3532,3462,3506,3409,3465,3430,3331,3344,3324,3365,3321,3351,3276,3316,3234,3227,3222,0,3449,3386,3330,3344,3294,3271,3286,3251,3222,3280,3242,3221,3178,3098,3120,3143,3057,3033,2956,3026,3006,0.2314,0.2088,0.2088,0.2088,0.2088,0.2088,0.2088,0.2088,0.2088,0.2088,0.2088,0.2088,0.2088,0.2088,0.2088,0.2088,0.2088,0.2088,0.2088,0.2088,0.0,0.2314,0.2314,0.2314,0.2314,0.2314,0.2314,0.2314,0.2314,0.2314,0.2314,0.2314,0.2314,0.2314,0.2314,0.2314,0.2314,0.2314,0.2314,0.2314,0.2314,0.0,0.2638,0.2638,0.2638,0.2638,0.2638,0.2638,0.2638,0.2638,0.2638,0.2638,0.2638,0.2638,0.2638,0.2638,0.2638,0.2638,0.2638,0.2638,0.2638,0.2638,0.0,0.2314,0.2088,0.2088,0.2088,0.2088,0.2088,0.2088,0.2088,0.2088,0.2088,0.2088,0.2088,0.2088,0.2088,0.2088,0.2088,0.2088,0.2088,0.2088,0.2088,0.0,0.2237,0.2237,0.2237,0.2237,0.2237,0.2237,0.2237,0.2237,0.2237,0.2237,0.2237,0.2237,0.2237,0.2237,0.2237,0.2237,0.2237,0.2237,0.2237,0.2237,0.0,0.2088,0.2088,0.2088,0.2088,0.2088,0.2088,0.2088,0.2088,0.2088,0.2088,0.2088,0.2088,0.2088,0.2088,0.2088,0.2088,0.2088,0.2088,0.2088,0.2088,0.2088,
13.646272659301758,3540,3467,3448,3423,3439,3402,3365,3317,3360,3311,3271,3269,3205,3226,3206,3176,3161,3161,3190,3176,0,3699,3765,3675,3577,3632,3616,3580,3530,3498,3524,3481,3463,3448,3374,3347,3359,3311,3309,3299,3343,0,3451,3338,3370,3332,3354,3311,3245,3250,3215,3198,3244,3207,3140,3131,3036,3097,3078,3043,3052,3032,0,3526,3526,3494,3527,3476,3425,3372,3377,3349,3327,3264,3276,3285,3266,3221,3200,3161,3170,3118,3123,0,3586,3547,3446,3532,3462,3506,3409,3465,3430,3331,3344,3324,3365,3321,3351,3276,3316,3234,3227,3222,0,3449,3386,3330,3344,3294,3271,3286,3251,3222,3280,3242,3221,3178,3098,3120,3143,3057,3033,2956,3026,3006,0.2314,0.2088,0.2088,0.2088,0.2088,0.2088,0.2088,0.2088,0.2088,0.2088,0.2088,0.2088,0.2088,0.2088,0.2088,0.2088,0.2088,0.2088,0.2088,0.2088,0.0,0.2314,0.2314,0.2314,0.2314,0.2314,0.2314,0.2314,0.2314,0.2314,0.2314,0.2314,0.2314,0.2314,0.2314,0.2314,0.2314,0.2314,0.2314,0.2314,0.2314,0.0,0.2088,0.2088,0.2088,0.2088,0.2088,0.2088,0.2088,0.2088,0.2088,0.2088,0.2088,0.2088,0.2088,0.2088,0.2088,0.2088,0.2088,0.2088,0.2088,0.2088,0.0,0.2314,0.2088,0.2088,0.2088,0.2088,0.2088,0.2088,0.2088,0.2088,0.2088,0.2088,0.2088,0.2088,0.2088,0.2088,0.2088,0.2088,0.2088,0.2088,0.2088,0.0,0.2237,0.2237,0.2237,0.2237,0.2237,0.2237,0.2237,0.2237,0.2237,0.2237,0.2237,0.2237,0.2237,0.2237,0.2237,0.2237,0.2237,0.2237,0.2237,0.2237,0.0,0.2088,0.2088,0.2088,0.2088,0.2088,0.2088,0.2088,0.2088,0.2088,0.2088,0.2088,0.2088,0.2088,0.2088,0.2088,0.2088,0.2088,0.2088,0.2088,0.2088,0.2088,
13.74816370010376,3540,3467,3448,3423,3439,3402,3365,3317,3360,3311,3271,3269,3205,3226,3206,3176,3161,3161,3190,3176,0,3699,3765,3675,3577,3632,3616,3580,3530,3498,3524,3481,3463,3448,3374,3347,3359,3311,3309,3299,3343,0,3451,3338,3370,3332,3354,3311,3245,3250,3215,3198,3244,3207,3140,3131,3036,3097,3078,3043,3052,3032,0,3526,3526,3494,3527,3476,3425,3372,3377,3349,3327,3264,3276,3285,3266,3221,3200,3161,3170,3118,3123,0,3586,3547,3446,3532,3462,3506,3409,3465,3430,3331,3344,3324,3365,3321,3351,3276,3316,3234,3227,3222,0,3449,3386,3330,3344,3294,3271,3286,3251,3222,3280,3242,3221,3178,3098,3120,3143,3057,3033,2956,3026,3006,0.2314,0.2088,0.2088,0.2088,0.2088,0.2088,0.2088,0.2088,0.2088,0.2088,0.2088,0.2088,0.2088,0.2088,0.2088,0.2088,0.2088,0.2088,0.2088,0.2088,0.0,0.2314,0.2314,0.2314,0.2314,0.2314,0.2314,0.2314,0.2314,0.2314,0.2314,0.2314,0.2314,0.2314,0.2314,0.2314,0.2314,0.2314,0.2314,0.2314,0.2314,0.0,0.2088,0.2088,0.2088,0.2088,0.2088,0.2088,0.2088,0.2088,0.2088,0.2088,0.2088,0.2088,0.2088,0.2088,0.2088,0.2088,0.2088,0.2088,0.2088,0.2088,0.0,0.2314,0.2088,0.2088,0.2088,0.2088,0.2088,0.2088,0.2088,0.2088,0.2088,0.2088,0.2088,0.2088,0.2088,0.2088,0.2088,0.2088,0.2088,0.2088,0.2088,0.0,0.2237,0.2237,0.2237,0.2237,0.2237,0.2237,0.2237,0.2237,0.2237,0.2237,0.2237,0.2237,0.2237,0.2237,0.2237,0.2237,0.2237,0.2237,0.2237,0.2237,0.0,0.2088,0.2088,0.2088,0.2088,0.2088,0.2088,0.2088,0.2088,0.2088,0.2088,0.2088,0.2088,0.2088,0.2088,0.2088,0.2088,0.2088,0.2088,0.2088,0.2088,0.2088,
13.850384712219238,3540,3467,3448,3423,3439,3402,3365,3317,3360,3311,3271,3269,3205,3226,3206,3176,3161,3161,3190,3176,0,3191,3229,3160,3087,3147,3115,3075,3037,3023,3040,2985,2987,2947,2903,2875,2890,2892,2824,2832,2831,0,3451,3338,3370,3332,3354,3311,3245,3250,3215,3198,3244,3207,3140,3131,3036,3097,3078,3043,3052,3032,0,3526,3526,3494,3527,3476,3425,3372,3377,3349,3327,3264,3276,3285,3266,3221,3200,3161,3170,3118,3123,0,3586,3547,3446,3532,3462,3506,3409,3465,3430,3331,3344,3324,3365,3321,3351,3276,3316,3234,3227,3222,0,3449,3386,3330,3344,3294,3271,3286,3251,3222,3280,3242,3221,3178,3098,3120,3143,3057,3033,2956,3026,3006,0.2314,0.2088,0.2088,0.2088,0.2088,0.2088,0.2088,0.2088,0.2088,0.2088,0.2088,0.2088,0.2088,0.2088,0.2088,0.2088,0.2088,0.2088,0.2088,0.2088,0.0,0.1946,0.1946,0.1946,0.1946,0.1946,0.1946,0.1946,0.1946,0.1946,0.1946,0.1946,0.1946,0.1946,0.1946,0.1946,0.1946,0.1946,0.1946,0.1946,0.1946,0.0,0.2088,0.2088,0.2088,0.2088,0.2088,0.2088,0.2088,0.2088,0.2088,0.2088,0.2088,0.2088,0.2088,0.2088,0.2088,0.2088,0.2088,0.2088,0.2088,0.2088,0.0,0.2314,0.2088,0.2088,0.2088,0.2088,0.2088,0.2088,0.2088,0.2088,0.2088,0.2088,0.2088,0.2088,0.2088,0.2088,0.2088,0.2088,0.2088,0.2088,0.2088,0.0,0.2237,0.2237,0.2237,0.2237,0.2237,0.2237,0.2237,0.2237,0.2237,0.2237,0.2237,0.2237,0.2237,0.2237,0.2237,0.2237,0.2237,0.2237,0.2237,0.2237,0.0,0.2088,0.2088,0.2088,0.2088,0.2088,0.2088,0.2088,0.2088,0.2088,0.2088,0.2088,0.2088,0.2088,0.2088,0.2088,0.2088,0.2088,0.2088,0.2088,0.2088,0.2088,
14.00231146812439,3057,2991,2987,2951,2952,2951,2908,2897,2876,2838,2835,2842,2758,2769,2773,2727,2711,2742,2753,2726,0,3191,3229,3160,3087,3147,3115,3075,3037,3023,3040,2985,2987,2947,2903,2875,2890,2892,2824,2832,2831,0,3451,3338,3370,3332,3354,3311,3245,3250,3215,3198,3244,3207,3140,3131,3036,3097,3078,3043,3052,3032,0,3526,3526,3494,3527,3476,3425,3372,3377,3349,3327,3264,3276,3285,3266,3221,3200,3161,3170,3118,3123,0,3166,3135,3052,3129,3007,3057,3021,3028,3016,2900,2900,2877,2948,2870,2895,2835,2849,2782,2783,2789,0,3449,3386,3330,3344,3294,3271,3286,3251,3222,3280,3242,3221,3178,3098,3120,3143,3057,3033,2956,3026,3006,0.1813,0.1813,0.1813,0.1813,0.1813,0.1813,0.1813,0.1813,0.1813,0.1813,0.1813,0.1813,0.1813,0.1813,0.1813,0.1813,0.1813,0.1813,0.1813,0.1813,0.0,0.1946,0.1946,0.1946,0.1946,0.1946,0.1946,0.1946,0.1946,0.1946,0.1946,0.1946,0.1946,0.1946,0.1946,0.1946,0.1946,0.1946,0.1946,0.1946,0.1946,0.0,0.2088,0.2088,0.2088,0.2088,0.2088,0.2088,0.2088,0.2088,0.2088,0.2088,0.2088,0.2088,0.2088,0.2088,0.2088,0.2088,0.2088,0.2088,0.2088,0.2088,0.0,0.2314,0.2088,0.2088,0.2088,0.2088,0.2088,0.2088,0.2088,0.2088,0.2088,0.2088,0.2088,0.2088,0.2088,0.2088,0.2088,0.2088,0.2088,0.2088,0.2088,0.0,0.1813,0.1813,0.1813,0.1813,0.1813,0.1813,0.1813,0.1813,0.1813,0.1813,0.1813,0.1813,0.1813,0.1813,0.1813,0.1813,0.1813,0.1813,0.1813,0.1813,0.0,0.2088,0.2088,0.2088,0.2088,0.2088,0.2088,0.2088,0.2088,0.2088,0.2088,0.2088,0.2088,0.2088,0.2088,0.2088,0.2088,0.2088,0.2088,0.2088,0.2088,0.2088,
14.154053449630737,3057,2991,2987,2951,2952,2951,2908,2897,2876,2838,2835,2842,2758,2769,2773,2727,2711,2742,2753,2726,0,3191,3229,3160,3087,3147,3115,3075,3037,3023,3040,2985,2987,2947,2903,2875,2890,2892,2824,2832,2831,0,2996,2879,2900,2851,2835,2796,2762,2783,2735,2720,2731,2753,2673,2641,2595,2624,2580,2554,2585,2534,0,3009,2982,2946,2994,3013,2920,2856,2862,2849,2823,2791,2790,2768,2786,2758,2715,2672,2687,2608,2625,0,3166,3135,3052,3129,3007,3057,3021,3028,3016,2900,2900,2877,2948,2870,2895,2835,2849,2782,2783,2789,0,3031,2918,2888,2916,2858,2829,2861,2804,2790,2777,2818,2780,2759,2643,2664,2693,2660,2590,2491,2579,2550,0.1813,0.1813,0.1813,0.1813,0.1813,0.1813,0.1813,0.1813,0.1813,0.1813,0.1813,0.1813,0.1813,0.1813,0.1813,0.1813,0.1813,0.1813,0.1813,0.1813,0.0,0.1946,0.1946,0.1946,0.1946,0.1946,0.1946,0.1946,0.1946,0.1946,0.1946,0.1946,0.1946,0.1946,0.1946,0.1946,0.1946,0.1946,0.1946,0.1946,0.1946,0.0,0.1688,0.1688,0.1688,0.1688,0.1688,0.1688,0.1688,0.1688,0.1688,0.1688,0.1688,0.1688,0.1688,0.1688,0.1688,0.1688,0.1688,0.1688,0.1688,0.1688,0.0,0.1813,0.1813,0.1813,0.1813,0.1813,0.1813,0.1813,0.1813,0.1813,0.1813,0.1813,0.1813,0.1813,0.1813,0.1813,0.1813,0.1813,0.1813,0.1813,0.1813,0.0,0.1813,0.1813,0.1813,0.1813,0.1813,0.1813,0.1813,0.1813,0.1813,0.1813,0.1813,0.1813,0.1813,0.1813,0.1813,0.1813,0.1813,0.1813,0.1813,0.1813,0.0,0.1688,0.1688,0.1688,0.1688,0.1688,0.1688,0.1688,0.1688,0.1688,0.1688,0.1688,0.1688,0.1688,0.1688,0.1688,0.1688,0.1688,0.1688,0.1688,0.1688,0.1688,
14.256210327148438,3057,2991,2987,2951,2952,2951,2908,2897,2876,2838,2835,2842,2758,2769,2773,2727,2711,2742,2753,2726,0,3191,3229,3160,3087,3147,3115,3075,3037,3023,3040,2985,2987,2947,2903,2875,2890,2892,2824,2832,2831,0,2996,2879,2900,2851,2835,2796,2762,2783,2735,2720,2731,2753,2673,2641,2595,2624,2580,2554,2585,2534,0,3009,2982,2946,2994,3013,2920,2856,2862,2849,2823,2791,2790,2768,2786,2758,2715,2672,2687,2608,2625,0,3166,3135,3052,3129,3007,3057,3021,3028,3016,2900,2900,2877,2948,2870,2895,2835,2849,2782,2783,2789,0,3031,2918,2888,2916,2858,2829,2861,2804,2790,2777,2818,2780,2759,2643,2664,2693,2660,2590,2491,2579,2550,0.1813,0.1813,0.1813,0.1813,0.1813,0.1813,0.1813,0.1813,0.1813,0.1813,0.1813,0.1813,0.1813,0.1813,0.1813,0.1813,0.1813,0.1813,0.1813,0.1813,0.0,0.1946,0.1946,0.1946,0.1946,0.1946,0.1946,0.1946,0.1946,0.1946,0.1946,0.1946,0.1946,0.1946,0.1946,0.1946,0.1946,0.1946,0.1946,0.1946,0.1946,0.0,0.1688,0.1688,0.1688,0.1688,0.1688,0.1688,0.1688,0.1688,0.1688,0.1688,0.1688,0.1688,0.1688,0.1688,0.1688,0.1688,0.1688,0.1688,0.1688,0.1688,0.0,0.1813,0.1813,0.1813,0.1813,0.1813,0.1813,0.1813,0.1813,0.1813,0.1813,0.1813,0.1813,0.1813,0.1813,0.1813,0.1813,0.1813,0.1813,0.1813,0.1813,0.0,0.1813,0.1813,0.1813,0.1813,0.1813,0.1813,0.1813,0.1813,0.1813,0.1813,0.1813,0.1813,0.1813,0.1813,0.1813,0.1813,0.1813,0.1813,0.1813,0.1813,0.0,0.1688,0.1688,0.1688,0.1688,0.1688,0.1688,0.1688,0.1688,0.1688,0.1688,0.1688,0.1688,0.1688,0.1688,0.1688,0.1688,0.1688,0.1688,0.1688,0.1688,0.1688,
14.358044385910034,3057,2991,2987,2951,2952,2951,2908,2897,2876,2838,2835,2842,2758,2769,2773,2727,2711,2742,2753,2726,0,3191,3229,3160,3087,3147,3115,3075,3037,3023,3040,2985,2987,2947,2903,2875,2890,2892,2824,2832,2831,0,2996,2879,2900,2851,2835,2796,2762,2783,2735,2720,2731,2753,2673,2641,2595,2624,2580,2554,2585,2534,0,3009,2982,2946,2994,3013,2920,2856,2862,2849,2823,2791,2790,2768,2786,2758,2715,2672,2687,2608,2625,0,3166,3135,3052,3129,3007,3057,3021,3028,3016,2900,2900,2877,2948,2870,2895,2835,2849,2782,2783,2789,0,3031,2918,2888,2916,2858,2829,2861,2804,2790,2777,2818,2780,2759,2643,2664,2693,2660,2590,2491,2579,2550,0.1813,0.1813,0.1813,0.1813,0.1813,0.1813,0.1813,0.1813,0.1813,0.1813,0.1813,0.1813,0.1813,0.1813,0.1813,0.1813,0.1813,0.1813,0.1813,0.1813,0.0,0.1946,0.1946,0.1946,0.1946,0.1946,0.1946,0.1946,0.1946,0.1946,0.1946,0.1946,0.1946,0.1946,0.1946,0.1946,0.1946,0.1946,0.1946,0.1946,0.1946,0.0,0.1688,0.1688,0.1688,0.1688,0.1688,0.1688,0.1688,0.1688,0.1688,0.1688,0.1688,0.1688,0.1688,0.1688,0.1688,0.1688,0.1688,0.1688,0.1688,0.1688,0.0,0.1813,0.1813,0.1813,0.1813,0.1813,0.1813,0.1813,0.1813,0.1813,0.1813,0.1813,0.1813,0.1813,0.1813,0.1813,0.1813,0.1813,0.1813,0.1813,0.1813,0.0,0.1813,0.1813,0.1813,0.1813,0.1813,0.1813,0.1813,0.1813,0.1813,0.1813,0.1813,0.1813,0.1813,0.1813,0.1813,0.1813,0.1813,0.1813,0.1813,0.1813,0.0,0.1688,0.1688,0.1688,0.1688,0.1688,0.1688,0.1688,0.1688,0.1688,0.1688,0.1688,0.1688,0.1688,0.1688,0.1688,0.1688,0.1688,0.1688,0.1688,0.1688,0.1688,
14.459669589996338,3057,2991,2987,2951,2952,2951,2908,2897,2876,2838,2835,2842,2758,2769,2773,2727,2711,2742,2753,2726,0,2743,2775,2712,2647,2698,2656,2623,2566,2547,2545,2513,2522,2492,2427,2424,2405,2424,2365,2357,2353,0,2996,2879,2900,2851,2835,2796,2762,2783,2735,2720,2731,2753,2673,2641,2595,2624,2580,2554,2585,2534,0,3009,2982,2946,2994,3013,2920,2856,2862,2849,2823,2791,2790,2768,2786,2758,2715,2672,2687,2608,2625,0,3166,3135,3052,3129,3007,3057,3021,3028,3016,2900,2900,2877,2948,2870,2895,2835,2849,2782,2783,2789,0,3031,2918,2888,2916,2858,2829,2861,2804,2790,2777,2818,2780,2759,2643,2664,2693,2660,2590,2491,2579,2550,0.1813,0.1813,0.1813,0.1813,0.1813,0.1813,0.1813,0.1813,0.1813,0.1813,0.1813,0.1813,0.1813,0.1813,0.1813,0.1813,0.1813,0.1813,0.1813,0.1813,0.0,0.1519,0.1519,0.1519,0.1519,0.1519,0.1519,0.1519,0.1519,0.1519,0.1519,0.1519,0.1519,0.1519,0.1519,0.1519,0.1519,0.1519,0.1519,0.1519,0.1519,0.0,0.1688,0.1688,0.1688,0.1688,0.1688,0.1688,0.1688,0.1688,0.1688,0.1688,0.1688,0.1688,0.1688,0.1688,0.1688,0.1688,0.1688,0.1688,0.1688,0.1688,0.0,0.1813,0.1813,0.1813,0.1813,0.1813,0.1813,0.1813,0.1813,0.1813,0.1813,0.1813,0.1813,0.1813,0.1813,0.1813,0.1813,0.1813,0.1813,0.1813,0.1813,0.0,0.1813,0.1813,0.1813,0.1813,0.1813,0.1813,0.1813,0.1813,0.1813,0.1813,0.1813,0.1813,0.1813,0.1813,0.1813,0.1813,0.1813,0.1813,0.1813,0.1813,0.0,0.1688,0.1688,0.1688,0.1688,0.1688,0.1688,0.1688,0.1688,0.1688,0.1688,0.1688,0.1688,0.1688,0.1688,0.1688,0.1688,0.1688,0.1688,0.1688,0.1688,0.1688,
14.561287879943848,3057,2991,2987,2951,2952,2951,2908,2897,2876,2838,2835,2842,2758,2769,2773,2727,2711,2742,2753,2726,0,2743,2775,2712,2647,2698,2656,2623,2566,2547,2545,2513,2522,2492,2427,2424,2405,2424,2365,2357,2353,0,2996,2879,2900,2851,2835,2796,2762,2783,2735,2720,2731,2753,2673,2641,2595,2624,2580,2554,2585,2534,0,3009,2982,2946,2994,3013,2920,2856,2862,2849,2823,2791,2790,2768,2786,2758,2715,2672,2687,2608,2625,0,3166,3135,3052,3129,3007,3057,3021,3028,3016,2900,2900,2877,2948,2870,2895,2835,2849,2782,2783,2789,0,3031,2918,2888,2916,2858,2829,2861,2804,2790,2777,2818,2780,2759,2643,2664,2693,2660,2590,2491,2579,2550,0.1813,0.1813,0.1813,0.1813,0.1813,0.1813,0.1813,0.1813,0.1813,0.1813,0.1813,0.1813,0.1813,0.1813,0.1813,0.1813,0.1813,0.1813,0.1813,0.1813,0.0,0.1519,0.1519,0.1519,0.1519,0.1519,0.1519,0.1519,0.1519,0.1519,0.1519,0.1519,0.1519,0.1519,0.1519,0.1519,0.1519,0.1519,0.1519,0.1519,0.1519,0.0,0.1688,0.1688,0.1688,0.1688,0.1688,0.1688,0.1688,0.1688,0.1688,0.1688,0.1688,0.1688,0.1688,0.1688,0.1688,0.1688,0.1688,0.1688,0.1688,0.1688,0.0,0.1813,0.1813,0.1813,0.1813,0.1813,0.1813,0.1813,0.1813,0.1813,0.1813,0.1813,0.1813,0.1813,0.1813,0.1813,0.1813,0.1813,0.1813,0.1813,0.1813,0.0,0.1813,0.1813,0.1813,0.1813,0.1813,0.1813,0.1813,0.1813,0.1813,0.1813,0.1813,0.1813,0.1813,0.1813,0.1813,0.1813,0.1813,0.1813,0.1813,0.1813,0.0,0.1688,0.1688,0.1688,0.1688,0.1688,0.1688,0.1688,0.1688,0.1688,0.1688,0.1688,0.1688,0.1688,0.1688,0.1688,0.1688,0.1688,0.1688,0.1688,0.1688,0.1688,
14.763459205627441,2600,2555,2583,2534,2522,2515,2492,2506,2481,2423,2374,2400,2348,2336,2367,2300,2283,2307,2342,2276,0,2743,2775,2712,2647,2698,2656,2623,2566,2547,2545,2513,2522,2492,2427,2424,2405,2424,2365,2357,2353,0,2996,2879,2900,2851,2835,2796,2762,2783,2735,2720,2731,2753,2673,2641,2595,2624,2580,2554,2585,2534,0,3009,2982,2946,2994,3013,2920,2856,2862,2849,2823,2791,2790,2768,2786,2758,2715,2672,2687,2608,2625,0,2721,2684,2612,2679,2560,2596,2550,2597,2573,2435,2439,2393,2459,2400,2427,2369,2354,2309,2315,2322,0,3031,2918,2888,2916,2858,2829,2861,2804,2790,2777,2818,2780,2759,2643,2664,2693,2660,2590,2491,2579,2550,0.1418,0.1418,0.1418,0.1418,0.1418,0.1418,0.1418,0.1418,0.1418,0.1418,0.1418,0.1418,0.1418,0.1418,0.1418,0.1418,0.1418,0.1418,0.1418,0.1418,0.0,0.1519,0.1519,0.1519,0.1519,0.1519,0.1519,0.1519,0.1519,0.1519,0.1519,0.1519,0.1519,0.1519,0.1519,0.1519,0.1519,0.1519,0.1519,0.1519,0.1519,0.0,0.1688,0.1688,0.1688,0.1688,0.1688,0.1688,0.1688,0.1688,0.1688,0.1688,0.1688,0.1688,0.1688,0.1688,0.1688,0.1688,0.1688,0.1688,0.1688,0.1688,0.0,0.1813,0.1813,0.1813,0.1813,0.1813,0.1813,0.1813,0.1813,0.1813,0.1813,0.1813,0.1813,0.1813,0.1813,0.1813,0.1813,0.1813,0.1813,0.1813,0.1813,0.0,0.1418,0.1418,0.1418,0.1418,0.1418,0.1418,0.1418,0.1418,0.1418,0.1418,0.1418,0.1418,0.1418,0.1418,0.1418,0.1418,0.1418,0.1418,0.1418,0.1418,0.0,0.1688,0.1688,0.1688,0.1688,0.1688,0.1688,0.1688,0.1688,0.1688,0.1688,0.1688,0.1688,0.1688,0.1688,0.1688,0.1688,0.1688,0.1688,0.1688,0.1688,0.1688,
14.86507248878479,2600,2555,2583,2534,2522,2515,2492,2506,2481,2423,2374,2400,2348,2336,2367,2300,2283,2307,2342,2276,0,2743,2775,2712,2647,2698,2656,2623,2566,2547,2545,2513,2522,2492,2427,2424,2405,2424,2365,2357,2353,0,2996,2879,2900,2851,2835,2796,2762,2783,2735,2720,2731,2753,2673,2641,2595,2624,2580,2554,2585,2534,0,2532,2500,2452,2498,2541,2430,2374,2376,2369,2329,2348,2297,2271,2284,2291,2229,2182,2199,2129,2172,0,2721,2684,2612,2679,2560,2596,2550,2597,2573,2435,2439,2393,2459,2400,2427,2369,2354,2309,2315,2322,0,3031,2918,2888,2916,2858,2829,2861,2804,2790,2777,2818,2780,2759,2643,2664,2693,2660,2590,2491,2579,2550,0.1418,0.1418,0.1418,0.1418,0.1418,0.1418,0.1418,0.1418,0.1418,0.1418,0.1418,0.1418,0.1418,0.1418,0.1418,0.1418,0.1418,0.1418,0.1418,0.1418,0.0,0.1519,0.1519,0.1519,0.1519,0.1519,0.1519,0.1519,0.1519,0.1519,0.1519,0.1519,0.1519,0.1519,0.1519,0.1519,0.1519,0.1519,0.1519,0.1519,0.1519,0.0,0.1688,0.1688,0.1688,0.1688,0.1688,0.1688,0.1688,0.1688,0.1688,0.1688,0.1688,0.1688,0.1688,0.1688,0.1688,0.1688,0.1688,0.1688,0.1688,0.1688,0.0,0.1371,0.1371,0.1371,0.1371,0.1371,0.1371,0.1371,0.1371,0.1371,0.1371,0.1371,0.1371,0.1371,0.1371,0.1371,0.1371,0.1371,0.1371,0.1371,0.1371,0.0,0.1418,0.1418,0.1418,0.1418,0.1418,0.1418,0.1418,0.1418,0.1418,0.1418,0.1418,0.1418,0.1418,0.1418,0.1418,0.1418,0.1418,0.1418,0.1418,0.1418,0.0,0.1688,0.1688,0.1688,0.1688,0.1688,0.1688,0.1688,0.1688,0.1688,0.1688,0.1688,0.1688,0.1688,0.1688,0.1688,0.1688,0.1688,0.1688,0.1688,0.1688,0.1688,
14.967509984970093,2600,2555,2583,2534,2522,2515,2492,2506,2481,2423,2374,2400,2348,2336,2367,2300,2283,2307,2342,2276,0,2743,2775,2712,2647,2698,2656,2623,2566,2547,2545,2513,2522,2492,2427,2424,2405,2424,2365,2357,2353,0,2528,2418,2418,2354,2340,2276,2283,2294,2236,2237,2262,2283,2192,2165,2131,2128,2075,2059,2078,2044,0,2532,2500,2452,2498,2541,2430,2374,2376,2369,2329,2348,2297,2271,2284,2291,2229,2182,2199,2129,2172,0,2721,2684,2612,2679,2560,2596,2550,2597,2573,2435,2439,2393,2459,2400,2427,2369,2354,2309,2315,2322,0,2568,2444,2446,2485,2386,2410,2429,2377,2327,2282,2350,2301,2290,2163,2153,2211,2175,2131,2094,2134,2106,0.1418,0.1418,0.1418,0.1418,0.1418,0.1418,0.1418,0.1418,0.1418,0.1418,0.1418,0.1418,0.1418,0.1418,0.1418,0.1418,0.1418,0.1418,0.1418,0.1418,0.0,0.1519,0.1519,0.1519,0.1519,0.1519,0.1519,0.1519,0.1519,0.1519,0.1519,0.1519,0.1519,0.1519,0.1519,0.1519,0.1519,0.1519,0.1519,0.1519,0.1519,0.0,0.1327,0.1327,0.1327,0.1327,0.1327,0.1327,0.1327,0.1327,0.1327,0.1327,0.1327,0.1327,0.1327,0.1327,0.1327,0.1327,0.1327,0.1327,0.1327,0.1327,0.0,0.1371,0.1371,0.1371,0.1371,0.1371,0.1371,0.1371,0.1371,0.1371,0.1371,0.1371,0.1371,0.1371,0.1371,0.1371,0.1371,0.1371,0.1371,0.1371,0.1371,0.0,0.1418,0.1418,0.1418,0.1418,0.1418,0.1418,0.1418,0.1418,0.1418,0.1418,0.1418,0.1418,0.1418,0.1418,0.1418,0.1418,0.1418,0.1418,0.1418,0.1418,0.0,0.1247,0.1247,0.1247,0.1247,0.1247,0.1247,0.1247,0.1247,0.1247,0.1247,0.1247,0.1247,0.1247,0.1247,0.1247,0.1247,0.1247,0.1247,0.1247,0.1247,0.1247,
15.06910753250122,2600,2555,2583,2534,2522,2515,2492,2506,2481,2423,2374,2400,2348,2336,2367,2300,2283,2307,2342,2276,0,2743,2775,2712,2647,2698,2656,2623,2566,2547,2545,2513,2522,2492,2427,2424,2405,2424,2365,2357,2353,0,2528,2418,2418,2354,2340,2276,2283,2294,2236,2237,2262,2283,2192,2165,2131,2128,2075,2059,2078,2044,0,2532,2500,2452,2498,2541,2430,2374,2376,2369,2329,2348,2297,2271,2284,2291,2229,2182,2199,2129,2172,0,2721,2684,2612,2679,2560,2596,2550,2597,2573,2435,2439,2393,2459,2400,2427,2369,2354,2309,2315,2322,0,2568,2444,2446,2485,2386,2410,2429,2377,2327,2282,2350,2301,2290,2163,2153,2211,2175,2131,2094,2134,2106,0.1418,0.1418,0.1418,0.1418,0.1418,0.1418,0.1418,0.1418,0.1418,0.1418,0.1418,0.1418,0.1418,0.1418,0.1418,0.1418,0.1418,0.1418,0.1418,0.1418,0.0,0.1519,0.1519,0.1519,0.1519,0.1519,0.1519,0.1519,0.1519,0.1519,0.1519,0.1519,0.1519,0.1519,0.1519,0.1519,0.1519,0.1519,0.1519,0.1519,0.1519,0.0,0.1327,0.1327,0.1327,0.1327,0.1327,0.1327,0.1327,0.1327,0.1327,0.1327,0.1327,0.1327,0.1327,0.1327,0.1327,0.1327,0.1327,0.1327,0.1327,0.1327,0.0,0.1371,0.1371,0.1371,0.1371,0.1371,0.1371,0.1371,0.1371,0.1371,0.1371,0.1371,0.1371,0.1371,0.1371,0.1371,0.1371,0.1371,0.1371,0.1371,0.1371,0.0,0.1418,0.1418,0.1418,0.1418,0.1418,0.1418,0.1418,0.1418,0.1418,0.1418,0.1418,0.1418,0.1418,0.1418,0.1418,0.1418,0.1418,0.1418,0.1418,0.1418,0.0,0.1247,0.1247,0.1247,0.1247,0.1247,0.1247,0.1247,0.1247,0.1247,0.1247,0.1247,0.1247,0.1247,0.1247,0.1247,0.1247,0.1247,0.1247,0.1247,0.1247,0.1247,
15.170677661895752,2600,2555,2583,2534,2522,2515,2492,2506,2481,2423,2374,2400,2348,2336,2367,2300,2283,2307,2342,2276,0,2743,2775,2712,2647,2698,2656,2623,2566,2547,2545,2513,2522,2492,2427,2424,2405,2424,2365,2357,2353,0,2528,2418,2418,2354,2340,2276,2283,2294,2236,2237,2262,2283,2192,2165,2131,2128,2075,2059,2078,2044,0,2532,2500,2452,2498,2541,2430,2374,2376,2369,2329,2348,2297,2271,2284,2291,2229,2182,2199,2129,2172,0,2721,2684,2612,2679,2560,2596,2550,2597,2573,2435,2439,2393,2459,2400,2427,2369,2354,2309,2315,2322,0,2568,2444,2446,2485,2386,2410,2429,2377,2327,2282,2350,2301,2290,2163,2153,2211,2175,2131,2094,2134,2106,0.1418,0.1418,0.1418,0.1418,0.1418,0.1418,0.1418,0.1418,0.1418,0.1418,0.1418,0.1418,0.1418,0.1418,0.1418,0.1418,0.1418,0.1418,0.1418,0.1418,0.0,0.1519,0.1519,0.1519,0.1519,0.1519,0.1519,0.1519,0.1519,0.1519,0.1519,0.1519,0.1519,0.1519,0.1519,0.1519,0.1519,0.1519,0.1519,0.1519,0.1519,0.0,0.1327,0.1327,0.1327,0.1327,0.1327,0.1327,0.1327,0.1327,0.1327,0.1327,0.1327,0.1327,0.1327,0.1327,0.1327,0.1327,0.1327,0.1327,0.1327,0.1327,0.0,0.1371,0.1371,0.1371,0.1371,0.1371,0.1371,0.1371,0.1371,0.1371,0.1371,0.1371,0.1371,0.1371,0.1371,0.1371,0.1371,0.1371,0.1371,0.1371,0.1371,0.0,0.1418,0.1418,0.1418,0.1418,0.1418,0.1418,0.1418,0.1418,0.1418,0.1418,0.1418,0.1418,0.1418,0.1418,0.1418,0.1418,0.1418,0.1418,0.1418,0.1418,0.0,0.1247,0.1247,0.1247,0.1247,0.1247,0.1247,0.1247,0.1247,0.1247,0.1247,0.1247,0.1247,0.1247,0.1247,0.1247,0.1247,0.1247,0.1247,0.1247,0.1247,0.1247,
15.372533798217773,2600,2555,2583,2534,2522,2515,2492,2506,2481,2423,2374,2400,2348,2336,2367,2300,2283,2307,2342,2276,0,2743,2775,2712,2647,2698,2656,2623,2566,2547,2545,2513,2522,2492,2427,2424,2405,2424,2365,2357,2353,0,2528,2418,2418,2354,2340,2276,2283,2294,2236,2237,2262,2283,2192,2165,2131,2128,2075,2059,2078,2044,0,2532,2500,2452,2498,2541,2430,2374,2376,2369,2329,2348,2297,2271,2284,2291,2229,2182,2199,2129,2172,0,2721,2684,2612,2679,2560,2596,2550,2597,2573,2435,2439,2393,2459,2400,2427,2369,2354,2309,2315,2322,0,2568,2444,2446,2485,2386,2410,2429,2377,2327,2282,2350,2301,2290,2163,2153,2211,2175,2131,2094,2134,2106,0.1418,0.1418,0.1418,0.1418,0.1418,0.1418,0.1418,0.1418,0.1418,0.1418,0.1418,0.1418,0.1418,0.1418,0.1418,0.1418,0.1418,0.1418,0.1418,0.1418,0.0,0.1519,0.1519,0.1519,0.1519,0.1519,0.1519,0.1519,0.1519,0.1519,0.1519,0.1519,0.1519,0.1519,0.1519,0.1519,0.1519,0.1519,0.1519,0.1519,0.1519,0.0,0.1327,0.1327,0.1327,0.1327,0.1327,0.1327,0.1327,0.1327,0.1327,0.1327,0.1327,0.1327,0.1327,0.1327,0.1327,0.1327,0.1327,0.1327,0.1327,0.1327,0.0,0.1371,0.1371,0.1371,0.1371,0.1371,0.1371,0.1371,0.1371,0.1371,0.1371,0.1371,0.1371,0.1371,0.1371,0.1371,0.1371,0.1371,0.1371,0.1371,0.1371,0.0,0.1418,0.1418,0.1418,0.1418,0.1418,0.1418,0.1418,0.1418,0.1418,0.1418,0.1418,0.1418,0.1418,0.1418,0.1418,0.1418,0.1418,0.1418,0.1418,0.1418,0.0,0.1247,0.1247,0.1247,0.1247,0.1247,0.1247,0.1247,0.1247,0.1247,0.1247,0.1247,0.1247,0.1247,0.1247,0.1247,0.1247,0.1247,0.1247,0.1247,0.1247,0.1247,
15.474137306213379,2600,2555,2583,2534,2522,2515,2492,2506,2481,2423,2374,2400,2348,2336,2367,2300,2283,2307,2342,2276,0,2296,2293,2267,2202,2237,2221,2177,2074,2053,2069,2033,2044,2045,1989,1968,1941,1968,1947,1901,1913,0,2528,2418,2418,2354,2340,2276,2283,2294,2236,2237,2262,2283,2192,2165,2131,2128,2075,2059,2078,2044,0,2532,2500,2452,2498,2541,2430,2374,2376,2369,2329,2348,2297,2271,2284,2291,2229,2182,2199,2129,2172,0,2270,2229,2144,2218,2087,2129,2061,2107,2101,1978,1965,1928,2028,1958,1962,1931,1916,1881,1903,1898,0,2568,2444,2446,2485,2386,2410,2429,2377,2327,2282,2350,2301,2290,2163,2153,2211,2175,2131,2094,2134,2106,0.1418,0.1418,0.1418,0.1418,0.1418,0.1418,0.1418,0.1418,0.1418,0.1418,0.1418,0.1418,0.1418,0.1418,0.1418,0.1418,0.1418,0.1418,0.1418,0.1418,0.0,0.1211,0.1211,0.1211,0.1211,0.1211,0.1211,0.1211,0.1211,0.1211,0.1211,0.1211,0.1211,0.1211,0.1211,0.1211,0.1211,0.1211,0.1211,0.1211,0.1211,0.0,0.1327,0.1327,0.1327,0.1327,0.1327,0.1327,0.1327,0.1327,0.1327,0.1327,0.1327,0.1327,0.1327,0.1327,0.1327,0.1327,0.1327,0.1327,0.1327,0.1327,0.0,0.1371,0.1371,0.1371,0.1371,0.1371,0.1371,0.1371,0.1371,0.1371,0.1371,0.1371,0.1371,0.1371,0.1371,0.1371,0.1371,0.1371,0.1371,0.1371,0.1371,0.0,0.1094,0.1094,0.1094,0.1094,0.1094,0.1094,0.1094,0.1094,0.1094,0.1094,0.1094,0.1094,0.1094,0.1094,0.1094,0.1094,0.1094,0.1094,0.1094,0.1094,0.0,0.1247,0.1247,0.1247,0.1247,0.1247,0.1247,0.1247,0.1247,0.1247,0.1247,0.1247,0.1247,0.1247,0.1247,0.1247,0.1247,0.1247,0.1247,0.1247,0.1247,0.1247,
15.6258385181427,2129,2102,2140,2070,2055,2040,2008,2045,2005,1954,1903,1935,1892,1871,1881,1828,1811,1806,1886,1834,0,2296,2293,2267,2202,2237,2221,2177,2074,2053,2069,2033,2044,2045,1989,1968,1941,1968,1947,1901,1913,0,2528,2418,2418,2354,2340,2276,2283,2294,2236,2237,2262,2283,2192,2165,2131,2128,2075,2059,2078,2044,0,2532,2500,2452,2498,2541,2430,2374,2376,2369,2329,2348,2297,2271,2284,2291,2229,2182,2199,2129,2172,0,2270,2229,2144,2218,2087,2129,2061,2107,2101,1978,1965,1928,2028,1958,1962,1931,1916,1881,1903,1898,0,2568,2444,2446,2485,2386,2410,2429,2377,2327,2282,2350,2301,2290,2163,2153,2211,2175,2131,2094,2134,2106,0.1119,0.1119,0.1119,0.1119,0.1119,0.1119,0.1119,0.1119,0.1119,0.1119,0.1119,0.1119,0.1119,0.1119,0.1119,0.1119,0.1119,0.1119,0.1119,0.1119,0.0,0.1211,0.1211,0.1211,0.1211,0.1211,0.1211,0.1211,0.1211,0.1211,0.1211,0.1211,0.1211,0.1211,0.1211,0.1211,0.1211,0.1211,0.1211,0.1211,0.1211,0.0,0.1327,0.1327,0.1327,0.1327,0.1327,0.1327,0.1327,0.1327,0.1327,0.1327,0.1327,0.1327,0.1327,0.1327,0.1327,0.1327,0.1327,0.1327,0.1327,0.1327,0.0,0.1371,0.1371,0.1371,0.1371,0.1371,0.1371,0.1371,0.1371,0.1371,0.1371,0.1371,0.1371,0.1371,0.1371,0.1371,0.1371,0.1371,0.1371,0.1371,0.1371,0.0,0.1094,0.1094,0.1094,0.1094,0.1094,0.1094,0.1094,0.1094,0.1094,0.1094,0.1094,0.1094,0.1094,0.1094,0.1094,0.1094,0.1094,0.1094,0.1094,0.1094,0.0,0.1247,0.1247,0.1247,0.1247,0.1247,0.1247,0.1247,0.1247,0.1247,0.1247,0.1247,0.1247,0.1247,0.1247,0.1247,0.1247,0.1247,0.1247,0.1247,0.1247,0.1247,
15.777551889419556,2129,2102,2140,2070,2055,2040,2008,2045,2005,1954,1903,1935,1892,1871,1881,1828,1811,1806,1886,1834,0,2296,2293,2267,2202,2237,2221,2177,2074,2053,2069,2033,2044,2045,1989,1968,1941,1968,1947,1901,1913,0,2528,2418,2418,2354,2340,2276,2283,2294,2236,2237,2262,2283,2192,2165,2131,2128,2075,2059,2078,2044,0,2045,2056,2010,2032,2110,1971,1937,1913,1909,1883,1879,1856,1820,1815,1884,1813,1818,1731,1696,1763,0,2270,2229,2144,2218,2087,2129,2061,2107,2101,1978,1965,1928,2028,1958,1962,1931,1916,1881,1903,1898,0,2115,1996,1997,2043,1929,1960,2007,1953,1916,1867,1941,1903,1889,1764,1771,1822,1724,1740,1803,1755,1725,0.1119,0.1119,0.1119,0.1119,0.1119,0.1119,0.1119,0.1119,0.1119,0.1119,0.1119,0.1119,0.1119,0.1119,0.1119,0.1119,0.1119,0.1119,0.1119,0.1119,0.0,0.1211,0.1211,0.1211,0.1211,0.1211,0.1211,0.1211,0.1211,0.1211,0.1211,0.1211,0.1211,0.1211,0.1211,0.1211,0.1211,0.1211,0.1211,0.1211,0.1211,0.0,0.1327,0.1327,0.1327,0.1327,0.1327,0.1327,0.1327,0.1327,0.1327,0.1327,0.1327,0.1327,0.1327,0.1327,0.1327,0.1327,0.1327,0.1327,0.1327,0.1327,0.0,0.1119,0.1053,0.1053,0.1053,0.1053,0.1053,0.1053,0.1053,0.1053,0.1053,0.1053,0.1053,0.1053,0.1053,0.1053,0.1053,0.1053,0.1053,0.1053,0.1053,0.0,0.1094,0.1094,0.1094,0.1094,0.1094,0.1094,0.1094,0.1094,0.1094,0.1094,0.1094,0.1094,0.1094,0.1094,0.1094,0.1094,0.1094,0.1094,0.1094,0.1094,0.0,0.1037,0.1037,0.1037,0.1037,0.1037,0.1037,0.1037,0.1037,0.1037,0.1037,0.1037,0.1037,0.1037,0.1037,0.1037,0.1037,0.1037,0.1037,0.1037,0.1037,0.1037,
15.979366779327393,2129,2102,2140,2070,2055,2040,2008,2045,2005,1954,1903,1935,1892,1871,1881,1828,1811,1806,1886,1834,0,2296,2293,2267,2202,2237,2221,2177,2074,2053,2069,2033,2044,2045,1989,1968,1941,1968,1947,1901,1913,0,2528,2418,2418,2354,2340,2276,2283,2294,2236,2237,2262,2283,2192,2165,2131,2128,2075,2059,2078,2044,0,2045,2056,2010,2032,2110,1971,1937,1913,1909,1883,1879,1856,1820,1815,1884,1813,1818,1731,1696,1763,0,2270,2229,2144,2218,2087,2129,2061,2107,2101,1978,1965,1928,2028,1958,1962,1931,1916,1881,1903,1898,0,2115,1996,1997,2043,1929,1960,2007,1953,1916,1867,1941,1903,1889,1764,1771,1822,1724,1740,1803,1755,1725,0.1119,0.1119,0.1119,0.1119,0.1119,0.1119,0.1119,0.1119,0.1119,0.1119,0.1119,0.1119,0.1119,0.1119,0.1119,0.1119,0.1119,0.1119,0.1119,0.1119,0.0,0.1211,0.1211,0.1211,0.1211,0.1211,0.1211,0.1211,0.1211,0.1211,0.1211,0.1211,0.1211,0.1211,0.1211,0.1211,0.1211,0.1211,0.1211,0.1211,0.1211,0.0,0.1327,0.1327,0.1327,0.1327,0.1327,0.1327,0.1327,0.1327,0.1327,0.1327,0.1327,0.1327,0.1327,0.1327,0.1327,0.1327,0.1327,0.1327,0.1327,0.1327,0.0,0.1119,0.1053,0.1053,0.1053,0.1053,0.1053,0.1053,0.1053,0.1053,0.1053,0.1053,0.1053,0.1053,0.1053,0.1053,0.1053,0.1053,0.1053,0.1053,0.1053,0.0,0.1094,0.1094,0.1094,0.1094,0.1094,0.1094,0.1094,0.1094,0.1094,0.1094,0.1094,0.1094,0.1094,0.1094,0.1094,0.1094,0.1094,0.1094,0.1094,0.1094,0.0,0.1037,0.1037,0.1037,0.1037,0.1037,0.1037,0.1037,0.1037,0.1037,0.1037,0.1037,0.1037,0.1037,0.1037,0.1037,0.1037,0.1037,0.1037,0.1037,0.1037,0.1037,
16.080933809280396,2129,2102,2140,2070,2055,2040,2008,2045,2005,1954,1903,1935,1892,1871,1881,1828,1811,1806,1886,1834,0,2296,2293,2267,2202,2237,2221,2177,2074,2053,2069,2033,2044,2045,1989,1968,1941,1968,1947,1901,1913,0,2083,1956,1975,1891,1877,1806,1821,1815,1773,1801,1821,1837,1758,1727,1673,1665,1629,1609,1640,1622,0,2045,2056,2010,2032,2110,1971,1937,1913,1909,1883,1879,1856,1820,1815,1884,1813,1818,1731,1696,1763,0,2270,2229,2144,2218,2087,2129,2061,2107,2101,1978,1965,1928,2028,1958,1962,1931,1916,1881,1903,1898,0,2115,1996,1997,2043,1929,1960,2007,1953,1916,1867,1941,1903,1889,1764,1771,1822,1724,1740,1803,1755,1725,0.1119,0.1119,0.1119,0.1119,0.1119,0.1119,0.1119,0.1119,0.1119,0.1119,0.1119,0.1119,0.1119,0.1119,0.1119,0.1119,0.1119,0.1119,0.1119,0.1119,0.0,0.1211,0.1211,0.1211,0.1211,0.1211,0.1211,0.1211,0.1211,0.1211,0.1211,0.1211,0.1211,0.1211,0.1211,0.1211,0.1211,0.1211,0.1211,0.1211,0.1211,0.0,0.1024,0.1024,0.1024,0.1024,0.1024,0.1024,0.1024,0.1024,0.1024,0.1024,0.1024,0.1024,0.1024,0.1024,0.1024,0.1024,0.1024,0.1024,0.1024,0.1024,0.0,0.1119,0.1053,0.1053,0.1053,0.1053,0.1053,0.1053,0.1053,0.1053,0.1053,0.1053,0.1053,0.1053,0.1053,0.1053,0.1053,0.1053,0.1053,0.1053,0.1053,0.0,0.1094,0.1094,0.1094,0.1094,0.1094,0.1094,0.1094,0.1094,0.1094,0.1094,0.1094,0.1094,0.1094,0.1094,0.1094,0.1094,0.1094,0.1094,0.1094,0.1094,0.0,0.1037,0.1037,0.1037,0.1037,0.1037,0.1037,0.1037,0.1037,0.1037,0.1037,0.1037,0.1037,0.1037,0.1037,0.1037,0.1037,0.1037,0.1037,0.1037,0.1037,0.1037,
16.232638120651245,2129,2102,2140,2070,2055,2040,2008,2045,2005,1954,1903,1935,1892,1871,1881,1828,1811,1806,1886,1834,0,2296,2293,2267,2202,2237,2221,2177,2074,2053,2069,2033,2044,2045,1989,1968,1941,1968,1947,1901,1913,0,2083,1956,1975,1891,1877,1806,1821,1815,1773,1801,1821,1837,1758,1727,1673,1665,1629,1609,1640,1622,0,2045,2056,2010,2032,2110,1971,1937,1913,1909,1883,1879,1856,1820,1815,1884,1813,1818,1731,1696,1763,0,2270,2229,2144,2218,2087,2129,2061,2107,2101,1978,1965,1928,2028,1958,1962,1931,1916,1881,1903,1898,0,2115,1996,1997,2043,1929,1960,2007,1953,1916,1867,1941,1903,1889,1764,1771,1822,1724,1740,1803,1755,1725,0.1119,0.1119,0.1119,0.1119,0.1119,0.1119,0.1119,0.1119,0.1119,0.1119,0.1119,0.1119,0.1119,0.1119,0.1119,0.1119,0.1119,0.1119,0.1119,0.1119,0.0,0.1211,0.1211,0.1211,0.1211,0.1211,0.1211,0.1211,0.1211,0.1211,0.1211,0.1211,0.1211,0.1211,0.1211,0.1211,0.1211,0.1211,0.1211,0.1211,0.1211,0.0,0.1024,0.1024,0.1024,0.1024,0.1024,0.1024,0.1024,0.1024,0.1024,0.1024,0.1024,0.1024,0.1024,0.1024,0.1024,0.1024,0.1024,0.1024,0.1024,0.1024,0.0,0.1119,0.1053,0.1053,0.1053,0.1053,0.1053,0.1053,0.1053,0.1053,0.1053,0.1053,0.1053,0.1053,0.1053,0.1053,0.1053,0.1053,0.1053,0.1053,0.1053,0.0,0.1094,0.1094,0.1094,0.1094,0.1094,0.1094,0.1094,0.1094,0.1094,0.1094,0.1094,0.1094,0.1094,0.1094,0.1094,0.1094,0.1094,0.1094,0.1094,0.1094,0.0,0.1037,0.1037,0.1037,0.1037,0.1037,0.1037,0.1037,0.1037,0.1037,0.1037,0.1037,0.1037,0.1037,0.1037,0.1037,0.1037,0.1037,0.1037,0.1037,0.1037,0.1037,
16.33415675163269,2129,2102,2140,2070,2055,2040,2008,2045,2005,1954,1903,1935,1892,1871,1881,1828,1811,1806,1886,1834,0,1878,1882,1854,1763,1851,1820,1764,1661,1668,1665,1901,1618,1635,1580,1545,1533,1521,1568,1550,1556,0,2083,1956,1975,1891,1877,1806,1821,1815,1773,1801,1821,1837,1758,1727,1673,1665,1629,1609,1640,1622,0,2045,2056,2010,2032,2110,1971,1937,1913,1909,1883,1879,1856,1820,1815,1884,1813,1818,1731,1696,1763,0,2270,2229,2144,2218,2087,2129,2061,2107,2101,1978,1965,1928,2028,1958,1962,1931,1916,1881,1903,1898,0,2115,1996,1997,2043,1929,1960,2007,1953,1916,1867,1941,1903,1889,1764,1771,1822,1724,1740,1803,1755,1725,0.1119,0.1119,0.1119,0.1119,0.1119,0.1119,0.1119,0.1119,0.1119,0.1119,0.1119,0.1119,0.1119,0.1119,0.1119,0.1119,0.1119,0.1119,0.1119,0.1119,0.0,0.1,0.1,0.1,0.1,0.1,0.1,0.1,0.1,0.1,0.1,0.1,0.1,0.1,0.1,0.1,0.1,0.1,0.1,0.1,0.1,0.0,0.1024,0.1024,0.1024,0.1024,0.1024,0.1024,0.1024,0.1024,0.1024,0.1024,0.1024,0.1024,0.1024,0.1024,0.1024,0.1024,0.1024,0.1024,0.1024,0.1024,0.0,0.1119,0.1053,0.1053,0.1053,0.1053,0.1053,0.1053,0.1053,0.1053,0.1053,0.1053,0.1053,0.1053,0.1053,0.1053,0.1053,0.1053,0.1053,0.1053,0.1053,0.0,0.1094,0.1094,0.1094,0.1094,0.1094,0.1094,0.1094,0.1094,0.1094,0.1094,0.1094,0.1094,0.1094,0.1094,0.1094,0.1094,0.1094,0.1094,0.1094,0.1094,0.0,0.1037,0.1037,0.1037,0.1037,0.1037,0.1037,0.1037,0.1037,0.1037,0.1037,0.1037,0.1037,0.1037,0.1037,0.1037,0.1037,0.1037,0.1037,0.1037,0.1037,0.1037,
16.485860347747803,2129,2102,2140,2070,2055,2040,2008,2045,2005,1954,1903,1935,1892,1871,1881,1828,1811,1806,1886,1834,0,1878,1882,1854,1763,1851,1820,1764,1661,1668,1665,1901,1618,1635,1580,1545,1533,1521,1568,1550,1556,0,2083,1956,1975,1891,1877,1806,1821,1815,1773,1801,1821,1837,1758,1727,1673,1665,1629,1609,1640,1622,0,2045,2056,2010,2032,2110,1971,1937,1913,1909,1883,1879,1856,1820,1815,1884,1813,1818,1731,1696,1763,0,2270,2229,2144,2218,2087,2129,2061,2107,2101,1978,1965,1928,2028,1958,1962,1931,1916,1881,1903,1898,0,2115,1996,1997,2043,1929,1960,2007,1953,1916,1867,1941,1903,1889,1764,1771,1822,1724,1740,1803,1755,1725,0.1119,0.1119,0.1119,0.1119,0.1119,0.1119,0.1119,0.1119,0.1119,0.1119,0.1119,0.1119,0.1119,0.1119,0.1119,0.1119,0.1119,0.1119,0.1119,0.1119,0.0,0.1,0.1,0.1,0.1,0.1,0.1,0.1,0.1,0.1,0.1,0.1,0.1,0.1,0.1,0.1,0.1,0.1,0.1,0.1,0.1,0.0,0.1024,0.1024,0.1024,0.1024,0.1024,0.1024,0.1024,0.1024,0.1024,0.1024,0.1024,0.1024,0.1024,0.1024,0.1024,0.1024,0.1024,0.1024,0.1024,0.1024,0.0,0.1119,0.1053,0.1053,0.1053,0.1053,0.1053,0.1053,0.1053,0.1053,0.1053,0.1053,0.1053,0.1053,0.1053,0.1053,0.1053,0.1053,0.1053,0.1053,0.1053,0.0,0.1094,0.1094,0.1094,0.1094,0.1094,0.1094,0.1094,0.1094,0.1094,0.1094,0.1094,0.1094,0.1094,0.1094,0.1094,0.1094,0.1094,0.1094,0.1094,0.1094,0.0,0.1037,0.1037,0.1037,0.1037,0.1037,0.1037,0.1037,0.1037,0.1037,0.1037,0.1037,0.1037,0.1037,0.1037,0.1037,0.1037,0.1037,0.1037,0.1037,0.1037,0.1037,
16.637728691101074,2129,2102,2140,2070,2055,2040,2008,2045,2005,1954,1903,1935,1892,1871,1881,1828,1811,1806,1886,1834,0,1878,1882,1854,1763,1851,1820,1764,1661,1668,1665,1901,1618,1635,1580,1545,1533,1521,1568,1550,1556,0,2083,1956,1975,1891,1877,1806,1821,1815,1773,1801,1821,1837,1758,1727,1673,1665,1629,1609,1640,1622,0,2045,2056,2010,2032,2110,1971,1937,1913,1909,1883,1879,1856,1820,1815,1884,1813,1818,1731,1696,1763,0,1838,1795,1695,1806,1846,1726,1623,1727,1680,1560,1605,1776,1630,1916,1579,1535,1955,1657,1741,1509,0,2115,1996,1997,2043,1929,1960,2007,1953,1916,1867,1941,1903,1889,1764,1771,1822,1724,1740,1803,1755,1725,0.1119,0.1119,0.1119,0.1119,0.1119,0.1119,0.1119,0.1119,0.1119,0.1119,0.1119,0.1119,0.1119,0.1119,0.1119,0.1119,0.1119,0.1119,0.1119,0.1119,0.0,0.1,0.1,0.1,0.1,0.1,0.1,0.1,0.1,0.1,0.1,0.1,0.1,0.1,0.1,0.1,0.1,0.1,0.1,0.1,0.1,0.0,0.1024,0.1024,0.1024,0.1024,0.1024,0.1024,0.1024,0.1024,0.1024,0.1024,0.1024,0.1024,0.1024,0.1024,0.1024,0.1024,0.1024,0.1024,0.1024,0.1024,0.0,0.1119,0.1053,0.1053,0.1053,0.1053,0.1053,0.1053,0.1053,0.1053,0.1053,0.1053,0.1053,0.1053,0.1053,0.1053,0.1053,0.1053,0.1053,0.1053,0.1053,0.0,0.1006,0.1006,0.1006,0.1006,0.1006,0.1006,0.1006,0.1006,0.1006,0.1006,0.1006,0.1006,0.1006,0.1006,0.1006,0.1006,0.1006,0.1006,0.1006,0.1006,0.0,0.1037,0.1037,0.1037,0.1037,0.1037,0.1037,0.1037,0.1037,0.1037,0.1037,0.1037,0.1037,0.1037,0.1037,0.1037,0.1037,0.1037,0.1037,0.1037,0.1037,0.1037,
16.73922824859619,1679,1658,1676,1648,1770,1619,1565,1589,1689,1695,1579,1716,1530,1486,1442,1440,1938,1687,1518,1740,0,1878,1882,1854,1763,1851,1820,1764,1661,1668,1665,1901,1618,1635,1580,1545,1533,1521,1568,1550,1556,0,2083,1956,1975,1891,1877,1806,1821,1815,1773,1801,1821,1837,1758,1727,1673,1665,1629,1609,1640,1622,0,1846,1595,1572,1625,1713,1861,1530,1502,1840,1473,1463,1813,1418,1406,1741,1987,1379,1347,1466,1912,0,1838,1795,1695,1806,1846,1726,1623,1727,1680,1560,1605,1776,1630,1916,1579,1535,1955,1657,1741,1509,0,2115,1996,1997,2043,1929,1960,2007,1953,1916,1867,1941,1903,1889,1764,1771,1822,1724,1740,1803,1755,1725,0.1006,0.1006,0.1006,0.1006,0.1006,0.1006,0.1006,0.1006,0.1006,0.1006,0.1006,0.1006,0.1006,0.1006,0.1006,0.1006,0.1006,0.1006,0.1006,0.1006,0.0,0.1,0.1,0.1,0.1,0.1,0.1,0.1,0.1,0.1,0.1,0.1,0.1,0.1,0.1,0.1,0.1,0.1,0.1,0.1,0.1,0.0,0.1024,0.1024,0.1024,0.1024,0.1024,0.1024,0.1024,0.1024,0.1024,0.1024,0.1024,0.1024,0.1024,0.1024,0.1024,0.1024,0.1024,0.1024,0.1024,0.1024,0.0,0.1006,0.1037,0.1037,0.1037,0.1037,0.1037,0.1037,0.1037,0.1037,0.1037,0.1037,0.1037,0.1037,0.1037,0.1037,0.1037,0.1037,0.1037,0.1037,0.1037,0.0,0.1006,0.1006,0.1006,0.1006,0.1006,0.1006,0.1006,0.1006,0.1006,0.1006,0.1006,0.1006,0.1006,0.1006,0.1006,0.1006,0.1006,0.1006,0.1006,0.1006,0.0,0.1037,0.1037,0.1037,0.1037,0.1037,0.1037,0.1037,0.1037,0.1037,0.1037,0.1037,0.1037,0.1037,0.1037,0.1037,0.1037,0.1037,0.1037,0.1037,0.1037,0.1037,
16.891501665115356,1679,1658,1676,1648,1770,1619,1565,1589,1689,1695,1579,1716,1530,1486,1442,1440,1938,1687,1518,1740,0,1878,1882,1854,1763,1851,1820,1764,1661,1668,1665,1901,1618,1635,1580,1545,1533,1521,1568,1550,1556,0,2083,1956,1975,1891,1877,1806,1821,1815,1773,1801,1821,1837,1758,1727,1673,1665,1629,1609,1640,1622,0,1846,1595,1572,1625,1713,1861,1530,1502,1840,1473,1463,1813,1418,1406,1741,1987,1379,1347,1466,1912,0,1838,1795,1695,1806,1846,1726,1623,1727,1680,1560,1605,1776,1630,1916,1579,1535,1955,1657,1741,1509,0,1724,1749,1586,1639,1540,1546,1649,1554,1940,1696,1790,1514,1620,1450,1790,1783,1316,1394,1714,1689,1381,0.1006,0.1006,0.1006,0.1006,0.1006,0.1006,0.1006,0.1006,0.1006,0.1006,0.1006,0.1006,0.1006,0.1006,0.1006,0.1006,0.1006,0.1006,0.1006,0.1006,0.0,0.1,0.1,0.1,0.1,0.1,0.1,0.1,0.1,0.1,0.1,0.1,0.1,0.1,0.1,0.1,0.1,0.1,0.1,0.1,0.1,0.0,0.1024,0.1024,0.1024,0.1024,0.1024,0.1024,0.1024,0.1024,0.1024,0.1024,0.1024,0.1024,0.1024,0.1024,0.1024,0.1024,0.1024,0.1024,0.1024,0.1024,0.0,0.1006,0.1037,0.1037,0.1037,0.1037,0.1037,0.1037,0.1037,0.1037,0.1037,0.1037,0.1037,0.1037,0.1037,0.1037,0.1037,0.1037,0.1037,0.1037,0.1037,0.0,0.1006,0.1006,0.1006,0.1006,0.1006,0.1006,0.1006,0.1006,0.1006,0.1006,0.1006,0.1006,0.1006,0.1006,0.1006,0.1006,0.1006,0.1006,0.1006,0.1006,0.0,0.1037,0.1037,0.1037,0.1037,0.1037,0.1037,0.1037,0.1037,0.1037,0.1037,0.1037,0.1037,0.1037,0.1037,0.1037,0.1037,0.1037,0.1037,0.1037,0.1037,0.1037,
16.993088006973267,1679,1658,1676,1648,1770,1619,1565,1589,1689,1695,1579,1716,1530,1486,1442,1440,1938,1687,1518,1740,0,1878,1882,1854,1763,1851,1820,1764,1661,1668,1665,1901,1618,1635,1580,1545,1533,1521,1568,1550,1556,0,2083,1956,1975,1891,1877,1806,1821,1815,1773,1801,1821,1837,1758,1727,1673,1665,1629,1609,1640,1622,0,1846,1595,1572,1625,1713,1861,1530,1502,1840,1473,1463,1813,1418,1406,1741,1987,1379,1347,1466,1912,0,1838,1795,1695,1806,1846,1726,1623,1727,1680,1560,1605,1776,1630,1916,1579,1535,1955,1657,1741,1509,0,1724,1749,1586,1639,1540,1546,1649,1554,1940,1696,1790,1514,1620,1450,1790,1783,1316,1394,1714,1689,1381,0.1006,0.1006,0.1006,0.1006,0.1006,0.1006,0.1006,0.1006,0.1006,0.1006,0.1006,0.1006,0.1006,0.1006,0.1006,0.1006,0.1006,0.1006,0.1006,0.1006,0.0,0.1,0.1,0.1,0.1,0.1,0.1,0.1,0.1,0.1,0.1,0.1,0.1,0.1,0.1,0.1,0.1,0.1,0.1,0.1,0.1,0.0,0.1024,0.1024,0.1024,0.1024,0.1024,0.1024,0.1024,0.1024,0.1024,0.1024,0.1024,0.1024,0.1024,0.1024,0.1024,0.1024,0.1024,0.1024,0.1024,0.1024,0.0,0.1006,0.1037,0.1037,0.1037,0.1037,0.1037,0.1037,0.1037,0.1037,0.1037,0.1037,0.1037,0.1037,0.1037,0.1037,0.1037,0.1037,0.1037,0.1037,0.1037,0.0,0.1006,0.1006,0.1006,0.1006,0.1006,0.1006,0.1006,0.1006,0.1006,0.1006,0.1006,0.1006,0.1006,0.1006,0.1006,0.1006,0.1006,0.1006,0.1006,0.1006,0.0,0.1037,0.1037,0.1037,0.1037,0.1037,0.1037,0.1037,0.1037,0.1037,0.1037,0.1037,0.1037,0.1037,0.1037,0.1037,0.1037,0.1037,0.1037,0.1037,0.1037,0.1037,
17.14486336708069,1679,1658,1676,1648,1770,1619,1565,1589,1689,1695,1579,1716,1530,1486,1442,1440,1938,1687,1518,1740,0,1878,1882,1854,1763,1851,1820,1764,1661,1668,1665,1901,1618,1635,1580,1545,1533,1521,1568,1550,1556,0,1657,1532,1582,1468,1483,1568,1435,1717,1461,1598,1458,1570,1447,1538,1451,2236,2224,1523,2154,1284,0,1846,1595,1572,1625,1713,1861,1530,1502,1840,1473,1463,1813,1418,1406,1741,1987,1379,1347,1466,1912,0,1838,1795,1695,1806,1846,1726,1623,1727,1680,1560,1605,1776,1630,1916,1579,1535,1955,1657,1741,1509,0,1724,1749,1586,1639,1540,1546,1649,1554,1940,1696,1790,1514,1620,1450,1790,1783,1316,1394,1714,1689,1381,0.1006,0.1006,0.1006,0.1006,0.1006,0.1006,0.1006,0.1006,0.1006,0.1006,0.1006,0.1006,0.1006,0.1006,0.1006,0.1006,0.1006,0.1006,0.1006,0.1006,0.0,0.1,0.1,0.1,0.1,0.1,0.1,0.1,0.1,0.1,0.1,0.1,0.1,0.1,0.1,0.1,0.1,0.1,0.1,0.1,0.1,0.0,0.1094,0.1094,0.1094,0.1094,0.1094,0.1094,0.1094,0.1094,0.1094,0.1094,0.1094,0.1094,0.1094,0.1094,0.1094,0.1094,0.1094,0.1094,0.1094,0.1094,0.0,0.1006,0.1037,0.1037,0.1037,0.1037,0.1037,0.1037,0.1037,0.1037,0.1037,0.1037,0.1037,0.1037,0.1037,0.1037,0.1037,0.1037,0.1037,0.1037,0.1037,0.0,0.1006,0.1006,0.1006,0.1006,0.1006,0.1006,0.1006,0.1006,0.1006,0.1006,0.1006,0.1006,0.1006,0.1006,0.1006,0.1006,0.1006,0.1006,0.1006,0.1006,0.0,0.1037,0.1037,0.1037,0.1037,0.1037,0.1037,0.1037,0.1037,0.1037,0.1037,0.1037,0.1037,0.1037,0.1037,0.1037,0.1037,0.1037,0.1037,0.1037,0.1037,0.1037,
17.19627594947815,1679,1658,1676,1648,1770,1619,1565,1589,1689,1695,1579,1716,1530,1486,1442,1440,1938,1687,1518,1740,0,1878,1882,1854,1763,1851,1820,1764,1661,1668,1665,1901,1618,1635,1580,1545,1533,1521,1568,1550,1556,0,1657,1532,1582,1468,1483,1568,1435,1717,1461,1598,1458,1570,1447,1538,1451,2236,2224,1523,2154,1284,0,1846,1595,1572,1625,1713,1861,1530,1502,1840,1473,1463,1813,1418,1406,1741,1987,1379,1347,1466,1912,0,1838,1795,1695,1806,1846,1726,1623,1727,1680,1560,1605,1776,1630,1916,1579,1535,1955,1657,1741,1509,0,1724,1749,1586,1639,1540,1546,1649,1554,1940,1696,1790,1514,1620,1450,1790,1783,1316,1394,1714,1689,1381,0.1006,0.1006,0.1006,0.1006,0.1006,0.1006,0.1006,0.1006,0.1006,0.1006,0.1006,0.1006,0.1006,0.1006,0.1006,0.1006,0.1006,0.1006,0.1006,0.1006,0.0,0.1,0.1,0.1,0.1,0.1,0.1,0.1,0.1,0.1,0.1,0.1,0.1,0.1,0.1,0.1,0.1,0.1,0.1,0.1,0.1,0.0,0.1094,0.1094,0.1094,0.1094,0.1094,0.1094,0.1094,0.1094,0.1094,0.1094,0.1094,0.1094,0.1094,0.1094,0.1094,0.1094,0.1094,0.1094,0.1094,0.1094,0.0,0.1006,0.1037,0.1037,0.1037,0.1037,0.1037,0.1037,0.1037,0.1037,0.1037,0.1037,0.1037,0.1037,0.1037,0.1037,0.1037,0.1037,0.1037,0.1037,0.1037,0.0,0.1006,0.1006,0.1006,0.1006,0.1006,0.1006,0.1006,0.1006,0.1006,0.1006,0.1006,0.1006,0.1006,0.1006,0.1006,0.1006,0.1006,0.1006,0.1006,0.1006,0.0,0.1037,0.1037,0.1037,0.1037,0.1037,0.1037,0.1037,0.1037,0.1037,0.1037,0.1037,0.1037,0.1037,0.1037,0.1037,0.1037,0.1037,0.1037,0.1037,0.1037,0.1037,
17.348018884658813,1679,1658,1676,1648,1770,1619,1565,1589,1689,1695,1579,1716,1530,1486,1442,1440,1938,1687,1518,1740,0,1878,1882,1854,1763,1851,1820,1764,1661,1668,1665,1901,1618,1635,1580,1545,1533,1521,1568,1550,1556,0,1657,1532,1582,1468,1483,1568,1435,1717,1461,1598,1458,1570,1447,1538,1451,2236,2224,1523,2154,1284,0,1846,1595,1572,1625,1713,1861,1530,1502,1840,1473,1463,1813,1418,1406,1741,1987,1379,1347,1466,1912,0,1838,1795,1695,1806,1846,1726,1623,1727,1680,1560,1605,1776,1630,1916,1579,1535,1955,1657,1741,1509,0,1724,1749,1586,1639,1540,1546,1649,1554,1940,1696,1790,1514,1620,1450,1790,1783,1316,1394,1714,1689,1381,0.1006,0.1006,0.1006,0.1006,0.1006,0.1006,0.1006,0.1006,0.1006,0.1006,0.1006,0.1006,0.1006,0.1006,0.1006,0.1006,0.1006,0.1006,0.1006,0.1006,0.0,0.1,0.1,0.1,0.1,0.1,0.1,0.1,0.1,0.1,0.1,0.1,0.1,0.1,0.1,0.1,0.1,0.1,0.1,0.1,0.1,0.0,0.1094,0.1094,0.1094,0.1094,0.1094,0.1094,0.1094,0.1094,0.1094,0.1094,0.1094,0.1094,0.1094,0.1094,0.1094,0.1094,0.1094,0.1094,0.1094,0.1094,0.0,0.1006,0.1037,0.1037,0.1037,0.1037,0.1037,0.1037,0.1037,0.1037,0.1037,0.1037,0.1037,0.1037,0.1037,0.1037,0.1037,0.1037,0.1037,0.1037,0.1037,0.0,0.1006,0.1006,0.1006,0.1006,0.1006,0.1006,0.1006,0.1006,0.1006,0.1006,0.1006,0.1006,0.1006,0.1006,0.1006,0.1006,0.1006,0.1006,0.1006,0.1006,0.0,0.1037,0.1037,0.1037,0.1037,0.1037,0.1037,0.1037,0.1037,0.1037,0.1037,0.1037,0.1037,0.1037,0.1037,0.1037,0.1037,0.1037,0.1037,0.1037,0.1037,0.1037,
17.4495906829834,1679,1658,1676,1648,1770,1619,1565,1589,1689,1695,1579,1716,1530,1486,1442,1440,1938,1687,1518,1740,0,1709,1943,1508,1364,1818,1982,1891,1489,1746,2128,1259,2217,1552,1279,1312,1273,1543,2031,1522,1582,0,1657,1532,1582,1468,1483,1568,1435,1717,1461,1598,1458,1570,1447,1538,1451,2236,2224,1523,2154,1284,0,1846,1595,1572,1625,1713,1861,1530,1502,1840,1473,1463,1813,1418,1406,1741,1987,1379,1347,1466,1912,0,1838,1795,1695,1806,1846,1726,1623,1727,1680,1560,1605,1776,1630,1916,1579,1535,1955,1657,1741,1509,0,1724,1749,1586,1639,1540,1546,1649,1554,1940,1696,1790,1514,1620,1450,1790,1783,1316,1394,1714,1689,1381,0.1006,0.1006,0.1006,0.1006,0.1006,0.1006,0.1006,0.1006,0.1006,0.1006,0.1006,0.1006,0.1006,0.1006,0.1006,0.1006,0.1006,0.1006,0.1006,0.1006,0.0,0.1147,0.1147,0.1147,0.1147,0.1147,0.1147,0.1147,0.1147,0.1147,0.1147,0.1147,0.1147,0.1147,0.1147,0.1147,0.1147,0.1147,0.1147,0.1147,0.1147,0.0,0.1094,0.1094,0.1094,0.1094,0.1094,0.1094,0.1094,0.1094,0.1094,0.1094,0.1094,0.1094,0.1094,0.1094,0.1094,0.1094,0.1094,0.1094,0.1094,0.1094,0.0,0.1006,0.1037,0.1037,0.1037,0.1037,0.1037,0.1037,0.1037,0.1037,0.1037,0.1037,0.1037,0.1037,0.1037,0.1037,0.1037,0.1037,0.1037,0.1037,0.1037,0.0,0.1006,0.1006,0.1006,0.1006,0.1006,0.1006,0.1006,0.1006,0.1006,0.1006,0.1006,0.1006,0.1006,0.1006,0.1006,0.1006,0.1006,0.1006,0.1006,0.1006,0.0,0.1037,0.1037,0.1037,0.1037,0.1037,0.1037,0.1037,0.1037,0.1037,0.1037,0.1037,0.1037,0.1037,0.1037,0.1037,0.1037,0.1037,0.1037,0.1037,0.1037,0.1037,
17.60133194923401,1679,1658,1676,1648,1770,1619,1565,1589,1689,1695,1579,1716,1530,1486,1442,1440,1938,1687,1518,1740,0,1709,1943,1508,1364,1818,1982,1891,1489,1746,2128,1259,2217,1552,1279,1312,1273,1543,2031,1522,1582,0,1657,1532,1582,1468,1483,1568,1435,1717,1461,1598,1458,1570,1447,1538,1451,2236,2224,1523,2154,1284,0,1846,1595,1572,1625,1713,1861,1530,1502,1840,1473,1463,1813,1418,1406,1741,1987,1379,1347,1466,1912,0,1838,1795,1695,1806,1846,1726,1623,1727,1680,1560,1605,1776,1630,1916,1579,1535,1955,1657,1741,1509,0,1724,1749,1586,1639,1540,1546,1649,1554,1940,1696,1790,1514,1620,1450,1790,1783,1316,1394,1714,1689,1381,0.1006,0.1006,0.1006,0.1006,0.1006,0.1006,0.1006,0.1006,0.1006,0.1006,0.1006,0.1006,0.1006,0.1006,0.1006,0.1006,0.1006,0.1006,0.1006,0.1006,0.0,0.1147,0.1147,0.1147,0.1147,0.1147,0.1147,0.1147,0.1147,0.1147,0.1147,0.1147,0.1147,0.1147,0.1147,0.1147,0.1147,0.1147,0.1147,0.1147,0.1147,0.0,0.1094,0.1094,0.1094,0.1094,0.1094,0.1094,0.1094,0.1094,0.1094,0.1094,0.1094,0.1094,0.1094,0.1094,0.1094,0.1094,0.1094,0.1094,0.1094,0.1094,0.0,0.1006,0.1037,0.1037,0.1037,0.1037,0.1037,0.1037,0.1037,0.1037,0.1037,0.1037,0.1037,0.1037,0.1037,0.1037,0.1037,0.1037,0.1037,0.1037,0.1037,0.0,0.1006,0.1006,0.1006,0.1006,0.1006,0.1006,0.1006,0.1006,0.1006,0.1006,0.1006,0.1006,0.1006,0.1006,0.1006,0.1006,0.1006,0.1006,0.1006,0.1006,0.0,0.1037,0.1037,0.1037,0.1037,0.1037,0.1037,0.1037,0.1037,0.1037,0.1037,0.1037,0.1037,0.1037,0.1037,0.1037,0.1037,0.1037,0.1037,0.1037,0.1037,0.1037,
17.70291304588318,1679,1658,1676,1648,1770,1619,1565,1589,1689,1695,1579,1716,1530,1486,1442,1440,1938,1687,1518,1740,0,1709,1943,1508,1364,1818,1982,1891,1489,1746,2128,1259,2217,1552,1279,1312,1273,1543,2031,1522,1582,0,1657,1532,1582,1468,1483,1568,1435,1717,1461,1598,1458,1570,1447,1538,1451,2236,2224,1523,2154,1284,0,1846,1595,1572,1625,1713,1861,1530,1502,1840,1473,1463,1813,1418,1406,1741,1987,1379,1347,1466,1912,0,1606,1520,1385,1453,1353,1366,1811,1284,1770,1399,1963,1929,1626,1779,1268,1253,1819,1500,1250,1371,0,1724,1749,1586,1639,1540,1546,1649,1554,1940,1696,1790,1514,1620,1450,1790,1783,1316,1394,1714,1689,1381,0.1006,0.1006,0.1006,0.1006,0.1006,0.1006,0.1006,0.1006,0.1006,0.1006,0.1006,0.1006,0.1006,0.1006,0.1006,0.1006,0.1006,0.1006,0.1006,0.1006,0.0,0.1147,0.1147,0.1147,0.1147,0.1147,0.1147,0.1147,0.1147,0.1147,0.1147,0.1147,0.1147,0.1147,0.1147,0.1147,0.1147,0.1147,0.1147,0.1147,0.1147,0.0,0.1094,0.1094,0.1094,0.1094,0.1094,0.1094,0.1094,0.1094,0.1094,0.1094,0.1094,0.1094,0.1094,0.1094,0.1094,0.1094,0.1094,0.1094,0.1094,0.1094,0.0,0.1006,0.1037,0.1037,0.1037,0.1037,0.1037,0.1037,0.1037,0.1037,0.1037,0.1037,0.1037,0.1037,0.1037,0.1037,0.1037,0.1037,0.1037,0.1037,0.1037,0.0,0.1211,0.1286,0.1286,0.1286,0.1286,0.1286,0.1286,0.1286,0.1286,0.1286,0.1286,0.1286,0.1286,0.1286,0.1286,0.1286,0.1286,0.1286,0.1286,0.1286,0.0,0.1037,0.1037,0.1037,0.1037,0.1037,0.1037,0.1037,0.1037,0.1037,0.1037,0.1037,0.1037,0.1037,0.1037,0.1037,0.1037,0.1037,0.1037,0.1037,0.1037,0.1037,
17.804558515548706,1561,1508,1351,1454,1459,1255,2031,1391,1521,1266,2252,1288,1381,2000,2178,1768,1253,0,1426,2091,0,1709,1943,1508,1364,1818,1982,1891,1489,1746,2128,1259,2217,1552,1279,1312,1273,1543,2031,1522,1582,0,1657,1532,1582,1468,1483,1568,1435,1717,1461,1598,1458,1570,1447,1538,1451,2236,2224,1523,2154,1284,0,1846,1595,1572,1625,1713,1861,1530,1502,1840,1473,1463,1813,1418,1406,1741,1987,1379,1347,1466,1912,0,1606,1520,1385,1453,1353,1366,1811,1284,1770,1399,1963,1929,1626,1779,1268,1253,1819,1500,1250,1371,0,1724,1749,1586,1639,1540,1546,1649,1554,1940,1696,1790,1514,1620,1450,1790,1783,1316,1394,1714,1689,1381,0.1286,0.1286,0.1286,0.1286,0.1286,0.1286,0.1286,0.1286,0.1286,0.1286,0.1286,0.1286,0.1286,0.1286,0.1286,0.1286,0.1286,0.1286,0.1286,0.1286,0.0,0.1147,0.1147,0.1147,0.1147,0.1147,0.1147,0.1147,0.1147,0.1147,0.1147,0.1147,0.1147,0.1147,0.1147,0.1147,0.1147,0.1147,0.1147,0.1147,0.1147,0.0,0.1094,0.1094,0.1094,0.1094,0.1094,0.1094,0.1094,0.1094,0.1094,0.1094,0.1094,0.1094,0.1094,0.1094,0.1094,0.1094,0.1094,0.1094,0.1094,0.1094,0.0,0.1006,0.1037,0.1037,0.1037,0.1037,0.1037,0.1037,0.1037,0.1037,0.1037,0.1037,0.1037,0.1037,0.1037,0.1037,0.1037,0.1037,0.1037,0.1037,0.1037,0.0,0.1211,0.1286,0.1286,0.1286,0.1286,0.1286,0.1286,0.1286,0.1286,0.1286,0.1286,0.1286,0.1286,0.1286,0.1286,0.1286,0.1286,0.1286,0.1286,0.1286,0.0,0.1037,0.1037,0.1037,0.1037,0.1037,0.1037,0.1037,0.1037,0.1037,0.1037,0.1037,0.1037,0.1037,0.1037,0.1037,0.1037,0.1037,0.1037,0.1037,0.1037,0.1037,
17.956298112869263,1561,1508,1351,1454,1459,1255,2031,1391,1521,1266,2252,1288,1381,2000,2178,1768,1253,0,1426,2091,0,1709,1943,1508,1364,1818,1982,1891,1489,1746,2128,1259,2217,1552,1279,1312,1273,1543,2031,1522,1582,0,1657,1532,1582,1468,1483,1568,1435,1717,1461,1598,1458,1570,1447,1538,1451,2236,2224,1523,2154,1284,0,1289,1646,2153,1595,1385,2129,1616,1461,1259,0,1688,1311,1314,1230,2196,1587,1351,1555,1285,1527,0,1606,1520,1385,1453,1353,1366,1811,1284,1770,1399,1963,1929,1626,1779,1268,1253,1819,1500,1250,1371,0,1724,1749,1586,1639,1540,1546,1649,1554,1940,1696,1790,1514,1620,1450,1790,1783,1316,1394,1714,1689,1381,0.1286,0.1286,0.1286,0.1286,0.1286,0.1286,0.1286,0.1286,0.1286,0.1286,0.1286,0.1286,0.1286,0.1286,0.1286,0.1286,0.1286,0.1286,0.1286,0.1286,0.0,0.1147,0.1147,0.1147,0.1147,0.1147,0.1147,0.1147,0.1147,0.1147,0.1147,0.1147,0.1147,0.1147,0.1147,0.1147,0.1147,0.1147,0.1147,0.1147,0.1147,0.0,0.1094,0.1094,0.1094,0.1094,0.1094,0.1094,0.1094,0.1094,0.1094,0.1094,0.1094,0.1094,0.1094,0.1094,0.1094,0.1094,0.1094,0.1094,0.1094,0.1094,0.0,0.1371,0.1371,0.1371,0.1371,0.1371,0.1371,0.1371,0.1371,0.1371,0.1371,0.1371,0.1371,0.1371,0.1371,0.1371,0.1371,0.1371,0.1371,0.1371,0.1371,0.0,0.1211,0.1286,0.1286,0.1286,0.1286,0.1286,0.1286,0.1286,0.1286,0.1286,0.1286,0.1286,0.1286,0.1286,0.1286,0.1286,0.1286,0.1286,0.1286,0.1286,0.0,0.1037,0.1037,0.1037,0.1037,0.1037,0.1037,0.1037,0.1037,0.1037,0.1037,0.1037,0.1037,0.1037,0.1037,0.1037,0.1037,0.1037,0.1037,0.1037,0.1037,0.1037,
18.10805344581604,1561,1508,1351,1454,1459,1255,2031,1391,1521,1266,2252,1288,1381,2000,2178,1768,1253,0,1426,2091,0,1709,1943,1508,1364,1818,1982,1891,1489,1746,2128,1259,2217,1552,1279,1312,1273,1543,2031,1522,1582,0,1657,1532,1582,1468,1483,1568,1435,1717,1461,1598,1458,1570,1447,1538,1451,2236,2224,1523,2154,1284,0,1289,1646,2153,1595,1385,2129,1616,1461,1259,0,1688,1311,1314,1230,2196,1587,1351,1555,1285,1527,0,1606,1520,1385,1453,1353,1366,1811,1284,1770,1399,1963,1929,1626,1779,1268,1253,1819,1500,1250,1371,0,1367,1489,1816,2114,2092,1643,2205,1262,1478,1323,2095,2094,1903,2019,1594,1311,0,1777,1562,1652,1546,0.1286,0.1286,0.1286,0.1286,0.1286,0.1286,0.1286,0.1286,0.1286,0.1286,0.1286,0.1286,0.1286,0.1286,0.1286,0.1286,0.1286,0.1286,0.1286,0.1286,0.0,0.1147,0.1147,0.1147,0.1147,0.1147,0.1147,0.1147,0.1147,0.1147,0.1147,0.1147,0.1147,0.1147,0.1147,0.1147,0.1147,0.1147,0.1147,0.1147,0.1147,0.0,0.1094,0.1094,0.1094,0.1094,0.1094,0.1094,0.1094,0.1094,0.1094,0.1094,0.1094,0.1094,0.1094,0.1094,0.1094,0.1094,0.1094,0.1094,0.1094,0.1094,0.0,0.1371,0.1371,0.1371,0.1371,0.1371,0.1371,0.1371,0.1371,0.1371,0.1371,0.1371,0.1371,0.1371,0.1371,0.1371,0.1371,0.1371,0.1371,0.1371,0.1371,0.0,0.1211,0.1286,0.1286,0.1286,0.1286,0.1286,0.1286,0.1286,0.1286,0.1286,0.1286,0.1286,0.1286,0.1286,0.1286,0.1286,0.1286,0.1286,0.1286,0.1286,0.0,0.1286,0.1418,0.1418,0.1418,0.1418,0.1418,0.1418,0.1418,0.1418,0.1418,0.1418,0.1418,0.1418,0.1418,0.1418,0.1418,0.1418,0.1418,0.1418,0.1418,0.1418,
18.21020531654358,1561,1508,1351,1454,1459,1255,2031,1391,1521,1266,2252,1288,1381,2000,2178,1768,1253,0,1426,2091,0,1709,1943,1508,1364,1818,1982,1891,1489,1746,2128,1259,2217,1552,1279,1312,1273,1543,2031,1522,1582,0,1657,1532,1582,1468,1483,1568,1435,1717,1461,1598,1458,1570,1447,1538,1451,2236,2224,1523,2154,1284,0,1289,1646,2153,1595,1385,2129,1616,1461,1259,0,1688,1311,1314,1230,2196,1587,1351,1555,1285,1527,0,1606,1520,1385,1453,1353,1366,1811,1284,1770,1399,1963,1929,1626,1779,1268,1253,1819,1500,1250,1371,0,1367,1489,1816,2114,2092,1643,2205,1262,1478,1323,2095,2094,1903,2019,1594,1311,0,1777,1562,1652,1546,0.1286,0.1286,0.1286,0.1286,0.1286,0.1286,0.1286,0.1286,0.1286,0.1286,0.1286,0.1286,0.1286,0.1286,0.1286,0.1286,0.1286,0.1286,0.1286,0.1286,0.0,0.1147,0.1147,0.1147,0.1147,0.1147,0.1147,0.1147,0.1147,0.1147,0.1147,0.1147,0.1147,0.1147,0.1147,0.1147,0.1147,0.1147,0.1147,0.1147,0.1147,0.0,0.1094,0.1094,0.1094,0.1094,0.1094,0.1094,0.1094,0.1094,0.1094,0.1094,0.1094,0.1094,0.1094,0.1094,0.1094,0.1094,0.1094,0.1094,0.1094,0.1094,0.0,0.1371,0.1371,0.1371,0.1371,0.1371,0.1371,0.1371,0.1371,0.1371,0.1371,0.1371,0.1371,0.1371,0.1371,0.1371,0.1371,0.1371,0.1371,0.1371,0.1371,0.0,0.1211,0.1286,0.1286,0.1286,0.1286,0.1286,0.1286,0.1286,0.1286,0.1286,0.1286,0.1286,0.1286,0.1286,0.1286,0.1286,0.1286,0.1286,0.1286,0.1286,0.0,0.1286,0.1418,0.1418,0.1418,0.1418,0.1418,0.1418,0.1418,0.1418,0.1418,0.1418,0.1418,0.1418,0.1418,0.1418,0.1418,0.1418,0.1418,0.1418,0.1418,0.1418,
18.311798095703125,1561,1508,1351,1454,1459,1255,2031,1391,1521,1266,2252,1288,1381,2000,2178,1768,1253,0,1426,2091,0,1709,1943,1508,1364,1818,1982,1891,1489,1746,2128,1259,2217,1552,1279,1312,1273,1543,2031,1522,1582,0,1342,1388,1342,1283,1934,1773,1438,1557,2050,0,1533,1944,1924,1642,1590,1389,1489,1296,1812,1479,0,1289,1646,2153,1595,1385,2129,1616,1461,1259,0,1688,1311,1314,1230,2196,1587,1351,1555,1285,1527,0,1606,1520,1385,1453,1353,1366,1811,1284,1770,1399,1963,1929,1626,1779,1268,1253,1819,1500,1250,1371,0,1367,1489,1816,2114,2092,1643,2205,1262,1478,1323,2095,2094,1903,2019,1594,1311,0,1777,1562,1652,1546,0.1286,0.1286,0.1286,0.1286,0.1286,0.1286,0.1286,0.1286,0.1286,0.1286,0.1286,0.1286,0.1286,0.1286,0.1286,0.1286,0.1286,0.1286,0.1286,0.1286,0.0,0.1147,0.1147,0.1147,0.1147,0.1147,0.1147,0.1147,0.1147,0.1147,0.1147,0.1147,0.1147,0.1147,0.1147,0.1147,0.1147,0.1147,0.1147,0.1147,0.1147,0.0,0.1519,0.1519,0.1519,0.1519,0.1519,0.1519,0.1519,0.1519,0.1519,0.1519,0.1519,0.1519,0.1519,0.1519,0.1519,0.1519,0.1519,0.1519,0.1519,0.1519,0.0,0.1371,0.1371,0.1371,0.1371,0.1371,0.1371,0.1371,0.1371,0.1371,0.1371,0.1371,0.1371,0.1371,0.1371,0.1371,0.1371,0.1371,0.1371,0.1371,0.1371,0.0,0.1211,0.1286,0.1286,0.1286,0.1286,0.1286,0.1286,0.1286,0.1286,0.1286,0.1286,0.1286,0.1286,0.1286,0.1286,0.1286,0.1286,0.1286,0.1286,0.1286,0.0,0.1286,0.1418,0.1418,0.1418,0.1418,0.1418,0.1418,0.1418,0.1418,0.1418,0.1418,0.1418,0.1418,0.1418,0.1418,0.1418,0.1418,0.1418,0.1418,0.1418,0.1418,
18.41335415840149,1561,1508,1351,1454,1459,1255,2031,1391,1521,1266,2252,1288,1381,2000,2178,1768,1253,0,1426,2091,0,1709,1943,1508,1364,1818,1982,1891,1489,1746,2128,1259,2217,1552,1279,1312,1273,1543,2031,1522,1582,0,1342,1388,1342,1283,1934,1773,1438,1557,2050,0,1533,1944,1924,1642,1590,1389,1489,1296,1812,1479,0,1289,1646,2153,1595,1385,2129,1616,1461,1259,0,1688,1311,1314,1230,2196,1587,1351,1555,1285,1527,0,1606,1520,1385,1453,1353,1366,1811,1284,1770,1399,1963,1929,1626,1779,1268,1253,1819,1500,1250,1371,0,1367,1489,1816,2114,2092,1643,2205,1262,1478,1323,2095,2094,1903,2019,1594,1311,0,1777,1562,1652,1546,0.1286,0.1286,0.1286,0.1286,0.1286,0.1286,0.1286,0.1286,0.1286,0.1286,0.1286,0.1286,0.1286,0.1286,0.1286,0.1286,0.1286,0.1286,0.1286,0.1286,0.0,0.1147,0.1147,0.1147,0.1147,0.1147,0.1147,0.1147,0.1147,0.1147,0.1147,0.1147,0.1147,0.1147,0.1147,0.1147,0.1147,0.1147,0.1147,0.1147,0.1147,0.0,0.1519,0.1519,0.1519,0.1519,0.1519,0.1519,0.1519,0.1519,0.1519,0.1519,0.1519,0.1519,0.1519,0.1519,0.1519,0.1519,0.1519,0.1519,0.1519,0.1519,0.0,0.1371,0.1371,0.1371,0.1371,0.1371,0.1371,0.1371,0.1371,0.1371,0.1371,0.1371,0.1371,0.1371,0.1371,0.1371,0.1371,0.1371,0.1371,0.1371,0.1371,0.0,0.1211,0.1286,0.1286,0.1286,0.1286,0.1286,0.1286,0.1286,0.1286,0.1286,0.1286,0.1286,0.1286,0.1286,0.1286,0.1286,0.1286,0.1286,0.1286,0.1286,0.0,0.1286,0.1418,0.1418,0.1418,0.1418,0.1418,0.1418,0.1418,0.1418,0.1418,0.1418,0.1418,0.1418,0.1418,0.1418,0.1418,0.1418,0.1418,0.1418,0.1418,0.1418,
18.515610694885254,1561,1508,1351,1454,1459,1255,2031,1391,1521,1266,2252,1288,1381,2000,2178,1768,1253,0,1426,2091,0,1709,1943,1508,1364,1818,1982,1891,1489,1746,2128,1259,2217,1552,1279,1312,1273,1543,2031,1522,1582,0,1342,1388,1342,1283,1934,1773,1438,1557,2050,0,1533,1944,1924,1642,1590,1389,1489,1296,1812,1479,0,1289,1646,2153,1595,1385,2129,1616,1461,1259,0,1688,1311,1314,1230,2196,1587,1351,1555,1285,1527,0,1606,1520,1385,1453,1353,1366,1811,1284,1770,1399,1963,1929,1626,1779,1268,1253,1819,1500,1250,1371,0,1367,1489,1816,2114,2092,1643,2205,1262,1478,1323,2095,2094,1903,2019,1594,1311,0,1777,1562,1652,1546,0.1286,0.1286,0.1286,0.1286,0.1286,0.1286,0.1286,0.1286,0.1286,0.1286,0.1286,0.1286,0.1286,0.1286,0.1286,0.1286,0.1286,0.1286,0.1286,0.1286,0.0,0.1147,0.1147,0.1147,0.1147,0.1147,0.1147,0.1147,0.1147,0.1147,0.1147,0.1147,0.1147,0.1147,0.1147,0.1147,0.1147,0.1147,0.1147,0.1147,0.1147,0.0,0.1519,0.1519,0.1519,0.1519,0.1519,0.1519,0.1519,0.1519,0.1519,0.1519,0.1519,0.1519,0.1519,0.1519,0.1519,0.1519,0.1519,0.1519,0.1519,0.1519,0.0,0.1371,0.1371,0.1371,0.1371,0.1371,0.1371,0.1371,0.1371,0.1371,0.1371,0.1371,0.1371,0.1371,0.1371,0.1371,0.1371,0.1371,0.1371,0.1371,0.1371,0.0,0.1211,0.1286,0.1286,0.1286,0.1286,0.1286,0.1286,0.1286,0.1286,0.1286,0.1286,0.1286,0.1286,0.1286,0.1286,0.1286,0.1286,0.1286,0.1286,0.1286,0.0,0.1286,0.1418,0.1418,0.1418,0.1418,0.1418,0.1418,0.1418,0.1418,0.1418,0.1418,0.1418,0.1418,0.1418,0.1418,0.1418,0.1418,0.1418,0.1418,0.1418,0.1418,
18.617478370666504,1561,1508,1351,1454,1459,1255,2031,1391,1521,1266,2252,1288,1381,2000,2178,1768,1253,0,1426,2091,0,2086,1712,1706,1445,1311,1678,2081,1475,1710,1274,1828,1225,1401,1388,1383,1455,2159,1781,0,1555,0,1342,1388,1342,1283,1934,1773,1438,1557,2050,0,1533,1944,1924,1642,1590,1389,1489,1296,1812,1479,0,1289,1646,2153,1595,1385,2129,1616,1461,1259,0,1688,1311,1314,1230,2196,1587,1351,1555,1285,1527,0,1606,1520,1385,1453,1353,1366,1811,1284,1770,1399,1963,1929,1626,1779,1268,1253,1819,1500,1250,1371,0,1367,1489,1816,2114,2092,1643,2205,1262,1478,1323,2095,2094,1903,2019,1594,1311,0,1777,1562,1652,1546,0.1286,0.1286,0.1286,0.1286,0.1286,0.1286,0.1286,0.1286,0.1286,0.1286,0.1286,0.1286,0.1286,0.1286,0.1286,0.1286,0.1286,0.1286,0.1286,0.1286,0.0,0.1688,0.1688,0.1688,0.1688,0.1688,0.1688,0.1688,0.1688,0.1688,0.1688,0.1688,0.1688,0.1688,0.1688,0.1688,0.1688,0.1688,0.1688,0.1688,0.1688,0.0,0.1519,0.1519,0.1519,0.1519,0.1519,0.1519,0.1519,0.1519,0.1519,0.1519,0.1519,0.1519,0.1519,0.1519,0.1519,0.1519,0.1519,0.1519,0.1519,0.1519,0.0,0.1371,0.1371,0.1371,0.1371,0.1371,0.1371,0.1371,0.1371,0.1371,0.1371,0.1371,0.1371,0.1371,0.1371,0.1371,0.1371,0.1371,0.1371,0.1371,0.1371,0.0,0.1211,0.1286,0.1286,0.1286,0.1286,0.1286,0.1286,0.1286,0.1286,0.1286,0.1286,0.1286,0.1286,0.1286,0.1286,0.1286,0.1286,0.1286,0.1286,0.1286,0.0,0.1286,0.1418,0.1418,0.1418,0.1418,0.1418,0.1418,0.1418,0.1418,0.1418,0.1418,0.1418,0.1418,0.1418,0.1418,0.1418,0.1418,0.1418,0.1418,0.1418,0.1418,
18.769451141357422,1561,1508,1351,1454,1459,1255,2031,1391,1521,1266,2252,1288,1381,2000,2178,1768,1253,0,1426,2091,0,2086,1712,1706,1445,1311,1678,2081,1475,1710,1274,1828,1225,1401,1388,1383,1455,2159,1781,0,1555,0,1342,1388,1342,1283,1934,1773,1438,1557,2050,0,1533,1944,1924,1642,1590,1389,1489,1296,1812,1479,0,1289,1646,2153,1595,1385,2129,1616,1461,1259,0,1688,1311,1314,1230,2196,1587,1351,1555,1285,1527,0,1606,1520,1385,1453,1353,1366,1811,1284,1770,1399,1963,1929,1626,1779,1268,1253,1819,1500,1250,1371,0,1367,1489,1816,2114,2092,1643,2205,1262,1478,1323,2095,2094,1903,2019,1594,1311,0,1777,1562,1652,1546,0.1286,0.1286,0.1286,0.1286,0.1286,0.1286,0.1286,0.1286,0.1286,0.1286,0.1286,0.1286,0.1286,0.1286,0.1286,0.1286,0.1286,0.1286,0.1286,0.1286,0.0,0.1688,0.1688,0.1688,0.1688,0.1688,0.1688,0.1688,0.1688,0.1688,0.1688,0.1688,0.1688,0.1688,0.1688,0.1688,0.1688,0.1688,0.1688,0.1688,0.1688,0.0,0.1519,0.1519,0.1519,0.1519,0.1519,0.1519,0.1519,0.1519,0.1519,0.1519,0.1519,0.1519,0.1519,0.1519,0.1519,0.1519,0.1519,0.1519,0.1519,0.1519,0.0,0.1371,0.1371,0.1371,0.1371,0.1371,0.1371,0.1371,0.1371,0.1371,0.1371,0.1371,0.1371,0.1371,0.1371,0.1371,0.1371,0.1371,0.1371,0.1371,0.1371,0.0,0.1211,0.1286,0.1286,0.1286,0.1286,0.1286,0.1286,0.1286,0.1286,0.1286,0.1286,0.1286,0.1286,0.1286,0.1286,0.1286,0.1286,0.1286,0.1286,0.1286,0.0,0.1286,0.1418,0.1418,0.1418,0.1418,0.1418,0.1418,0.1418,0.1418,0.1418,0.1418,0.1418,0.1418,0.1418,0.1418,0.1418,0.1418,0.1418,0.1418,0.1418,0.1418,
18.871036767959595,1722,1832,1635,1608,0,1515,1742,1851,1609,2059,1371,1776,1448,1393,2009,1607,1864,1937,1529,1911,0,2086,1712,1706,1445,1311,1678,2081,1475,1710,1274,1828,1225,1401,1388,1383,1455,2159,1781,0,1555,0,1342,1388,1342,1283,1934,1773,1438,1557,2050,0,1533,1944,1924,1642,1590,1389,1489,1296,1812,1479,0,1289,1646,2153,1595,1385,2129,1616,1461,1259,0,1688,1311,1314,1230,2196,1587,1351,1555,1285,1527,0,1679,2224,1362,1470,1253,1414,1866,1505,1585,1408,1327,1329,1281,1943,1587,1852,1310,1975,1867,1640,0,1367,1489,1816,2114,2092,1643,2205,1262,1478,1323,2095,2094,1903,2019,1594,1311,0,1777,1562,1652,1546,0.1946,0.1946,0.1946,0.1946,0.1946,0.1946,0.1946,0.1946,0.1946,0.1946,0.1946,0.1946,0.1946,0.1946,0.1946,0.1946,0.1946,0.1946,0.1946,0.1946,0.0,0.1688,0.1688,0.1688,0.1688,0.1688,0.1688,0.1688,0.1688,0.1688,0.1688,0.1688,0.1688,0.1688,0.1688,0.1688,0.1688,0.1688,0.1688,0.1688,0.1688,0.0,0.1519,0.1519,0.1519,0.1519,0.1519,0.1519,0.1519,0.1519,0.1519,0.1519,0.1519,0.1519,0.1519,0.1519,0.1519,0.1519,0.1519,0.1519,0.1519,0.1519,0.0,0.1371,0.1371,0.1371,0.1371,0.1371,0.1371,0.1371,0.1371,0.1371,0.1371,0.1371,0.1371,0.1371,0.1371,0.1371,0.1371,0.1371,0.1371,0.1371,0.1371,0.0,0.1879,0.1879,0.1879,0.1879,0.1879,0.1879,0.1879,0.1879,0.1879,0.1879,0.1879,0.1879,0.1879,0.1879,0.1879,0.1879,0.1879,0.1879,0.1879,0.1879,0.0,0.1286,0.1418,0.1418,0.1418,0.1418,0.1418,0.1418,0.1418,0.1418,0.1418,0.1418,0.1418,0.1418,0.1418,0.1418,0.1418,0.1418,0.1418,0.1418,0.1418,0.1418,
19.123141050338745,1722,1832,1635,1608,0,1515,1742,1851,1609,2059,1371,1776,1448,1393,2009,1607,1864,1937,1529,1911,0,2086,1712,1706,1445,1311,1678,2081,1475,1710,1274,1828,1225,1401,1388,1383,1455,2159,1781,0,1555,0,1342,1388,1342,1283,1934,1773,1438,1557,2050,0,1533,1944,1924,1642,1590,1389,1489,1296,1812,1479,0,1864,1292,0,1780,1492,1825,0,1418,1549,1358,1285,1386,1398,1587,1297,1801,1850,1981,1803,1726,0,1679,2224,1362,1470,1253,1414,1866,1505,1585,1408,1327,1329,1281,1943,1587,1852,1310,1975,1867,1640,0,1216,0,0,2004,1392,0,2014,2249,1678,1387,1957,1358,1496,2061,1938,1737,1910,1921,2025,1905,2028,0.1946,0.1946,0.1946,0.1946,0.1946,0.1946,0.1946,0.1946,0.1946,0.1946,0.1946,0.1946,0.1946,0.1946,0.1946,0.1946,0.1946,0.1946,0.1946,0.1946,0.0,0.1688,0.1688,0.1688,0.1688,0.1688,0.1688,0.1688,0.1688,0.1688,0.1688,0.1688,0.1688,0.1688,0.1688,0.1688,0.1688,0.1688,0.1688,0.1688,0.1688,0.0,0.1519,0.1519,0.1519,0.1519,0.1519,0.1519,0.1519,0.1519,0.1519,0.1519,0.1519,0.1519,0.1519,0.1519,0.1519,0.1519,0.1519,0.1519,0.1519,0.1519,0.0,0.1946,0.1946,0.1946,0.1946,0.1946,0.1946,0.1946,0.1946,0.1946,0.1946,0.1946,0.1946,0.1946,0.1946,0.1946,0.1946,0.1946,0.1946,0.1946,0.1946,0.0,0.1879,0.1879,0.1879,0.1879,0.1879,0.1879,0.1879,0.1879,0.1879,0.1879,0.1879,0.1879,0.1879,0.1879,0.1879,0.1879,0.1879,0.1879,0.1879,0.1879,0.0,0.1946,0.1946,0.1946,0.1946,0.1946,0.1946,0.1946,0.1946,0.1946,0.1946,0.1946,0.1946,0.1946,0.1946,0.1946,0.1946,0.1946,0.1946,0.1946,0.1946,0.1946,
19.27488613128662,1722,1832,1635,1608,0,1515,1742,1851,1609,2059,1371,1776,1448,1393,2009,1607,1864,1937,1529,1911,0,2086,1712,1706,1445,1311,1678,2081,1475,1710,1274,1828,1225,1401,1388,1383,1455,2159,1781,0,1555,0,2018,1471,1648,1822,0,1949,1434,1447,1790,1758,1688,1617,1839,1853,1843,2052,1923,2193,2066,2046,0,1864,1292,0,1780,1492,1825,0,1418,1549,1358,1285,1386,1398,1587,1297,1801,1850,1981,1803,1726,0,1679,2224,1362,1470,1253,1414,1866,1505,1585,1408,1327,1329,1281,1943,1587,1852,1310,1975,1867,1640,0,1216,0,0,2004,1392,0,2014,2249,1678,1387,1957,1358,1496,2061,1938,1737,1910,1921,2025,1905,2028,0.1946,0.1946,0.1946,0.1946,0.1946,0.1946,0.1946,0.1946,0.1946,0.1946,0.1946,0.1946,0.1946,0.1946,0.1946,0.1946,0.1946,0.1946,0.1946,0.1946,0.0,0.1688,0.1688,0.1688,0.1688,0.1688,0.1688,0.1688,0.1688,0.1688,0.1688,0.1688,0.1688,0.1688,0.1688,0.1688,0.1688,0.1688,0.1688,0.1688,0.1688,0.0,0.2088,0.2088,0.2088,0.2088,0.2088,0.2088,0.2088,0.2088,0.2088,0.2088,0.2088,0.2088,0.2088,0.2088,0.2088,0.2088,0.2088,0.2088,0.2088,0.2088,0.0,0.1946,0.1946,0.1946,0.1946,0.1946,0.1946,0.1946,0.1946,0.1946,0.1946,0.1946,0.1946,0.1946,0.1946,0.1946,0.1946,0.1946,0.1946,0.1946,0.1946,0.0,0.1879,0.1879,0.1879,0.1879,0.1879,0.1879,0.1879,0.1879,0.1879,0.1879,0.1879,0.1879,0.1879,0.1879,0.1879,0.1879,0.1879,0.1879,0.1879,0.1879,0.0,0.1946,0.1946,0.1946,0.1946,0.1946,0.1946,0.1946,0.1946,0.1946,0.1946,0.1946,0.1946,0.1946,0.1946,0.1946,0.1946,0.1946,0.1946,0.1946,0.1946,0.1946,
19.376505851745605,1722,1832,1635,1608,0,1515,1742,1851,1609,2059,1371,1776,1448,1393,2009,1607,1864,1937,1529,1911,0,2086,1712,1706,1445,1311,1678,2081,1475,1710,1274,1828,1225,1401,1388,1383,1455,2159,1781,0,1555,0,2018,1471,1648,1822,0,1949,1434,1447,1790,1758,1688,1617,1839,1853,1843,2052,1923,2193,2066,2046,0,1864,1292,0,1780,1492,1825,0,1418,1549,1358,1285,1386,1398,1587,1297,1801,1850,1981,1803,1726,0,1679,2224,1362,1470,1253,1414,1866,1505,1585,1408,1327,1329,1281,1943,1587,1852,1310,1975,1867,1640,0,1216,0,0,2004,1392,0,2014,2249,1678,1387,1957,1358,1496,2061,1938,1737,1910,1921,2025,1905,2028,0.1946,0.1946,0.1946,0.1946,0.1946,0.1946,0.1946,0.1946,0.1946,0.1946,0.1946,0.1946,0.1946,0.1946,0.1946,0.1946,0.1946,0.1946,0.1946,0.1946,0.0,0.1688,0.1688,0.1688,0.1688,0.1688,0.1688,0.1688,0.1688,0.1688,0.1688,0.1688,0.1688,0.1688,0.1688,0.1688,0.1688,0.1688,0.1688,0.1688,0.1688,0.0,0.2088,0.2088,0.2088,0.2088,0.2088,0.2088,0.2088,0.2088,0.2088,0.2088,0.2088,0.2088,0.2088,0.2088,0.2088,0.2088,0.2088,0.2088,0.2088,0.2088,0.0,0.1946,0.1946,0.1946,0.1946,0.1946,0.1946,0.1946,0.1946,0.1946,0.1946,0.1946,0.1946,0.1946,0.1946,0.1946,0.1946,0.1946,0.1946,0.1946,0.1946,0.0,0.1879,0.1879,0.1879,0.1879,0.1879,0.1879,0.1879,0.1879,0.1879,0.1879,0.1879,0.1879,0.1879,0.1879,0.1879,0.1879,0.1879,0.1879,0.1879,0.1879,0.0,0.1946,0.1946,0.1946,0.1946,0.1946,0.1946,0.1946,0.1946,0.1946,0.1946,0.1946,0.1946,0.1946,0.1946,0.1946,0.1946,0.1946,0.1946,0.1946,0.1946,0.1946,
19.47816491127014,1722,1832,1635,1608,0,1515,1742,1851,1609,2059,1371,1776,1448,1393,2009,1607,1864,1937,1529,1911,0,2086,1712,1706,1445,1311,1678,2081,1475,1710,1274,1828,1225,1401,1388,1383,1455,2159,1781,0,1555,0,2018,1471,1648,1822,0,1949,1434,1447,1790,1758,1688,1617,1839,1853,1843,2052,1923,2193,2066,2046,0,1864,1292,0,1780,1492,1825,0,1418,1549,1358,1285,1386,1398,1587,1297,1801,1850,1981,1803,1726,0,1679,2224,1362,1470,1253,1414,1866,1505,1585,1408,1327,1329,1281,1943,1587,1852,1310,1975,1867,1640,0,1216,0,0,2004,1392,0,2014,2249,1678,1387,1957,1358,1496,2061,1938,1737,1910,1921,2025,1905,2028,0.1946,0.1946,0.1946,0.1946,0.1946,0.1946,0.1946,0.1946,0.1946,0.1946,0.1946,0.1946,0.1946,0.1946,0.1946,0.1946,0.1946,0.1946,0.1946,0.1946,0.0,0.1688,0.1688,0.1688,0.1688,0.1688,0.1688,0.1688,0.1688,0.1688,0.1688,0.1688,0.1688,0.1688,0.1688,0.1688,0.1688,0.1688,0.1688,0.1688,0.1688,0.0,0.2088,0.2088,0.2088,0.2088,0.2088,0.2088,0.2088,0.2088,0.2088,0.2088,0.2088,0.2088,0.2088,0.2088,0.2088,0.2088,0.2088,0.2088,0.2088,0.2088,0.0,0.1946,0.1946,0.1946,0.1946,0.1946,0.1946,0.1946,0.1946,0.1946,0.1946,0.1946,0.1946,0.1946,0.1946,0.1946,0.1946,0.1946,0.1946,0.1946,0.1946,0.0,0.1879,0.1879,0.1879,0.1879,0.1879,0.1879,0.1879,0.1879,0.1879,0.1879,0.1879,0.1879,0.1879,0.1879,0.1879,0.1879,0.1879,0.1879,0.1879,0.1879,0.0,0.1946,0.1946,0.1946,0.1946,0.1946,0.1946,0.1946,0.1946,0.1946,0.1946,0.1946,0.1946,0.1946,0.1946,0.1946,0.1946,0.1946,0.1946,0.1946,0.1946,0.1946,
19.57981538772583,1722,1832,1635,1608,0,1515,1742,1851,1609,2059,1371,1776,1448,1393,2009,1607,1864,1937,1529,1911,0,2124,1827,1624,1844,1592,1650,2076,1592,1535,2149,1922,2209,2128,1959,2046,2010,2086,2243,2399,2394,0,2018,1471,1648,1822,0,1949,1434,1447,1790,1758,1688,1617,1839,1853,1843,2052,1923,2193,2066,2046,0,1864,1292,0,1780,1492,1825,0,1418,1549,1358,1285,1386,1398,1587,1297,1801,1850,1981,1803,1726,0,1679,2224,1362,1470,1253,1414,1866,1505,1585,1408,1327,1329,1281,1943,1587,1852,1310,1975,1867,1640,0,1216,0,0,2004,1392,0,2014,2249,1678,1387,1957,1358,1496,2061,1938,1737,1910,1921,2025,1905,2028,0.1946,0.1946,0.1946,0.1946,0.1946,0.1946,0.1946,0.1946,0.1946,0.1946,0.1946,0.1946,0.1946,0.1946,0.1946,0.1946,0.1946,0.1946,0.1946,0.1946,0.0,0.2314,0.2473,0.2473,0.2473,0.2473,0.2473,0.2473,0.2473,0.2473,0.2473,0.2473,0.2473,0.2473,0.2473,0.2473,0.2473,0.2473,0.2473,0.2473,0.2473,0.0,0.2088,0.2088,0.2088,0.2088,0.2088,0.2088,0.2088,0.2088,0.2088,0.2088,0.2088,0.2088,0.2088,0.2088,0.2088,0.2088,0.2088,0.2088,0.2088,0.2088,0.0,0.1946,0.1946,0.1946,0.1946,0.1946,0.1946,0.1946,0.1946,0.1946,0.1946,0.1946,0.1946,0.1946,0.1946,0.1946,0.1946,0.1946,0.1946,0.1946,0.1946,0.0,0.1879,0.1879,0.1879,0.1879,0.1879,0.1879,0.1879,0.1879,0.1879,0.1879,0.1879,0.1879,0.1879,0.1879,0.1879,0.1879,0.1879,0.1879,0.1879,0.1879,0.0,0.1946,0.1946,0.1946,0.1946,0.1946,0.1946,0.1946,0.1946,0.1946,0.1946,0.1946,0.1946,0.1946,0.1946,0.1946,0.1946,0.1946,0.1946,0.1946,0.1946,0.1946,
19.83190417289734,1722,1832,1635,1608,0,1515,1742,1851,1609,2059,1371,1776,1448,1393,2009,1607,1864,1937,1529,1911,0,2124,1827,1624,1844,1592,1650,2076,1592,1535,2149,1922,2209,2128,1959,2046,2010,2086,2243,2399,2394,0,2018,1471,1648,1822,0,1949,1434,1447,1790,1758,1688,1617,1839,1853,1843,2052,1923,2193,2066,2046,0,1864,1292,0,1780,1492,1825,0,1418,1549,1358,1285,1386,1398,1587,1297,1801,1850,1981,1803,1726,0,1559,1695,2110,1613,2048,2093,2059,2164,2198,2019,2208,1915,4553,2286,2365,2363,2231,2357,2388,2262,0,1216,0,0,2004,1392,0,2014,2249,1678,1387,1957,1358,1496,2061,1938,1737,1910,1921,2025,1905,2028,0.1946,0.1946,0.1946,0.1946,0.1946,0.1946,0.1946,0.1946,0.1946,0.1946,0.1946,0.1946,0.1946,0.1946,0.1946,0.1946,0.1946,0.1946,0.1946,0.1946,0.0,0.2314,0.2473,0.2473,0.2473,0.2473,0.2473,0.2473,0.2473,0.2473,0.2473,0.2473,0.2473,0.2473,0.2473,0.2473,0.2473,0.2473,0.2473,0.2473,0.2473,0.0,0.2088,0.2088,0.2088,0.2088,0.2088,0.2088,0.2088,0.2088,0.2088,0.2088,0.2088,0.2088,0.2088,0.2088,0.2088,0.2088,0.2088,0.2088,0.2088,0.2088,0.0,0.1946,0.1946,0.1946,0.1946,0.1946,0.1946,0.1946,0.1946,0.1946,0.1946,0.1946,0.1946,0.1946,0.1946,0.1946,0.1946,0.1946,0.1946,0.1946,0.1946,0.0,0.2473,0.2473,0.2473,0.2473,0.2473,0.2473,0.2473,0.2473,0.2473,0.2473,0.2473,0.2473,0.2473,0.2473,0.2473,0.2473,0.2473,0.2473,0.2473,0.2473,0.0,0.1946,0.1946,0.1946,0.1946,0.1946,0.1946,0.1946,0.1946,0.1946,0.1946,0.1946,0.1946,0.1946,0.1946,0.1946,0.1946,0.1946,0.1946,0.1946,0.1946,0.1946,
19.93349599838257,1929,1851,1873,1948,1898,2169,1884,2189,2079,2107,2377,2064,2133,2138,2203,2207,2216,2323,2402,2368,0,2124,1827,1624,1844,1592,1650,2076,1592,1535,2149,1922,2209,2128,1959,2046,2010,2086,2243,2399,2394,0,2018,1471,1648,1822,0,1949,1434,1447,1790,1758,1688,1617,1839,1853,1843,2052,1923,2193,2066,2046,0,2085,1807,2111,2002,1924,1946,2206,2200,2034,2259,2263,2294,2306,2139,2392,2312,2258,2322,2290,2335,0,1559,1695,2110,1613,2048,2093,2059,2164,2198,2019,2208,1915,4553,2286,2365,2363,2231,2357,2388,2262,0,2097,2044,1949,2097,2281,2313,2088,2167,2060,2305,2220,2325,2249,2346,2389,2298,2315,2227,2289,2243,2370,0.2473,0.2638,0.2638,0.2638,0.2638,0.2638,0.2638,0.2638,0.2638,0.2638,0.2638,0.2638,0.2638,0.2638,0.2638,0.2638,0.2638,0.2638,0.2638,0.2638,0.0,0.2314,0.2473,0.2473,0.2473,0.2473,0.2473,0.2473,0.2473,0.2473,0.2473,0.2473,0.2473,0.2473,0.2473,0.2473,0.2473,0.2473,0.2473,0.2473,0.2473,0.0,0.2088,0.2088,0.2088,0.2088,0.2088,0.2088,0.2088,0.2088,0.2088,0.2088,0.2088,0.2088,0.2088,0.2088,0.2088,0.2088,0.2088,0.2088,0.2088,0.2088,0.0,0.2473,0.2473,0.2473,0.2473,0.2473,0.2473,0.2473,0.2473,0.2473,0.2473,0.2473,0.2473,0.2473,0.2473,0.2473,0.2473,0.2473,0.2473,0.2473,0.2473,0.0,0.2473,0.2473,0.2473,0.2473,0.2473,0.2473,0.2473,0.2473,0.2473,0.2473,0.2473,0.2473,0.2473,0.2473,0.2473,0.2473,0.2473,0.2473,0.2473,0.2473,0.0,0.2638,0.2638,0.2638,0.2638,0.2638,0.2638,0.2638,0.2638,0.2638,0.2638,0.2638,0.2638,0.2638,0.2638,0.2638,0.2638,0.2638,0.2638,0.2638,0.2638,0.2638,
20.085280895233154,1929,1851,1873,1948,1898,2169,1884,2189,2079,2107,2377,2064,2133,2138,2203,2207,2216,2323,2402,2368,0,2124,1827,1624,1844,1592,1650,2076,1592,1535,2149,1922,2209,2128,1959,2046,2010,2086,2243,2399,2394,0,2226,1986,2301,2112,2277,2138,2341,2321,2218,2349,2348,2421,2368,2395,2570,2438,2604,2423,2525,2626,0,2085,1807,2111,2002,1924,1946,2206,2200,2034,2259,2263,2294,2306,2139,2392,2312,2258,2322,2290,2335,0,1559,1695,2110,1613,2048,2093,2059,2164,2198,2019,2208,1915,4553,2286,2365,2363,2231,2357,2388,2262,0,2097,2044,1949,2097,2281,2313,2088,2167,2060,2305,2220,2325,2249,2346,2389,2298,2315,2227,2289,2243,2370,0.2473,0.2638,0.2638,0.2638,0.2638,0.2638,0.2638,0.2638,0.2638,0.2638,0.2638,0.2638,0.2638,0.2638,0.2638,0.2638,0.2638,0.2638,0.2638,0.2638,0.0,0.2314,0.2473,0.2473,0.2473,0.2473,0.2473,0.2473,0.2473,0.2473,0.2473,0.2473,0.2473,0.2473,0.2473,0.2473,0.2473,0.2473,0.2473,0.2473,0.2473,0.0,0.2638,0.2638,0.2638,0.2638,0.2638,0.2638,0.2638,0.2638,0.2638,0.2638,0.2638,0.2638,0.2638,0.2638,0.2638,0.2638,0.2638,0.2638,0.2638,0.2638,0.0,0.2473,0.2473,0.2473,0.2473,0.2473,0.2473,0.2473,0.2473,0.2473,0.2473,0.2473,0.2473,0.2473,0.2473,0.2473,0.2473,0.2473,0.2473,0.2473,0.2473,0.0,0.2473,0.2473,0.2473,0.2473,0.2473,0.2473,0.2473,0.2473,0.2473,0.2473,0.2473,0.2473,0.2473,0.2473,0.2473,0.2473,0.2473,0.2473,0.2473,0.2473,0.0,0.2638,0.2638,0.2638,0.2638,0.2638,0.2638,0.2638,0.2638,0.2638,0.2638,0.2638,0.2638,0.2638,0.2638,0.2638,0.2638,0.2638,0.2638,0.2638,0.2638,0.2638,
20.186875104904175,1929,1851,1873,1948,1898,2169,1884,2189,2079,2107,2377,2064,2133,2138,2203,2207,2216,2323,2402,2368,0,2124,1827,1624,1844,1592,1650,2076,1592,1535,2149,1922,2209,2128,1959,2046,2010,2086,2243,2399,2394,0,2226,1986,2301,2112,2277,2138,2341,2321,2218,2349,2348,2421,2368,2395,2570,2438,2604,2423,2525,2626,0,2085,1807,2111,2002,1924,1946,2206,2200,2034,2259,2263,2294,2306,2139,2392,2312,2258,2322,2290,2335,0,1559,1695,2110,1613,2048,2093,2059,2164,2198,2019,2208,1915,4553,2286,2365,2363,2231,2357,2388,2262,0,2097,2044,1949,2097,2281,2313,2088,2167,2060,2305,2220,2325,2249,2346,2389,2298,2315,2227,2289,2243,2370,0.2473,0.2638,0.2638,0.2638,0.2638,0.2638,0.2638,0.2638,0.2638,0.2638,0.2638,0.2638,0.2638,0.2638,0.2638,0.2638,0.2638,0.2638,0.2638,0.2638,0.0,0.2314,0.2473,0.2473,0.2473,0.2473,0.2473,0.2473,0.2473,0.2473,0.2473,0.2473,0.2473,0.2473,0.2473,0.2473,0.2473,0.2473,0.2473,0.2473,0.2473,0.0,0.2638,0.2638,0.2638,0.2638,0.2638,0.2638,0.2638,0.2638,0.2638,0.2638,0.2638,0.2638,0.2638,0.2638,0.2638,0.2638,0.2638,0.2638,0.2638,0.2638,0.0,0.2473,0.2473,0.2473,0.2473,0.2473,0.2473,0.2473,0.2473,0.2473,0.2473,0.2473,0.2473,0.2473,0.2473,0.2473,0.2473,0.2473,0.2473,0.2473,0.2473,0.0,0.2473,0.2473,0.2473,0.2473,0.2473,0.2473,0.2473,0.2473,0.2473,0.2473,0.2473,0.2473,0.2473,0.2473,0.2473,0.2473,0.2473,0.2473,0.2473,0.2473,0.0,0.2638,0.2638,0.2638,0.2638,0.2638,0.2638,0.2638,0.2638,0.2638,0.2638,0.2638,0.2638,0.2638,0.2638,0.2638,0.2638,0.2638,0.2638,0.2638,0.2638,0.2638,
20.288490772247314,1929,1851,1873,1948,1898,2169,1884,2189,2079,2107,2377,2064,2133,2138,2203,2207,2216,2323,2402,2368,0,2394,2275,2438,2138,2418,2362,2382,2449,2618,2491,2662,2611,2562,2785,2748,2683,2834,2706,2655,2666,0,2226,1986,2301,2112,2277,2138,2341,2321,2218,2349,2348,2421,2368,2395,2570,2438,2604,2423,2525,2626,0,2085,1807,2111,2002,1924,1946,2206,2200,2034,2259,2263,2294,2306,2139,2392,2312,2258,2322,2290,2335,0,1559,1695,2110,1613,2048,2093,2059,2164,2198,2019,2208,1915,4553,2286,2365,2363,2231,2357,2388,2262,0,2097,2044,1949,2097,2281,2313,2088,2167,2060,2305,2220,2325,2249,2346,2389,2298,2315,2227,2289,2243,2370,0.2473,0.2638,0.2638,0.2638,0.2638,0.2638,0.2638,0.2638,0.2638,0.2638,0.2638,0.2638,0.2638,0.2638,0.2638,0.2638,0.2638,0.2638,0.2638,0.2638,0.0,0.2984,0.2984,0.2984,0.2984,0.2984,0.2984,0.2984,0.2984,0.2984,0.2984,0.2984,0.2984,0.2984,0.2984,0.2984,0.2984,0.2984,0.2984,0.2984,0.2984,0.0,0.2638,0.2638,0.2638,0.2638,0.2638,0.2638,0.2638,0.2638,0.2638,0.2638,0.2638,0.2638,0.2638,0.2638,0.2638,0.2638,0.2638,0.2638,0.2638,0.2638,0.0,0.2473,0.2473,0.2473,0.2473,0.2473,0.2473,0.2473,0.2473,0.2473,0.2473,0.2473,0.2473,0.2473,0.2473,0.2473,0.2473,0.2473,0.2473,0.2473,0.2473,0.0,0.2473,0.2473,0.2473,0.2473,0.2473,0.2473,0.2473,0.2473,0.2473,0.2473,0.2473,0.2473,0.2473,0.2473,0.2473,0.2473,0.2473,0.2473,0.2473,0.2473,0.0,0.2638,0.2638,0.2638,0.2638,0.2638,0.2638,0.2638,0.2638,0.2638,0.2638,0.2638,0.2638,0.2638,0.2638,0.2638,0.2638,0.2638,0.2638,0.2638,0.2638,0.2638,
20.440260887145996,2422,2440,2498,2527,2574,2544,2609,2592,2469,2686,2690,2755,2795,2889,2898,2886,2895,2936,2970,2939,0,2394,2275,2438,2138,2418,2362,2382,2449,2618,2491,2662,2611,2562,2785,2748,2683,2834,2706,2655,2666,0,2226,1986,2301,2112,2277,2138,2341,2321,2218,2349,2348,2421,2368,2395,2570,2438,2604,2423,2525,2626,0,2315,2566,2301,2608,2548,2619,2452,2598,2713,2659,2691,2664,2655,2765,2722,2913,2893,2787,3044,3017,0,2397,2509,2280,2454,2432,2409,2522,2391,2423,2619,2523,2761,2588,2608,2712,2662,2834,2805,2829,2933,0,2360,2381,2326,2420,2477,2623,2631,2640,2671,2618,2778,2729,2816,2859,2936,2849,2929,3083,3150,3211,3164,0.3073,0.3073,0.3073,0.3073,0.3073,0.3073,0.3073,0.3073,0.3073,0.3073,0.3073,0.3073,0.3073,0.3073,0.3073,0.3073,0.3073,0.3073,0.3073,0.3073,0.0,0.2984,0.2984,0.2984,0.2984,0.2984,0.2984,0.2984,0.2984,0.2984,0.2984,0.2984,0.2984,0.2984,0.2984,0.2984,0.2984,0.2984,0.2984,0.2984,0.2984,0.0,0.2638,0.2638,0.2638,0.2638,0.2638,0.2638,0.2638,0.2638,0.2638,0.2638,0.2638,0.2638,0.2638,0.2638,0.2638,0.2638,0.2638,0.2638,0.2638,0.2638,0.0,0.2984,0.2984,0.2984,0.2984,0.2984,0.2984,0.2984,0.2984,0.2984,0.2984,0.2984,0.2984,0.2984,0.2984,0.2984,0.2984,0.2984,0.2984,0.2984,0.2984,0.0,0.2984,0.3163,0.3163,0.3163,0.3163,0.3163,0.3163,0.3163,0.3163,0.3163,0.3163,0.3163,0.3163,0.3163,0.3163,0.3163,0.3163,0.3163,0.3163,0.3163,0.0,0.3163,0.3163,0.3163,0.3163,0.3163,0.3163,0.3163,0.3163,0.3163,0.3163,0.3163,0.3163,0.3163,0.3163,0.3163,0.3163,0.3163,0.3163,0.3163,0.3163,0.3163,
20.542120933532715,2422,2440,2498,2527,2574,2544,2609,2592,2469,2686,2690,2755,2795,2889,2898,2886,2895,2936,2970,2939,0,2394,2275,2438,2138,2418,2362,2382,2449,2618,2491,2662,2611,2562,2785,2748,2683,2834,2706,2655,2666,0,2226,1986,2301,2112,2277,2138,2341,2321,2218,2349,2348,2421,2368,2395,2570,2438,2604,2423,2525,2626,0,2315,2566,2301,2608,2548,2619,2452,2598,2713,2659,2691,2664,2655,2765,2722,2913,2893,2787,3044,3017,0,2397,2509,2280,2454,2432,2409,2522,2391,2423,2619,2523,2761,2588,2608,2712,2662,2834,2805,2829,2933,0,2360,2381,2326,2420,2477,2623,2631,2640,2671,2618,2778,2729,2816,2859,2936,2849,2929,3083,3150,3211,3164,0.3073,0.3073,0.3073,0.3073,0.3073,0.3073,0.3073,0.3073,0.3073,0.3073,0.3073,0.3073,0.3073,0.3073,0.3073,0.3073,0.3073,0.3073,0.3073,0.3073,0.0,0.2984,0.2984,0.2984,0.2984,0.2984,0.2984,0.2984,0.2984,0.2984,0.2984,0.2984,0.2984,0.2984,0.2984,0.2984,0.2984,0.2984,0.2984,0.2984,0.2984,0.0,0.2638,0.2638,0.2638,0.2638,0.2638,0.2638,0.2638,0.2638,0.2638,0.2638,0.2638,0.2638,0.2638,0.2638,0.2638,0.2638,0.2638,0.2638,0.2638,0.2638,0.0,0.2984,0.2984,0.2984,0.2984,0.2984,0.2984,0.2984,0.2984,0.2984,0.2984,0.2984,0.2984,0.2984,0.2984,0.2984,0.2984,0.2984,0.2984,0.2984,0.2984,0.0,0.2984,0.3163,0.3163,0.3163,0.3163,0.3163,0.3163,0.3163,0.3163,0.3163,0.3163,0.3163,0.3163,0.3163,0.3163,0.3163,0.3163,0.3163,0.3163,0.3163,0.0,0.3163,0.3163,0.3163,0.3163,0.3163,0.3163,0.3163,0.3163,0.3163,0.3163,0.3163,0.3163,0.3163,0.3163,0.3163,0.3163,0.3163,0.3163,0.3163,0.3163,0.3163,
20.693892240524292,2422,2440,2498,2527,2574,2544,2609,2592,2469,2686,2690,2755,2795,2889,2898,2886,2895,2936,2970,2939,0,2394,2275,2438,2138,2418,2362,2382,2449,2618,2491,2662,2611,2562,2785,2748,2683,2834,2706,2655,2666,0,2707,2779,2734,2837,2892,2860,2821,2938,2890,2836,2977,2977,3063,3093,3085,3200,3140,3205,3307,3257,0,2315,2566,2301,2608,2548,2619,2452,2598,2713,2659,2691,2664,2655,2765,2722,2913,2893,2787,3044,3017,0,2397,2509,2280,2454,2432,2409,2522,2391,2423,2619,2523,2761,2588,2608,2712,2662,2834,2805,2829,2933,0,2360,2381,2326,2420,2477,2623,2631,2640,2671,2618,2778,2729,2816,2859,2936,2849,2929,3083,3150,3211,3164,0.3073,0.3073,0.3073,0.3073,0.3073,0.3073,0.3073,0.3073,0.3073,0.3073,0.3073,0.3073,0.3073,0.3073,0.3073,0.3073,0.3073,0.3073,0.3073,0.3073,0.0,0.2984,0.2984,0.2984,0.2984,0.2984,0.2984,0.2984,0.2984,0.2984,0.2984,0.2984,0.2984,0.2984,0.2984,0.2984,0.2984,0.2984,0.2984,0.2984,0.2984,0.0,0.3346,0.3346,0.3346,0.3346,0.3346,0.3346,0.3346,0.3346,0.3346,0.3346,0.3346,0.3346,0.3346,0.3346,0.3346,0.3346,0.3346,0.3346,0.3346,0.3346,0.0,0.2984,0.2984,0.2984,0.2984,0.2984,0.2984,0.2984,0.2984,0.2984,0.2984,0.2984,0.2984,0.2984,0.2984,0.2984,0.2984,0.2984,0.2984,0.2984,0.2984,0.0,0.2984,0.3163,0.3163,0.3163,0.3163,0.3163,0.3163,0.3163,0.3163,0.3163,0.3163,0.3163,0.3163,0.3163,0.3163,0.3163,0.3163,0.3163,0.3163,0.3163,0.0,0.3163,0.3163,0.3163,0.3163,0.3163,0.3163,0.3163,0.3163,0.3163,0.3163,0.3163,0.3163,0.3163,0.3163,0.3163,0.3163,0.3163,0.3163,0.3163,0.3163,0.3163,
20.795562028884888,2422,2440,2498,2527,2574,2544,2609,2592,2469,2686,2690,2755,2795,2889,2898,2886,2895,2936,2970,2939,0,2394,2275,2438,2138,2418,2362,2382,2449,2618,2491,2662,2611,2562,2785,2748,2683,2834,2706,2655,2666,0,2707,2779,2734,2837,2892,2860,2821,2938,2890,2836,2977,2977,3063,3093,3085,3200,3140,3205,3307,3257,0,2315,2566,2301,2608,2548,2619,2452,2598,2713,2659,2691,2664,2655,2765,2722,2913,2893,2787,3044,3017,0,2397,2509,2280,2454,2432,2409,2522,2391,2423,2619,2523,2761,2588,2608,2712,2662,2834,2805,2829,2933,0,2360,2381,2326,2420,2477,2623,2631,2640,2671,2618,2778,2729,2816,2859,2936,2849,2929,3083,3150,3211,3164,0.3073,0.3073,0.3073,0.3073,0.3073,0.3073,0.3073,0.3073,0.3073,0.3073,0.3073,0.3073,0.3073,0.3073,0.3073,0.3073,0.3073,0.3073,0.3073,0.3073,0.0,0.2984,0.2984,0.2984,0.2984,0.2984,0.2984,0.2984,0.2984,0.2984,0.2984,0.2984,0.2984,0.2984,0.2984,0.2984,0.2984,0.2984,0.2984,0.2984,0.2984,0.0,0.3346,0.3346,0.3346,0.3346,0.3346,0.3346,0.3346,0.3346,0.3346,0.3346,0.3346,0.3346,0.3346,0.3346,0.3346,0.3346,0.3346,0.3346,0.3346,0.3346,0.0,0.2984,0.2984,0.2984,0.2984,0.2984,0.2984,0.2984,0.2984,0.2984,0.2984,0.2984,0.2984,0.2984,0.2984,0.2984,0.2984,0.2984,0.2984,0.2984,0.2984,0.0,0.2984,0.3163,0.3163,0.3163,0.3163,0.3163,0.3163,0.3163,0.3163,0.3163,0.3163,0.3163,0.3163,0.3163,0.3163,0.3163,0.3163,0.3163,0.3163,0.3163,0.0,0.3163,0.3163,0.3163,0.3163,0.3163,0.3163,0.3163,0.3163,0.3163,0.3163,0.3163,0.3163,0.3163,0.3163,0.3163,0.3163,0.3163,0.3163,0.3163,0.3163,0.3163,
20.997650384902954,3017,3014,3063,3078,3106,3153,3175,3209,3395,3330,3299,3158,3446,3394,3469,3437,3521,3452,3557,3619,0,2770,2947,2892,3064,2859,3119,3087,3070,2948,3155,3183,3210,3350,3235,3323,3310,3388,3479,3500,3569,0,2707,2779,2734,2837,2892,2860,2821,2938,2890,2836,2977,2977,3063,3093,3085,3200,3140,3205,3307,3257,0,2315,2566,2301,2608,2548,2619,2452,2598,2713,2659,2691,2664,2655,2765,2722,2913,2893,2787,3044,3017,0,2937,2886,3143,3090,3151,3192,3197,3321,3348,3180,3275,3370,3474,3521,3573,3405,3457,3487,3534,3481,0,3140,3148,3221,3261,3287,3311,3266,3442,3321,3408,3341,3350,3450,3415,3367,3469,3464,3385,3436,3572,3545,0.3624,0.3624,0.3624,0.3624,0.3624,0.3624,0.3624,0.3624,0.3624,0.3624,0.3624,0.3624,0.3624,0.3624,0.3624,0.3624,0.3624,0.3624,0.3624,0.3624,0.0,0.3531,0.3531,0.3531,0.3531,0.3531,0.3531,0.3531,0.3531,0.3531,0.3531,0.3531,0.3531,0.3531,0.3531,0.3531,0.3531,0.3531,0.3531,0.3531,0.3531,0.0,0.3346,0.3346,0.3346,0.3346,0.3346,0.3346,0.3346,0.3346,0.3346,0.3346,0.3346,0.3346,0.3346,0.3346,0.3346,0.3346,0.3346,0.3346,0.3346,0.3346,0.0,0.2984,0.2984,0.2984,0.2984,0.2984,0.2984,0.2984,0.2984,0.2984,0.2984,0.2984,0.2984,0.2984,0.2984,0.2984,0.2984,0.2984,0.2984,0.2984,0.2984,0.0,0.3438,0.3624,0.3624,0.3624,0.3624,0.3624,0.3624,0.3624,0.3624,0.3624,0.3624,0.3624,0.3624,0.3624,0.3624,0.3624,0.3624,0.3624,0.3624,0.3624,0.0,0.3531,0.3531,0.3531,0.3531,0.3531,0.3531,0.3531,0.3531,0.3531,0.3531,0.3531,0.3531,0.3531,0.3531,0.3531,0.3531,0.3531,0.3531,0.3531,0.3531,0.3531,
21.099225997924805,3017,3014,3063,3078,3106,3153,3175,3209,3395,3330,3299,3158,3446,3394,3469,3437,3521,3452,3557,3619,0,2770,2947,2892,3064,2859,3119,3087,3070,2948,3155,3183,3210,3350,3235,3323,3310,3388,3479,3500,3569,0,2707,2779,2734,2837,2892,2860,2821,2938,2890,2836,2977,2977,3063,3093,3085,3200,3140,3205,3307,3257,0,3116,3064,3069,3078,3199,3224,3270,3239,3173,3296,3317,3345,3408,3493,3488,3457,3470,3591,3553,3552,0,2937,2886,3143,3090,3151,3192,3197,3321,3348,3180,3275,3370,3474,3521,3573,3405,3457,3487,3534,3481,0,3140,3148,3221,3261,3287,3311,3266,3442,3321,3408,3341,3350,3450,3415,3367,3469,3464,3385,3436,3572,3545,0.3624,0.3624,0.3624,0.3624,0.3624,0.3624,0.3624,0.3624,0.3624,0.3624,0.3624,0.3624,0.3624,0.3624,0.3624,0.3624,0.3624,0.3624,0.3624,0.3624,0.0,0.3531,0.3531,0.3531,0.3531,0.3531,0.3531,0.3531,0.3531,0.3531,0.3531,0.3531,0.3531,0.3531,0.3531,0.3531,0.3531,0.3531,0.3531,0.3531,0.3531,0.0,0.3346,0.3346,0.3346,0.3346,0.3346,0.3346,0.3346,0.3346,0.3346,0.3346,0.3346,0.3346,0.3346,0.3346,0.3346,0.3346,0.3346,0.3346,0.3346,0.3346,0.0,0.3624,0.3624,0.3624,0.3624,0.3624,0.3624,0.3624,0.3624,0.3624,0.3624,0.3624,0.3624,0.3624,0.3624,0.3624,0.3624,0.3624,0.3624,0.3624,0.3624,0.0,0.3438,0.3624,0.3624,0.3624,0.3624,0.3624,0.3624,0.3624,0.3624,0.3624,0.3624,0.3624,0.3624,0.3624,0.3624,0.3624,0.3624,0.3624,0.3624,0.3624,0.0,0.3531,0.3531,0.3531,0.3531,0.3531,0.3531,0.3531,0.3531,0.3531,0.3531,0.3531,0.3531,0.3531,0.3531,0.3531,0.3531,0.3531,0.3531,0.3531,0.3531,0.3531,
21.200870990753174,3017,3014,3063,3078,3106,3153,3175,3209,3395,3330,3299,3158,3446,3394,3469,3437,3521,3452,3557,3619,0,2770,2947,2892,3064,2859,3119,3087,3070,2948,3155,3183,3210,3350,3235,3323,3310,3388,3479,3500,3569,0,3398,3419,3442,3477,3529,3501,3502,3564,3539,3673,3639,3726,3690,3736,3657,3781,3707,3746,3762,3865,0,3116,3064,3069,3078,3199,3224,3270,3239,3173,3296,3317,3345,3408,3493,3488,3457,3470,3591,3553,3552,0,2937,2886,3143,3090,3151,3192,3197,3321,3348,3180,3275,3370,3474,3521,3573,3405,3457,3487,3534,3481,0,3140,3148,3221,3261,3287,3311,3266,3442,3321,3408,3341,3350,3450,3415,3367,3469,3464,3385,3436,3572,3545,0.3624,0.3624,0.3624,0.3624,0.3624,0.3624,0.3624,0.3624,0.3624,0.3624,0.3624,0.3624,0.3624,0.3624,0.3624,0.3624,0.3624,0.3624,0.3624,0.3624,0.0,0.3531,0.3531,0.3531,0.3531,0.3531,0.3531,0.3531,0.3531,0.3531,0.3531,0.3531,0.3531,0.3531,0.3531,0.3531,0.3531,0.3531,0.3531,0.3531,0.3531,0.0,0.3812,0.3812,0.3812,0.3812,0.3812,0.3812,0.3812,0.3812,0.3812,0.3812,0.3812,0.3812,0.3812,0.3812,0.3812,0.3812,0.3812,0.3812,0.3812,0.3812,0.0,0.3624,0.3624,0.3624,0.3624,0.3624,0.3624,0.3624,0.3624,0.3624,0.3624,0.3624,0.3624,0.3624,0.3624,0.3624,0.3624,0.3624,0.3624,0.3624,0.3624,0.0,0.3438,0.3624,0.3624,0.3624,0.3624,0.3624,0.3624,0.3624,0.3624,0.3624,0.3624,0.3624,0.3624,0.3624,0.3624,0.3624,0.3624,0.3624,0.3624,0.3624,0.0,0.3531,0.3531,0.3531,0.3531,0.3531,0.3531,0.3531,0.3531,0.3531,0.3531,0.3531,0.3531,0.3531,0.3531,0.3531,0.3531,0.3531,0.3531,0.3531,0.3531,0.3531,
21.30280566215515,3017,3014,3063,3078,3106,3153,3175,3209,3395,3330,3299,3158,3446,3394,3469,3437,3521,3452,3557,3619,0,3659,3541,3714,3651,3725,3636,3752,3735,3798,3768,3813,3874,3795,3853,3834,3911,3918,3881,3871,3887,0,3398,3419,3442,3477,3529,3501,3502,3564,3539,3673,3639,3726,3690,3736,3657,3781,3707,3746,3762,3865,0,3116,3064,3069,3078,3199,3224,3270,3239,3173,3296,3317,3345,3408,3493,3488,3457,3470,3591,3553,3552,0,3650,3722,3628,3699,3700,3652,3741,3658,3665,3830,3719,3846,3813,3852,3868,3926,3909,3988,3981,4070,0,3140,3148,3221,3261,3287,3311,3266,3442,3321,3408,3341,3350,3450,3415,3367,3469,3464,3385,3436,3572,3545,0.3624,0.3624,0.3624,0.3624,0.3624,0.3624,0.3624,0.3624,0.3624,0.3624,0.3624,0.3624,0.3624,0.3624,0.3624,0.3624,0.3624,0.3624,0.3624,0.3624,0.0,0.3812,0.3812,0.3812,0.3812,0.3812,0.3812,0.3812,0.3812,0.3812,0.3812,0.3812,0.3812,0.3812,0.3812,0.3812,0.3812,0.3812,0.3812,0.3812,0.3812,0.0,0.3812,0.3812,0.3812,0.3812,0.3812,0.3812,0.3812,0.3812,0.3812,0.3812,0.3812,0.3812,0.3812,0.3812,0.3812,0.3812,0.3812,0.3812,0.3812,0.3812,0.0,0.3624,0.3624,0.3624,0.3624,0.3624,0.3624,0.3624,0.3624,0.3624,0.3624,0.3624,0.3624,0.3624,0.3624,0.3624,0.3624,0.3624,0.3624,0.3624,0.3624,0.0,0.3906,0.3906,0.3906,0.3906,0.3906,0.3906,0.3906,0.3906,0.3906,0.3906,0.3906,0.3906,0.3906,0.3906,0.3906,0.3906,0.3906,0.3906,0.3906,0.3906,0.0,0.3531,0.3531,0.3531,0.3531,0.3531,0.3531,0.3531,0.3531,0.3531,0.3531,0.3531,0.3531,0.3531,0.3531,0.3531,0.3531,0.3531,0.3531,0.3531,0.3531,0.3531,
21.404609203338623,3695,3698,3676,3746,3735,3736,3828,3820,3826,3875,3890,3945,3832,3933,3881,4044,4004,4081,3945,4078,0,3659,3541,3714,3651,3725,3636,3752,3735,3798,3768,3813,3874,3795,3853,3834,3911,3918,3881,3871,3887,0,3398,3419,3442,3477,3529,3501,3502,3564,3539,3673,3639,3726,3690,3736,3657,3781,3707,3746,3762,3865,0,3116,3064,3069,3078,3199,3224,3270,3239,3173,3296,3317,3345,3408,3493,3488,3457,3470,3591,3553,3552,0,3650,3722,3628,3699,3700,3652,3741,3658,3665,3830,3719,3846,3813,3852,3868,3926,3909,3988,3981,4070,0,3518,3498,3518,3626,3648,3636,3588,3779,3699,3779,3801,3832,3864,3915,3944,3978,4021,3993,4005,4069,4029,0.3906,0.3906,0.3906,0.3906,0.3906,0.3906,0.3906,0.3906,0.3906,0.3906,0.3906,0.3906,0.3906,0.3906,0.3906,0.3906,0.3906,0.3906,0.3906,0.3906,0.0,0.3812,0.3812,0.3812,0.3812,0.3812,0.3812,0.3812,0.3812,0.3812,0.3812,0.3812,0.3812,0.3812,0.3812,0.3812,0.3812,0.3812,0.3812,0.3812,0.3812,0.0,0.3812,0.3812,0.3812,0.3812,0.3812,0.3812,0.3812,0.3812,0.3812,0.3812,0.3812,0.3812,0.3812,0.3812,0.3812,0.3812,0.3812,0.3812,0.3812,0.3812,0.0,0.3624,0.3624,0.3624,0.3624,0.3624,0.3624,0.3624,0.3624,0.3624,0.3624,0.3624,0.3624,0.3624,0.3624,0.3624,0.3624,0.3624,0.3624,0.3624,0.3624,0.0,0.3906,0.3906,0.3906,0.3906,0.3906,0.3906,0.3906,0.3906,0.3906,0.3906,0.3906,0.3906,0.3906,0.3906,0.3906,0.3906,0.3906,0.3906,0.3906,0.3906,0.0,0.3906,0.3906,0.3906,0.3906,0.3906,0.3906,0.3906,0.3906,0.3906,0.3906,0.3906,0.3906,0.3906,0.3906,0.3906,0.3906,0.3906,0.3906,0.3906,0.3906,0.3906,
21.606496334075928,3695,3698,3676,3746,3735,3736,3828,3820,3826,3875,3890,3945,3832,3933,3881,4044,4004,4081,3945,4078,0,3659,3541,3714,3651,3725,3636,3752,3735,3798,3768,3813,3874,3795,3853,3834,3911,3918,3881,3871,3887,0,3398,3419,3442,3477,3529,3501,3502,3564,3539,3673,3639,3726,3690,3736,3657,3781,3707,3746,3762,3865,0,3658,3734,3786,3804,3804,3867,3810,3837,3931,3894,3979,3953,3949,3893,3941,3981,4022,3961,4051,4072,0,3650,3722,3628,3699,3700,3652,3741,3658,3665,3830,3719,3846,3813,3852,3868,3926,3909,3988,3981,4070,0,3518,3498,3518,3626,3648,3636,3588,3779,3699,3779,3801,3832,3864,3915,3944,3978,4021,3993,4005,4069,4029,0.3906,0.3906,0.3906,0.3906,0.3906,0.3906,0.3906,0.3906,0.3906,0.3906,0.3906,0.3906,0.3906,0.3906,0.3906,0.3906,0.3906,0.3906,0.3906,0.3906,0.0,0.3812,0.3812,0.3812,0.3812,0.3812,0.3812,0.3812,0.3812,0.3812,0.3812,0.3812,0.3812,0.3812,0.3812,0.3812,0.3812,0.3812,0.3812,0.3812,0.3812,0.0,0.3812,0.3812,0.3812,0.3812,0.3812,0.3812,0.3812,0.3812,0.3812,0.3812,0.3812,0.3812,0.3812,0.3812,0.3812,0.3812,0.3812,0.3812,0.3812,0.3812,0.0,0.4094,0.4094,0.4094,0.4094,0.4094,0.4094,0.4094,0.4094,0.4094,0.4094,0.4094,0.4094,0.4094,0.4094,0.4094,0.4094,0.4094,0.4094,0.4094,0.4094,0.0,0.3906,0.3906,0.3906,0.3906,0.3906,0.3906,0.3906,0.3906,0.3906,0.3906,0.3906,0.3906,0.3906,0.3906,0.3906,0.3906,0.3906,0.3906,0.3906,0.3906,0.0,0.3906,0.3906,0.3906,0.3906,0.3906,0.3906,0.3906,0.3906,0.3906,0.3906,0.3906,0.3906,0.3906,0.3906,0.3906,0.3906,0.3906,0.3906,0.3906,0.3906,0.3906,
21.708200454711914,3695,3698,3676,3746,3735,3736,3828,3820,3826,3875,3890,3945,3832,3933,3881,4044,4004,4081,3945,4078,0,3659,3541,3714,3651,3725,3636,3752,3735,3798,3768,3813,3874,3795,3853,3834,3911,3918,3881,3871,3887,0,3882,3890,3866,3865,3946,3914,3877,3971,4047,3952,4072,4048,4074,4083,4195,4237,4295,4212,4173,4258,0,3658,3734,3786,3804,3804,3867,3810,3837,3931,3894,3979,3953,3949,3893,3941,3981,4022,3961,4051,4072,0,3650,3722,3628,3699,3700,3652,3741,3658,3665,3830,3719,3846,3813,3852,3868,3926,3909,3988,3981,4070,0,3518,3498,3518,3626,3648,3636,3588,3779,3699,3779,3801,3832,3864,3915,3944,3978,4021,3993,4005,4069,4029,0.3906,0.3906,0.3906,0.3906,0.3906,0.3906,0.3906,0.3906,0.3906,0.3906,0.3906,0.3906,0.3906,0.3906,0.3906,0.3906,0.3906,0.3906,0.3906,0.3906,0.0,0.3812,0.3812,0.3812,0.3812,0.3812,0.3812,0.3812,0.3812,0.3812,0.3812,0.3812,0.3812,0.3812,0.3812,0.3812,0.3812,0.3812,0.3812,0.3812,0.3812,0.0,0.4188,0.4188,0.4188,0.4188,0.4188,0.4188,0.4188,0.4188,0.4188,0.4188,0.4188,0.4188,0.4188,0.4188,0.4188,0.4188,0.4188,0.4188,0.4188,0.4188,0.0,0.4094,0.4094,0.4094,0.4094,0.4094,0.4094,0.4094,0.4094,0.4094,0.4094,0.4094,0.4094,0.4094,0.4094,0.4094,0.4094,0.4094,0.4094,0.4094,0.4094,0.0,0.3906,0.3906,0.3906,0.3906,0.3906,0.3906,0.3906,0.3906,0.3906,0.3906,0.3906,0.3906,0.3906,0.3906,0.3906,0.3906,0.3906,0.3906,0.3906,0.3906,0.0,0.3906,0.3906,0.3906,0.3906,0.3906,0.3906,0.3906,0.3906,0.3906,0.3906,0.3906,0.3906,0.3906,0.3906,0.3906,0.3906,0.3906,0.3906,0.3906,0.3906,0.3906,
21.809709310531616,3695,3698,3676,3746,3735,3736,3828,3820,3826,3875,3890,3945,3832,3933,3881,4044,4004,4081,3945,4078,0,3926,4108,3965,4045,4139,4032,4006,4057,4184,4199,4111,4261,4219,4260,4153,4292,4254,4194,4316,4247,0,3882,3890,3866,3865,3946,3914,3877,3971,4047,3952,4072,4048,4074,4083,4195,4237,4295,4212,4173,4258,0,3658,3734,3786,3804,3804,3867,3810,3837,3931,3894,3979,3953,3949,3893,3941,3981,4022,3961,4051,4072,0,3650,3722,3628,3699,3700,3652,3741,3658,3665,3830,3719,3846,3813,3852,3868,3926,3909,3988,3981,4070,0,4145,4117,4173,4166,4148,4260,4245,4180,4250,4216,4303,4275,4309,4408,4399,4353,4406,4491,4460,4422,4475,0.3906,0.3906,0.3906,0.3906,0.3906,0.3906,0.3906,0.3906,0.3906,0.3906,0.3906,0.3906,0.3906,0.3906,0.3906,0.3906,0.3906,0.3906,0.3906,0.3906,0.0,0.4282,0.4282,0.4282,0.4282,0.4282,0.4282,0.4282,0.4282,0.4282,0.4282,0.4282,0.4282,0.4282,0.4282,0.4282,0.4282,0.4282,0.4282,0.4282,0.4282,0.0,0.4188,0.4188,0.4188,0.4188,0.4188,0.4188,0.4188,0.4188,0.4188,0.4188,0.4188,0.4188,0.4188,0.4188,0.4188,0.4188,0.4188,0.4188,0.4188,0.4188,0.0,0.4094,0.4094,0.4094,0.4094,0.4094,0.4094,0.4094,0.4094,0.4094,0.4094,0.4094,0.4094,0.4094,0.4094,0.4094,0.4094,0.4094,0.4094,0.4094,0.4094,0.0,0.3906,0.3906,0.3906,0.3906,0.3906,0.3906,0.3906,0.3906,0.3906,0.3906,0.3906,0.3906,0.3906,0.3906,0.3906,0.3906,0.3906,0.3906,0.3906,0.3906,0.0,0.4376,0.4376,0.4376,0.4376,0.4376,0.4376,0.4376,0.4376,0.4376,0.4376,0.4376,0.4376,0.4376,0.4376,0.4376,0.4376,0.4376,0.4376,0.4376,0.4376,0.4376,
22.01161813735962,4042,4122,4196,4160,4195,4181,4269,4228,4271,4305,4271,4286,4342,4293,4361,4315,4417,4420,8871,4478,0,3926,4108,3965,4045,4139,4032,4006,4057,4184,4199,4111,4261,4219,4260,4153,4292,4254,4194,4316,4247,0,3882,3890,3866,3865,3946,3914,3877,3971,4047,3952,4072,4048,4074,4083,4195,4237,4295,4212,4173,4258,0,4109,4105,4020,4158,4136,4184,4152,4232,4318,4302,4359,4348,4284,4382,4426,4428,4484,4469,4595,4582,0,4000,4019,4094,4095,4136,4243,4143,4236,4295,4245,4258,4319,4232,4337,4378,4330,4398,4433,4426,4420,0,4145,4117,4173,4166,4148,4260,4245,4180,4250,4216,4303,4275,4309,4408,4399,4353,4406,4491,4460,4422,4475,0.4469,0.4469,0.4469,0.4469,0.4469,0.4469,0.4469,0.4469,0.4469,0.4469,0.4469,0.4469,0.4469,0.4469,0.4469,0.4469,0.4469,0.4469,0.4469,0.4469,0.0,0.4282,0.4282,0.4282,0.4282,0.4282,0.4282,0.4282,0.4282,0.4282,0.4282,0.4282,0.4282,0.4282,0.4282,0.4282,0.4282,0.4282,0.4282,0.4282,0.4282,0.0,0.4188,0.4188,0.4188,0.4188,0.4188,0.4188,0.4188,0.4188,0.4188,0.4188,0.4188,0.4188,0.4188,0.4188,0.4188,0.4188,0.4188,0.4188,0.4188,0.4188,0.0,0.4282,0.4469,0.4469,0.4469,0.4469,0.4469,0.4469,0.4469,0.4469,0.4469,0.4469,0.4469,0.4469,0.4469,0.4469,0.4469,0.4469,0.4469,0.4469,0.4469,0.0,0.4282,0.4282,0.4282,0.4282,0.4282,0.4282,0.4282,0.4282,0.4282,0.4282,0.4282,0.4282,0.4282,0.4282,0.4282,0.4282,0.4282,0.4282,0.4282,0.4282,0.0,0.4376,0.4376,0.4376,0.4376,0.4376,0.4376,0.4376,0.4376,0.4376,0.4376,0.4376,0.4376,0.4376,0.4376,0.4376,0.4376,0.4376,0.4376,0.4376,0.4376,0.4376,
22.11341094970703,4042,4122,4196,4160,4195,4181,4269,4228,4271,4305,4271,4286,4342,4293,4361,4315,4417,4420,8871,4478,0,3926,4108,3965,4045,4139,4032,4006,4057,4184,4199,4111,4261,4219,4260,4153,4292,4254,4194,4316,4247,0,4360,4386,4442,4486,4517,4513,4502,4556,4482,4543,4586,4629,4622,4633,4627,4683,4694,4706,4841,4821,0,4109,4105,4020,4158,4136,4184,4152,4232,4318,4302,4359,4348,4284,4382,4426,4428,4484,4469,4595,4582,0,4000,4019,4094,4095,4136,4243,4143,4236,4295,4245,4258,4319,4232,4337,4378,4330,4398,4433,4426,4420,0,4145,4117,4173,4166,4148,4260,4245,4180,4250,4216,4303,4275,4309,4408,4399,4353,4406,4491,4460,4422,4475,0.4469,0.4469,0.4469,0.4469,0.4469,0.4469,0.4469,0.4469,0.4469,0.4469,0.4469,0.4469,0.4469,0.4469,0.4469,0.4469,0.4469,0.4469,0.4469,0.4469,0.0,0.4282,0.4282,0.4282,0.4282,0.4282,0.4282,0.4282,0.4282,0.4282,0.4282,0.4282,0.4282,0.4282,0.4282,0.4282,0.4282,0.4282,0.4282,0.4282,0.4282,0.0,0.4562,0.4562,0.4562,0.4562,0.4562,0.4562,0.4562,0.4562,0.4562,0.4562,0.4562,0.4562,0.4562,0.4562,0.4562,0.4562,0.4562,0.4562,0.4562,0.4562,0.0,0.4282,0.4469,0.4469,0.4469,0.4469,0.4469,0.4469,0.4469,0.4469,0.4469,0.4469,0.4469,0.4469,0.4469,0.4469,0.4469,0.4469,0.4469,0.4469,0.4469,0.0,0.4282,0.4282,0.4282,0.4282,0.4282,0.4282,0.4282,0.4282,0.4282,0.4282,0.4282,0.4282,0.4282,0.4282,0.4282,0.4282,0.4282,0.4282,0.4282,0.4282,0.0,0.4376,0.4376,0.4376,0.4376,0.4376,0.4376,0.4376,0.4376,0.4376,0.4376,0.4376,0.4376,0.4376,0.4376,0.4376,0.4376,0.4376,0.4376,0.4376,0.4376,0.4376,
22.214946746826172,4554,4535,4543,4586,4610,4637,4631,4735,4718,4734,4742,4791,4835,4860,4911,4876,4925,4901,4870,4952,0,4383,4533,4511,4536,4575,4580,4521,4657,4619,4693,4672,4736,4702,4736,4735,4820,4861,4799,4840,4821,0,4360,4386,4442,4486,4517,4513,4502,4556,4482,4543,4586,4629,4622,4633,4627,4683,4694,4706,4841,4821,0,4109,4105,4020,4158,4136,4184,4152,4232,4318,4302,4359,4348,4284,4382,4426,4428,4484,4469,4595,4582,0,4527,4605,4642,4609,4550,4580,4688,4687,4702,4630,4679,4741,4799,4702,4868,4833,4817,4772,4783,4777,0,4517,4500,4590,4530,4552,4633,4665,4640,4658,4691,4712,4691,4767,4763,4836,4844,4844,4823,4856,4915,4909,0.4837,0.4837,0.4837,0.4837,0.4837,0.4837,0.4837,0.4837,0.4837,0.4837,0.4837,0.4837,0.4837,0.4837,0.4837,0.4837,0.4837,0.4837,0.4837,0.4837,0.0,0.4562,0.4837,0.4837,0.4837,0.4837,0.4837,0.4837,0.4837,0.4837,0.4837,0.4837,0.4837,0.4837,0.4837,0.4837,0.4837,0.4837,0.4837,0.4837,0.4837,0.0,0.4562,0.4562,0.4562,0.4562,0.4562,0.4562,0.4562,0.4562,0.4562,0.4562,0.4562,0.4562,0.4562,0.4562,0.4562,0.4562,0.4562,0.4562,0.4562,0.4562,0.0,0.4282,0.4469,0.4469,0.4469,0.4469,0.4469,0.4469,0.4469,0.4469,0.4469,0.4469,0.4469,0.4469,0.4469,0.4469,0.4469,0.4469,0.4469,0.4469,0.4469,0.0,0.4562,0.4837,0.4837,0.4837,0.4837,0.4837,0.4837,0.4837,0.4837,0.4837,0.4837,0.4837,0.4837,0.4837,0.4837,0.4837,0.4837,0.4837,0.4837,0.4837,0.0,0.4562,0.4562,0.4562,0.4562,0.4562,0.4562,0.4562,0.4562,0.4562,0.4562,0.4562,0.4562,0.4562,0.4562,0.4562,0.4562,0.4562,0.4562,0.4562,0.4562,0.4562,
22.36676549911499,4554,4535,4543,4586,4610,4637,4631,4735,4718,4734,4742,4791,4835,4860,4911,4876,4925,4901,4870,4952,0,4383,4533,4511,4536,4575,4580,4521,4657,4619,4693,4672,4736,4702,4736,4735,4820,4861,4799,4840,4821,0,4360,4386,4442,4486,4517,4513,4502,4556,4482,4543,4586,4629,4622,4633,4627,4683,4694,4706,4841,4821,0,4649,4680,4595,4721,4710,4744,4744,4789,4818,4824,4846,4827,4835,4900,4887,4945,4916,4987,4982,4989,0,4527,4605,4642,4609,4550,4580,4688,4687,4702,4630,4679,4741,4799,4702,4868,4833,4817,4772,4783,4777,0,4517,4500,4590,4530,4552,4633,4665,4640,4658,4691,4712,4691,4767,4763,4836,4844,4844,4823,4856,4915,4909,0.4837,0.4837,0.4837,0.4837,0.4837,0.4837,0.4837,0.4837,0.4837,0.4837,0.4837,0.4837,0.4837,0.4837,0.4837,0.4837,0.4837,0.4837,0.4837,0.4837,0.0,0.4562,0.4837,0.4837,0.4837,0.4837,0.4837,0.4837,0.4837,0.4837,0.4837,0.4837,0.4837,0.4837,0.4837,0.4837,0.4837,0.4837,0.4837,0.4837,0.4837,0.0,0.4562,0.4562,0.4562,0.4562,0.4562,0.4562,0.4562,0.4562,0.4562,0.4562,0.4562,0.4562,0.4562,0.4562,0.4562,0.4562,0.4562,0.4562,0.4562,0.4562,0.0,0.4927,0.4927,0.4927,0.4927,0.4927,0.4927,0.4927,0.4927,0.4927,0.4927,0.4927,0.4927,0.4927,0.4927,0.4927,0.4927,0.4927,0.4927,0.4927,0.4927,0.0,0.4562,0.4837,0.4837,0.4837,0.4837,0.4837,0.4837,0.4837,0.4837,0.4837,0.4837,0.4837,0.4837,0.4837,0.4837,0.4837,0.4837,0.4837,0.4837,0.4837,0.0,0.4562,0.4562,0.4562,0.4562,0.4562,0.4562,0.4562,0.4562,0.4562,0.4562,0.4562,0.4562,0.4562,0.4562,0.4562,0.4562,0.4562,0.4562,0.4562,0.4562,0.4562,
22.518467664718628,4554,4535,4543,4586,4610,4637,4631,4735,4718,4734,4742,4791,4835,4860,4911,4876,4925,4901,4870,4952,0,4383,4533,4511,4536,4575,4580,4521,4657,4619,4693,4672,4736,4702,4736,4735,4820,4861,4799,4840,4821,0,4840,4853,4865,4860,4903,4893,4891,4877,4884,4961,4948,4959,5007,4973,4973,5043,5036,4993,5098,5041,0,4649,4680,4595,4721,4710,4744,4744,4789,4818,4824,4846,4827,4835,4900,4887,4945,4916,4987,4982,4989,0,4527,4605,4642,4609,4550,4580,4688,4687,4702,4630,4679,4741,4799,4702,4868,4833,4817,4772,4783,4777,0,4911,4914,4855,4866,4955,4944,4999,5021,4973,5044,5042,5052,5017,4993,5126,5143,5111,5095,5119,5284,5216,0.4837,0.4837,0.4837,0.4837,0.4837,0.4837,0.4837,0.4837,0.4837,0.4837,0.4837,0.4837,0.4837,0.4837,0.4837,0.4837,0.4837,0.4837,0.4837,0.4837,0.0,0.4562,0.4837,0.4837,0.4837,0.4837,0.4837,0.4837,0.4837,0.4837,0.4837,0.4837,0.4837,0.4837,0.4837,0.4837,0.4837,0.4837,0.4837,0.4837,0.4837,0.0,0.4746,0.4746,0.4746,0.4746,0.4746,0.4746,0.4746,0.4746,0.4746,0.4746,0.4746,0.4746,0.4746,0.4746,0.4746,0.4746,0.4746,0.4746,0.4746,0.4746,0.0,0.4927,0.4927,0.4927,0.4927,0.4927,0.4927,0.4927,0.4927,0.4927,0.4927,0.4927,0.4927,0.4927,0.4927,0.4927,0.4927,0.4927,0.4927,0.4927,0.4927,0.0,0.4562,0.4837,0.4837,0.4837,0.4837,0.4837,0.4837,0.4837,0.4837,0.4837,0.4837,0.4837,0.4837,0.4837,0.4837,0.4837,0.4837,0.4837,0.4837,0.4837,0.0,0.5104,0.5104,0.5104,0.5104,0.5104,0.5104,0.5104,0.5104,0.5104,0.5104,0.5104,0.5104,0.5104,0.5104,0.5104,0.5104,0.5104,0.5104,0.5104,0.5104,0.5104,
22.67019248008728,5085,5056,5031,5062,5103,5167,5132,5188,5193,5215,5211,5281,5221,5298,5335,5384,5363,5333,5345,5406,0,4927,4927,4971,4944,5036,4961,5078,4971,4961,5067,5029,5093,5080,5142,5181,5159,5287,5291,5241,5316,0,4840,4853,4865,4860,4903,4893,4891,4877,4884,4961,4948,4959,5007,4973,4973,5043,5036,4993,5098,5041,0,4649,4680,4595,4721,4710,4744,4744,4789,4818,4824,4846,4827,4835,4900,4887,4945,4916,4987,4982,4989,0,4902,4961,4924,4931,4912,4893,4946,4883,4903,4986,4897,5053,5080,5065,5155,5131,5141,5112,5165,5161,0,4911,4914,4855,4866,4955,4944,4999,5021,4973,5044,5042,5052,5017,4993,5126,5143,5111,5095,5119,5284,5216,0.5191,0.5191,0.5191,0.5191,0.5191,0.5191,0.5191,0.5191,0.5191,0.5191,0.5191,0.5191,0.5191,0.5191,0.5191,0.5191,0.5191,0.5191,0.5191,0.5191,0.0,0.5104,0.5104,0.5104,0.5104,0.5104,0.5104,0.5104,0.5104,0.5104,0.5104,0.5104,0.5104,0.5104,0.5104,0.5104,0.5104,0.5104,0.5104,0.5104,0.5104,0.0,0.4746,0.4746,0.4746,0.4746,0.4746,0.4746,0.4746,0.4746,0.4746,0.4746,0.4746,0.4746,0.4746,0.4746,0.4746,0.4746,0.4746,0.4746,0.4746,0.4746,0.0,0.4927,0.4927,0.4927,0.4927,0.4927,0.4927,0.4927,0.4927,0.4927,0.4927,0.4927,0.4927,0.4927,0.4927,0.4927,0.4927,0.4927,0.4927,0.4927,0.4927,0.0,0.4927,0.5191,0.5191,0.5191,0.5191,0.5191,0.5191,0.5191,0.5191,0.5191,0.5191,0.5191,0.5191,0.5191,0.5191,0.5191,0.5191,0.5191,0.5191,0.5191,0.0,0.5104,0.5104,0.5104,0.5104,0.5104,0.5104,0.5104,0.5104,0.5104,0.5104,0.5104,0.5104,0.5104,0.5104,0.5104,0.5104,0.5104,0.5104,0.5104,0.5104,0.5104,
22.771723747253418,5085,5056,5031,5062,5103,5167,5132,5188,5193,5215,5211,5281,5221,5298,5335,5384,5363,5333,5345,5406,0,4927,4927,4971,4944,5036,4961,5078,4971,4961,5067,5029,5093,5080,5142,5181,5159,5287,5291,5241,5316,0,4840,4853,4865,4860,4903,4893,4891,4877,4884,4961,4948,4959,5007,4973,4973,5043,5036,4993,5098,5041,0,5033,5038,5114,5092,5154,5137,5167,5169,5188,5181,5255,5226,5275,5287,5249,5364,5321,5405,5337,5384,0,4902,4961,4924,4931,4912,4893,4946,4883,4903,4986,4897,5053,5080,5065,5155,5131,5141,5112,5165,5161,0,4911,4914,4855,4866,4955,4944,4999,5021,4973,5044,5042,5052,5017,4993,5126,5143,5111,5095,5119,5284,5216,0.5191,0.5191,0.5191,0.5191,0.5191,0.5191,0.5191,0.5191,0.5191,0.5191,0.5191,0.5191,0.5191,0.5191,0.5191,0.5191,0.5191,0.5191,0.5191,0.5191,0.0,0.5104,0.5104,0.5104,0.5104,0.5104,0.5104,0.5104,0.5104,0.5104,0.5104,0.5104,0.5104,0.5104,0.5104,0.5104,0.5104,0.5104,0.5104,0.5104,0.5104,0.0,0.4746,0.4746,0.4746,0.4746,0.4746,0.4746,0.4746,0.4746,0.4746,0.4746,0.4746,0.4746,0.4746,0.4746,0.4746,0.4746,0.4746,0.4746,0.4746,0.4746,0.0,0.5104,0.5277,0.5277,0.5277,0.5277,0.5277,0.5277,0.5277,0.5277,0.5277,0.5277,0.5277,0.5277,0.5277,0.5277,0.5277,0.5277,0.5277,0.5277,0.5277,0.0,0.4927,0.5191,0.5191,0.5191,0.5191,0.5191,0.5191,0.5191,0.5191,0.5191,0.5191,0.5191,0.5191,0.5191,0.5191,0.5191,0.5191,0.5191,0.5191,0.5191,0.0,0.5104,0.5104,0.5104,0.5104,0.5104,0.5104,0.5104,0.5104,0.5104,0.5104,0.5104,0.5104,0.5104,0.5104,0.5104,0.5104,0.5104,0.5104,0.5104,0.5104,0.5104,
22.92353367805481,5085,5056,5031,5062,5103,5167,5132,5188,5193,5215,5211,5281,5221,5298,5335,5384,5363,5333,5345,5406,0,4927,4927,4971,4944,5036,4961,5078,4971,4961,5067,5029,5093,5080,5142,5181,5159,5287,5291,5241,5316,0,5072,5088,5080,5081,5094,5093,5055,5110,5159,5135,5148,5121,5191,5174,5183,5258,5260,5232,5350,5255,0,5033,5038,5114,5092,5154,5137,5167,5169,5188,5181,5255,5226,5275,5287,5249,5364,5321,5405,5337,5384,0,4902,4961,4924,4931,4912,4893,4946,4883,4903,4986,4897,5053,5080,5065,5155,5131,5141,5112,5165,5161,0,5203,5871,5154,5199,5310,5284,5367,5393,5326,5418,5466,5470,5456,5430,5543,5555,5583,5557,5596,5671,5659,0.5191,0.5191,0.5191,0.5191,0.5191,0.5191,0.5191,0.5191,0.5191,0.5191,0.5191,0.5191,0.5191,0.5191,0.5191,0.5191,0.5191,0.5191,0.5191,0.5191,0.0,0.5104,0.5104,0.5104,0.5104,0.5104,0.5104,0.5104,0.5104,0.5104,0.5104,0.5104,0.5104,0.5104,0.5104,0.5104,0.5104,0.5104,0.5104,0.5104,0.5104,0.0,0.5277,0.5277,0.5277,0.5277,0.5277,0.5277,0.5277,0.5277,0.5277,0.5277,0.5277,0.5277,0.5277,0.5277,0.5277,0.5277,0.5277,0.5277,0.5277,0.5277,0.0,0.5104,0.5277,0.5277,0.5277,0.5277,0.5277,0.5277,0.5277,0.5277,0.5277,0.5277,0.5277,0.5277,0.5277,0.5277,0.5277,0.5277,0.5277,0.5277,0.5277,0.0,0.4927,0.5191,0.5191,0.5191,0.5191,0.5191,0.5191,0.5191,0.5191,0.5191,0.5191,0.5191,0.5191,0.5191,0.5191,0.5191,0.5191,0.5191,0.5191,0.5191,0.0,0.5362,0.5362,0.5362,0.5362,0.5362,0.5362,0.5362,0.5362,0.5362,0.5362,0.5362,0.5362,0.5362,0.5362,0.5362,0.5362,0.5362,0.5362,0.5362,0.5362,0.5362,
23.075205326080322,5536,5524,5557,5569,5614,5595,5692,5645,5694,5683,5746,5708,5715,5727,5758,5780,5751,5822,5869,5837,0,5377,5383,5450,5439,5521,5397,5533,5475,5438,5535,5528,5612,5622,5596,5580,5616,5674,5671,5649,5671,0,5072,5088,5080,5081,5094,5093,5055,5110,5159,5135,5148,5121,5191,5174,5183,5258,5260,5232,5350,5255,0,5517,5504,5573,5564,5641,5621,5648,5658,5683,5702,5721,5709,5750,5764,5745,5795,5750,5830,5792,5847,0,5287,5393,5327,5397,5391,5438,5419,5361,5408,5486,5419,5519,5534,5547,5623,5608,5622,5631,5708,5693,0,5203,5871,5154,5199,5310,5284,5367,5393,5326,5418,5466,5470,5456,5430,5543,5555,5583,5557,5596,5671,5659,0.5445,0.5445,0.5445,0.5445,0.5445,0.5445,0.5445,0.5445,0.5445,0.5445,0.5445,0.5445,0.5445,0.5445,0.5445,0.5445,0.5445,0.5445,0.5445,0.5445,0.0,0.5277,0.5445,0.5445,0.5445,0.5445,0.5445,0.5445,0.5445,0.5445,0.5445,0.5445,0.5445,0.5445,0.5445,0.5445,0.5445,0.5445,0.5445,0.5445,0.5445,0.0,0.5277,0.5277,0.5277,0.5277,0.5277,0.5277,0.5277,0.5277,0.5277,0.5277,0.5277,0.5277,0.5277,0.5277,0.5277,0.5277,0.5277,0.5277,0.5277,0.5277,0.0,0.5362,0.5362,0.5362,0.5362,0.5362,0.5362,0.5362,0.5362,0.5362,0.5362,0.5362,0.5362,0.5362,0.5362,0.5362,0.5362,0.5362,0.5362,0.5362,0.5362,0.0,0.5445,0.5445,0.5445,0.5445,0.5445,0.5445,0.5445,0.5445,0.5445,0.5445,0.5445,0.5445,0.5445,0.5445,0.5445,0.5445,0.5445,0.5445,0.5445,0.5445,0.0,0.5362,0.5362,0.5362,0.5362,0.5362,0.5362,0.5362,0.5362,0.5362,0.5362,0.5362,0.5362,0.5362,0.5362,0.5362,0.5362,0.5362,0.5362,0.5362,0.5362,0.5362,
23.22686004638672,5536,5524,5557,5569,5614,5595,5692,5645,5694,5683,5746,5708,5715,5727,5758,5780,5751,5822,5869,5837,0,5377,5383,5450,5439,5521,5397,5533,5475,5438,5535,5528,5612,5622,5596,5580,5616,5674,5671,5649,5671,0,5369,5426,5432,5389,5450,5502,5439,5539,5606,5597,5626,5594,5683,5671,5679,5744,5760,5749,5866,5762,0,5517,5504,5573,5564,5641,5621,5648,5658,5683,5702,5721,5709,5750,5764,5745,5795,5750,5830,5792,5847,0,5287,5393,5327,5397,5391,5438,5419,5361,5408,5486,5419,5519,5534,5547,5623,5608,5622,5631,5708,5693,0,5666,5706,5603,5660,5736,5732,5787,5825,5766,5809,5849,5797,5833,5899,5915,5898,5903,5918,5909,5877,5937,0.5445,0.5445,0.5445,0.5445,0.5445,0.5445,0.5445,0.5445,0.5445,0.5445,0.5445,0.5445,0.5445,0.5445,0.5445,0.5445,0.5445,0.5445,0.5445,0.5445,0.0,0.5277,0.5445,0.5445,0.5445,0.5445,0.5445,0.5445,0.5445,0.5445,0.5445,0.5445,0.5445,0.5445,0.5445,0.5445,0.5445,0.5445,0.5445,0.5445,0.5445,0.0,0.5445,0.5607,0.5607,0.5607,0.5607,0.5607,0.5607,0.5607,0.5607,0.5607,0.5607,0.5607,0.5607,0.5607,0.5607,0.5607,0.5607,0.5607,0.5607,0.5607,0.0,0.5362,0.5362,0.5362,0.5362,0.5362,0.5362,0.5362,0.5362,0.5362,0.5362,0.5362,0.5362,0.5362,0.5362,0.5362,0.5362,0.5362,0.5362,0.5362,0.5362,0.0,0.5445,0.5445,0.5445,0.5445,0.5445,0.5445,0.5445,0.5445,0.5445,0.5445,0.5445,0.5445,0.5445,0.5445,0.5445,0.5445,0.5445,0.5445,0.5445,0.5445,0.0,0.5445,0.5686,0.5686,0.5686,0.5686,0.5686,0.5686,0.5686,0.5686,0.5686,0.5686,0.5686,0.5686,0.5686,0.5686,0.5686,0.5686,0.5686,0.5686,0.5686,0.5686,
23.328381299972534,5876,5833,5873,5862,5903,5891,5941,5894,5962,5966,5974,5932,5965,5955,5980,6030,5999,6059,6069,6055,0,5783,5850,5817,5806,5844,5782,5861,5914,7177,5900,5913,6004,5995,5950,5913,5975,5942,5951,5964,5977,0,5369,5426,5432,5389,5450,5502,5439,5539,5606,5597,5626,5594,5683,5671,5679,5744,5760,5749,5866,5762,0,5864,5895,5779,5945,5866,5903,5906,5923,5962,5989,5941,5948,5954,5999,6022,5980,5945,6041,6000,6100,0,5737,5841,5819,5847,5846,5914,5942,5937,5981,5941,5955,5991,6012,6001,6036,5988,6069,6027,6028,6057,0,5666,5706,5603,5660,5736,5732,5787,5825,5766,5809,5849,5797,5833,5899,5915,5898,5903,5918,5909,5877,5937,0.5763,0.5763,0.5763,0.5763,0.5763,0.5763,0.5763,0.5763,0.5763,0.5763,0.5763,0.5763,0.5763,0.5763,0.5763,0.5763,0.5763,0.5763,0.5763,0.5763,0.0,0.5607,0.5763,0.5763,0.5763,0.5763,0.5763,0.5763,0.5763,0.5763,0.5763,0.5763,0.5763,0.5763,0.5763,0.5763,0.5763,0.5763,0.5763,0.5763,0.5763,0.0,0.5445,0.5607,0.5607,0.5607,0.5607,0.5607,0.5607,0.5607,0.5607,0.5607,0.5607,0.5607,0.5607,0.5607,0.5607,0.5607,0.5607,0.5607,0.5607,0.5607,0.0,0.5607,0.5607,0.5607,0.5607,0.5607,0.5607,0.5607,0.5607,0.5607,0.5607,0.5607,0.5607,0.5607,0.5607,0.5607,0.5607,0.5607,0.5607,0.5607,0.5607,0.0,0.5607,0.5607,0.5607,0.5607,0.5607,0.5607,0.5607,0.5607,0.5607,0.5607,0.5607,0.5607,0.5607,0.5607,0.5607,0.5607,0.5607,0.5607,0.5607,0.5607,0.0,0.5445,0.5686,0.5686,0.5686,0.5686,0.5686,0.5686,0.5686,0.5686,0.5686,0.5686,0.5686,0.5686,0.5686,0.5686,0.5686,0.5686,0.5686,0.5686,0.5686,0.5686,
23.53039002418518,5876,5833,5873,5862,5903,5891,5941,5894,5962,5966,5974,5932,5965,5955,5980,6030,5999,6059,6069,6055,0,5783,5850,5817,5806,5844,5782,5861,5914,7177,5900,5913,6004,5995,5950,5913,5975,5942,5951,5964,5977,0,5918,5962,5987,5953,6045,6020,6003,6051,6048,6058,6105,6114,6129,6150,6138,6170,6209,6175,6255,6259,0,5864,5895,5779,5945,5866,5903,5906,5923,5962,5989,5941,5948,5954,5999,6022,5980,5945,6041,6000,6100,0,5737,5841,5819,5847,5846,5914,5942,5937,5981,5941,5955,5991,6012,6001,6036,5988,6069,6027,6028,6057,0,5978,5966,5969,6012,6019,6003,5993,6048,6044,6014,6039,5961,6071,6165,6127,6103,6100,6128,6126,6077,6169,0.5763,0.5763,0.5763,0.5763,0.5763,0.5763,0.5763,0.5763,0.5763,0.5763,0.5763,0.5763,0.5763,0.5763,0.5763,0.5763,0.5763,0.5763,0.5763,0.5763,0.0,0.5607,0.5763,0.5763,0.5763,0.5763,0.5763,0.5763,0.5763,0.5763,0.5763,0.5763,0.5763,0.5763,0.5763,0.5763,0.5763,0.5763,0.5763,0.5763,0.5763,0.0,0.5839,0.5839,0.5839,0.5839,0.5839,0.5839,0.5839,0.5839,0.5839,0.5839,0.5839,0.5839,0.5839,0.5839,0.5839,0.5839,0.5839,0.5839,0.5839,0.5839,0.0,0.5607,0.5607,0.5607,0.5607,0.5607,0.5607,0.5607,0.5607,0.5607,0.5607,0.5607,0.5607,0.5607,0.5607,0.5607,0.5607,0.5607,0.5607,0.5607,0.5607,0.0,0.5607,0.5607,0.5607,0.5607,0.5607,0.5607,0.5607,0.5607,0.5607,0.5607,0.5607,0.5607,0.5607,0.5607,0.5607,0.5607,0.5607,0.5607,0.5607,0.5607,0.0,0.5686,0.5839,0.5839,0.5839,0.5839,0.5839,0.5839,0.5839,0.5839,0.5839,0.5839,0.5839,0.5839,0.5839,0.5839,0.5839,0.5839,0.5839,0.5839,0.5839,0.5839,
23.632120847702026,6091,6020,6042,6045,6057,6104,6128,6148,6195,6244,6149,6237,6202,6214,6278,6296,6297,6275,6275,6312,0,6025,6098,6111,6058,6103,6060,6070,6100,6123,6176,6160,6230,6223,6115,6193,6218,6219,6274,6263,6287,0,5918,5962,5987,5953,6045,6020,6003,6051,6048,6058,6105,6114,6129,6150,6138,6170,6209,6175,6255,6259,0,5864,5895,5779,5945,5866,5903,5906,5923,5962,5989,5941,5948,5954,5999,6022,5980,5945,6041,6000,6100,0,6090,6136,6162,6186,6133,6166,6247,6240,6273,6191,6247,6233,6273,6278,6272,6225,6322,6301,6288,6291,0,5978,5966,5969,6012,6019,6003,5993,6048,6044,6014,6039,5961,6071,6165,6127,6103,6100,6128,6126,6077,6169,0.5839,0.5984,0.5984,0.5984,0.5984,0.5984,0.5984,0.5984,0.5984,0.5984,0.5984,0.5984,0.5984,0.5984,0.5984,0.5984,0.5984,0.5984,0.5984,0.5984,0.0,0.5839,0.5984,0.5984,0.5984,0.5984,0.5984,0.5984,0.5984,0.5984,0.5984,0.5984,0.5984,0.5984,0.5984,0.5984,0.5984,0.5984,0.5984,0.5984,0.5984,0.0,0.5839,0.5839,0.5839,0.5839,0.5839,0.5839,0.5839,0.5839,0.5839,0.5839,0.5839,0.5839,0.5839,0.5839,0.5839,0.5839,0.5839,0.5839,0.5839,0.5839,0.0,0.5607,0.5607,0.5607,0.5607,0.5607,0.5607,0.5607,0.5607,0.5607,0.5607,0.5607,0.5607,0.5607,0.5607,0.5607,0.5607,0.5607,0.5607,0.5607,0.5607,0.0,0.5839,0.5984,0.5984,0.5984,0.5984,0.5984,0.5984,0.5984,0.5984,0.5984,0.5984,0.5984,0.5984,0.5984,0.5984,0.5984,0.5984,0.5984,0.5984,0.5984,0.0,0.5686,0.5839,0.5839,0.5839,0.5839,0.5839,0.5839,0.5839,0.5839,0.5839,0.5839,0.5839,0.5839,0.5839,0.5839,0.5839,0.5839,0.5839,0.5839,0.5839,0.5839,
23.73367691040039,6091,6020,6042,6045,6057,6104,6128,6148,6195,6244,6149,6237,6202,6214,6278,6296,6297,6275,6275,6312,0,6025,6098,6111,6058,6103,6060,6070,6100,6123,6176,6160,6230,6223,6115,6193,6218,6219,6274,6263,6287,0,5918,5962,5987,5953,6045,6020,6003,6051,6048,6058,6105,6114,6129,6150,6138,6170,6209,6175,6255,6259,0,6015,6075,6024,6164,6090,6107,6046,6052,6073,6111,6132,6109,6080,6133,6224,6170,6151,6251,6202,6302,0,6090,6136,6162,6186,6133,6166,6247,6240,6273,6191,6247,6233,6273,6278,6272,6225,6322,6301,6288,6291,0,6232,6180,6243,6233,6260,6280,6260,6265,6279,6292,6311,6273,6353,6329,6357,6363,6390,6348,6355,6380,6388,0.5839,0.5984,0.5984,0.5984,0.5984,0.5984,0.5984,0.5984,0.5984,0.5984,0.5984,0.5984,0.5984,0.5984,0.5984,0.5984,0.5984,0.5984,0.5984,0.5984,0.0,0.5839,0.5984,0.5984,0.5984,0.5984,0.5984,0.5984,0.5984,0.5984,0.5984,0.5984,0.5984,0.5984,0.5984,0.5984,0.5984,0.5984,0.5984,0.5984,0.5984,0.0,0.5839,0.5839,0.5839,0.5839,0.5839,0.5839,0.5839,0.5839,0.5839,0.5839,0.5839,0.5839,0.5839,0.5839,0.5839,0.5839,0.5839,0.5839,0.5839,0.5839,0.0,0.5839,0.6054,0.6054,0.6054,0.6054,0.6054,0.6054,0.6054,0.6054,0.6054,0.6054,0.6054,0.6054,0.6054,0.6054,0.6054,0.6054,0.6054,0.6054,0.6054,0.0,0.5839,0.5984,0.5984,0.5984,0.5984,0.5984,0.5984,0.5984,0.5984,0.5984,0.5984,0.5984,0.5984,0.5984,0.5984,0.5984,0.5984,0.5984,0.5984,0.5984,0.0,0.5912,0.5912,0.5912,0.5912,0.5912,0.5912,0.5912,0.5912,0.5912,0.5912,0.5912,0.5912,0.5912,0.5912,0.5912,0.5912,0.5912,0.5912,0.5912,0.5912,0.5912,
23.98569083213806,6091,6020,6042,6045,6057,6104,6128,6148,6195,6244,6149,6237,6202,6214,6278,6296,6297,6275,6275,6312,0,6301,6376,6410,6373,6415,6387,6429,6385,6379,6478,6431,6548,6489,6477,6497,6546,6545,6558,6580,6591,0,6343,6299,6324,6362,6391,6336,6344,6366,6293,6296,6373,6410,6378,6449,6395,6400,6425,6422,6431,12998,0,6249,6339,6343,6380,6388,6385,6353,6377,6386,6426,6491,6409,6473,6500,6439,6563,6496,6587,6555,6558,0,6343,6366,6400,6368,6366,6431,6419,6400,6417,6419,6370,6422,6511,6470,6547,6533,6517,6531,6564,6525,0,6453,6391,6391,6337,6380,6428,6482,6449,6364,6498,6533,6533,6525,6443,6489,6568,6591,6504,6518,6568,6555,0.5839,0.5984,0.5984,0.5984,0.5984,0.5984,0.5984,0.5984,0.5984,0.5984,0.5984,0.5984,0.5984,0.5984,0.5984,0.5984,0.5984,0.5984,0.5984,0.5984,0.0,0.6054,0.6187,0.6187,0.6187,0.6187,0.6187,0.6187,0.6187,0.6187,0.6187,0.6187,0.6187,0.6187,0.6187,0.6187,0.6187,0.6187,0.6187,0.6187,0.6187,0.0,0.5984,0.5984,0.5984,0.5984,0.5984,0.5984,0.5984,0.5984,0.5984,0.5984,0.5984,0.5984,0.5984,0.5984,0.5984,0.5984,0.5984,0.5984,0.5984,0.5984,0.0,0.6121,0.6121,0.6121,0.6121,0.6121,0.6121,0.6121,0.6121,0.6121,0.6121,0.6121,0.6121,0.6121,0.6121,0.6121,0.6121,0.6121,0.6121,0.6121,0.6121,0.0,0.6054,0.6187,0.6187,0.6187,0.6187,0.6187,0.6187,0.6187,0.6187,0.6187,0.6187,0.6187,0.6187,0.6187,0.6187,0.6187,0.6187,0.6187,0.6187,0.6187,0.0,0.6121,0.6121,0.6121,0.6121,0.6121,0.6121,0.6121,0.6121,0.6121,0.6121,0.6121,0.6121,0.6121,0.6121,0.6121,0.6121,0.6121,0.6121,0.6121,0.6121,0.6121,
24.087268590927124,6406,6408,6362,6405,6428,6402,6483,6509,6468,6492,6477,6537,6490,6499,6558,6553,6550,6525,6540,6564,0,6301,6376,6410,6373,6415,6387,6429,6385,6379,6478,6431,6548,6489,6477,6497,6546,6545,6558,6580,6591,0,6343,6299,6324,6362,6391,6336,6344,6366,6293,6296,6373,6410,6378,6449,6395,6400,6425,6422,6431,12998,0,6249,6339,6343,6380,6388,6385,6353,6377,6386,6426,6491,6409,6473,6500,6439,6563,6496,6587,6555,6558,0,6343,6366,6400,6368,6366,6431,6419,6400,6417,6419,6370,6422,6511,6470,6547,6533,6517,6531,6564,6525,0,6453,6391,6391,6337,6380,6428,6482,6449,6364,6498,6533,6533,6525,6443,6489,6568,6591,6504,6518,6568,6555,0.6054,0.6054,0.6054,0.6054,0.6054,0.6054,0.6054,0.6054,0.6054,0.6054,0.6054,0.6054,0.6054,0.6054,0.6054,0.6054,0.6054,0.6054,0.6054,0.6054,0.0,0.6054,0.6187,0.6187,0.6187,0.6187,0.6187,0.6187,0.6187,0.6187,0.6187,0.6187,0.6187,0.6187,0.6187,0.6187,0.6187,0.6187,0.6187,0.6187,0.6187,0.0,0.5984,0.5984,0.5984,0.5984,0.5984,0.5984,0.5984,0.5984,0.5984,0.5984,0.5984,0.5984,0.5984,0.5984,0.5984,0.5984,0.5984,0.5984,0.5984,0.5984,0.0,0.6121,0.6121,0.6121,0.6121,0.6121,0.6121,0.6121,0.6121,0.6121,0.6121,0.6121,0.6121,0.6121,0.6121,0.6121,0.6121,0.6121,0.6121,0.6121,0.6121,0.0,0.6054,0.6187,0.6187,0.6187,0.6187,0.6187,0.6187,0.6187,0.6187,0.6187,0.6187,0.6187,0.6187,0.6187,0.6187,0.6187,0.6187,0.6187,0.6187,0.6187,0.0,0.6121,0.6121,0.6121,0.6121,0.6121,0.6121,0.6121,0.6121,0.6121,0.6121,0.6121,0.6121,0.6121,0.6121,0.6121,0.6121,0.6121,0.6121,0.6121,0.6121,0.6121,
24.238922834396362,6406,6408,6362,6405,6428,6402,6483,6509,6468,6492,6477,6537,6490,6499,6558,6553,6550,6525,6540,6564,0,6626,6654,6709,6681,6725,6645,6748,6646,16402,6626,6639,6751,6691,6754,6681,6739,6799,6749,6748,6769,0,6593,6573,6576,6610,6586,6567,6620,6588,6577,6563,6619,6699,6613,6684,6624,6675,6674,6615,6720,6715,0,6249,6339,6343,6380,6388,6385,6353,6377,6386,6426,6491,6409,6473,6500,6439,6563,6496,6587,6555,6558,0,6608,6654,6607,6623,6638,6635,6666,6649,6692,6660,6671,6745,6738,6691,6790,6761,6781,6719,6756,6769,0,6599,6585,6560,6495,6553,6615,6682,6654,6530,6652,6702,6703,6670,6654,6721,6720,6763,6733,6696,6760,6762,0.6054,0.6054,0.6054,0.6054,0.6054,0.6054,0.6054,0.6054,0.6054,0.6054,0.6054,0.6054,0.6054,0.6054,0.6054,0.6054,0.6054,0.6054,0.6054,0.6054,0.0,0.625,0.625,0.625,0.625,0.625,0.625,0.625,0.625,0.625,0.625,0.625,0.625,0.625,0.625,0.625,0.625,0.625,0.625,0.625,0.625,0.0,0.625,0.625,0.625,0.625,0.625,0.625,0.625,0.625,0.625,0.625,0.625,0.625,0.625,0.625,0.625,0.625,0.625,0.625,0.625,0.625,0.0,0.6121,0.6121,0.6121,0.6121,0.6121,0.6121,0.6121,0.6121,0.6121,0.6121,0.6121,0.6121,0.6121,0.6121,0.6121,0.6121,0.6121,0.6121,0.6121,0.6121,0.0,0.625,0.625,0.625,0.625,0.625,0.625,0.625,0.625,0.625,0.625,0.625,0.625,0.625,0.625,0.625,0.625,0.625,0.625,0.625,0.625,0.0,0.625,0.625,0.625,0.625,0.625,0.625,0.625,0.625,0.625,0.625,0.625,0.625,0.625,0.625,0.625,0.625,0.625,0.625,0.625,0.625,0.625,
24.2902569770813,6594,6658,6617,6605,6631,6640,6659,6685,6685,6681,6746,6695,6706,6697,6739,6741,6696,6778,6827,6810,0,6626,6654,6709,6681,6725,6645,6748,6646,16402,6626,6639,6751,6691,6754,6681,6739,6799,6749,6748,6769,0,6593,6573,6576,6610,6586,6567,6620,6588,6577,6563,6619,6699,6613,6684,6624,6675,6674,6615,6720,6715,0,6649,6640,6669,6703,6772,6750,6746,6736,6778,6798,6828,6795,6864,6869,6750,6910,6837,6945,6908,6879,0,6608,6654,6607,6623,6638,6635,6666,6649,6692,6660,6671,6745,6738,6691,6790,6761,6781,6719,6756,6769,0,6599,6585,6560,6495,6553,6615,6682,6654,6530,6652,6702,6703,6670,6654,6721,6720,6763,6733,6696,6760,6762,0.6312,0.6312,0.6312,0.6312,0.6312,0.6312,0.6312,0.6312,0.6312,0.6312,0.6312,0.6312,0.6312,0.6312,0.6312,0.6312,0.6312,0.6312,0.6312,0.6312,0.0,0.625,0.625,0.625,0.625,0.625,0.625,0.625,0.625,0.625,0.625,0.625,0.625,0.625,0.625,0.625,0.625,0.625,0.625,0.625,0.625,0.0,0.625,0.625,0.625,0.625,0.625,0.625,0.625,0.625,0.625,0.625,0.625,0.625,0.625,0.625,0.625,0.625,0.625,0.625,0.625,0.625,0.0,0.6427,0.6427,0.6427,0.6427,0.6427,0.6427,0.6427,0.6427,0.6427,0.6427,0.6427,0.6427,0.6427,0.6427,0.6427,0.6427,0.6427,0.6427,0.6427,0.6427,0.0,0.625,0.625,0.625,0.625,0.625,0.625,0.625,0.625,0.625,0.625,0.625,0.625,0.625,0.625,0.625,0.625,0.625,0.625,0.625,0.625,0.0,0.625,0.625,0.625,0.625,0.625,0.625,0.625,0.625,0.625,0.625,0.625,0.625,0.625,0.625,0.625,0.625,0.625,0.625,0.625,0.625,0.625,
24.441916942596436,6594,6658,6617,6605,6631,6640,6659,6685,6685,6681,6746,6695,6706,6697,6739,6741,6696,6778,6827,6810,0,6626,6654,6709,6681,6725,6645,6748,6646,16402,6626,6639,6751,6691,6754,6681,6739,6799,6749,6748,6769,0,6731,6769,6794,6762,6812,6778,6789,6790,6813,6872,6874,6872,6876,6830,6831,6938,6957,6850,7001,6933,0,6649,6640,6669,6703,6772,6750,6746,6736,6778,6798,6828,6795,6864,6869,6750,6910,6837,6945,6908,6879,0,6608,6654,6607,6623,6638,6635,6666,6649,6692,6660,6671,6745,6738,6691,6790,6761,6781,6719,6756,6769,0,6599,6585,6560,6495,6553,6615,6682,6654,6530,6652,6702,6703,6670,6654,6721,6720,6763,6733,6696,6760,6762,0.6312,0.6312,0.6312,0.6312,0.6312,0.6312,0.6312,0.6312,0.6312,0.6312,0.6312,0.6312,0.6312,0.6312,0.6312,0.6312,0.6312,0.6312,0.6312,0.6312,0.0,0.625,0.625,0.625,0.625,0.625,0.625,0.625,0.625,0.625,0.625,0.625,0.625,0.625,0.625,0.625,0.625,0.625,0.625,0.625,0.625,0.0,0.637,0.637,0.637,0.637,0.637,0.637,0.637,0.637,0.637,0.637,0.637,0.637,0.637,0.637,0.637,0.637,0.637,0.637,0.637,0.637,0.0,0.6427,0.6427,0.6427,0.6427,0.6427,0.6427,0.6427,0.6427,0.6427,0.6427,0.6427,0.6427,0.6427,0.6427,0.6427,0.6427,0.6427,0.6427,0.6427,0.6427,0.0,0.625,0.625,0.625,0.625,0.625,0.625,0.625,0.625,0.625,0.625,0.625,0.625,0.625,0.625,0.625,0.625,0.625,0.625,0.625,0.625,0.0,0.625,0.625,0.625,0.625,0.625,0.625,0.625,0.625,0.625,0.625,0.625,0.625,0.625,0.625,0.625,0.625,0.625,0.625,0.625,0.625,0.625,
24.695176601409912,6793,6820,6854,6845,6868,6866,6914,6926,6946,6938,6954,6962,6930,6973,6967,6957,6974,7066,7037,7042,0,6843,6874,6839,6868,6903,6825,6958,6857,19795,6879,6852,6954,6940,6971,6918,6915,6980,6953,6956,6949,0,6940,6964,6984,6934,7032,6989,6949,7001,6985,7030,7039,7020,7054,7023,7029,7077,7096,7053,7120,7093,0,6984,6930,6930,7006,7016,7029,7001,7019,7072,7033,7043,7057,7109,7086,7042,7101,7056,7125,7065,7052,0,6840,6914,6850,6893,6861,6899,6910,6922,6973,6885,6928,6999,6981,6950,6997,6972,6994,6949,6954,7008,0,6765,6738,6755,6753,6791,6823,6813,6839,6829,6836,6863,6839,6868,6920,6940,6923,6920,6922,6905,6941,6958,0.6533,0.6533,0.6533,0.6533,0.6533,0.6533,0.6533,0.6533,0.6533,0.6533,0.6533,0.6533,0.6533,0.6533,0.6533,0.6533,0.6533,0.6533,0.6533,0.6533,0.0,0.6427,0.6427,0.6427,0.6427,0.6427,0.6427,0.6427,0.6427,0.6427,0.6427,0.6427,0.6427,0.6427,0.6427,0.6427,0.6427,0.6427,0.6427,0.6427,0.6427,0.0,0.6533,0.6533,0.6533,0.6533,0.6533,0.6533,0.6533,0.6533,0.6533,0.6533,0.6533,0.6533,0.6533,0.6533,0.6533,0.6533,0.6533,0.6533,0.6533,0.6533,0.0,0.6481,0.6481,0.6481,0.6481,0.6481,0.6481,0.6481,0.6481,0.6481,0.6481,0.6481,0.6481,0.6481,0.6481,0.6481,0.6481,0.6481,0.6481,0.6481,0.6481,0.0,0.6427,0.6533,0.6533,0.6533,0.6533,0.6533,0.6533,0.6533,0.6533,0.6533,0.6533,0.6533,0.6533,0.6533,0.6533,0.6533,0.6533,0.6533,0.6533,0.6533,0.0,0.6427,0.6427,0.6427,0.6427,0.6427,0.6427,0.6427,0.6427,0.6427,0.6427,0.6427,0.6427,0.6427,0.6427,0.6427,0.6427,0.6427,0.6427,0.6427,0.6427,0.6427,
24.797396659851074,6793,6820,6854,6845,6868,6866,6914,6926,6946,6938,6954,6962,6930,6973,6967,6957,6974,7066,7037,7042,0,6977,7015,7044,6999,7024,6961,7056,7005,172910,7111,7048,7083,7057,7046,7046,7085,7066,7085,7078,7088,0,6940,6964,6984,6934,7032,6989,6949,7001,6985,7030,7039,7020,7054,7023,7029,7077,7096,7053,7120,7093,0,6984,6930,6930,7006,7016,7029,7001,7019,7072,7033,7043,7057,7109,7086,7042,7101,7056,7125,7065,7052,0,6840,6914,6850,6893,6861,6899,6910,6922,6973,6885,6928,6999,6981,6950,6997,6972,6994,6949,6954,7008,0,6949,759493,6988,6990,7013,7047,7033,7031,7062,7057,7069,7043,7100,7141,7119,7143,7113,7102,7102,7163,7141,0.6533,0.6533,0.6533,0.6533,0.6533,0.6533,0.6533,0.6533,0.6533,0.6533,0.6533,0.6533,0.6533,0.6533,0.6533,0.6533,0.6533,0.6533,0.6533,0.6533,0.0,0.6582,0.6582,0.6582,0.6582,0.6582,0.6582,0.6582,0.6582,0.6582,0.6582,0.6582,0.6582,0.6582,0.6582,0.6582,0.6582,0.6582,0.6582,0.6582,0.6582,0.0,0.6533,0.6533,0.6533,0.6533,0.6533,0.6533,0.6533,0.6533,0.6533,0.6533,0.6533,0.6533,0.6533,0.6533,0.6533,0.6533,0.6533,0.6533,0.6533,0.6533,0.0,0.6481,0.6481,0.6481,0.6481,0.6481,0.6481,0.6481,0.6481,0.6481,0.6481,0.6481,0.6481,0.6481,0.6481,0.6481,0.6481,0.6481,0.6481,0.6481,0.6481,0.0,0.6427,0.6533,0.6533,0.6533,0.6533,0.6533,0.6533,0.6533,0.6533,0.6533,0.6533,0.6533,0.6533,0.6533,0.6533,0.6533,0.6533,0.6533,0.6533,0.6533,0.0,0.6582,0.6582,0.6582,0.6582,0.6582,0.6582,0.6582,0.6582,0.6582,0.6582,0.6582,0.6582,0.6582,0.6582,0.6582,0.6582,0.6582,0.6582,0.6582,0.6582,0.6582,
24.899044275283813,7076,7001,7027,7022,7051,7064,7096,7088,7136,7148,7062,7179,7065,7132,7118,7164,7147,7226,14231,7147,0,6977,7015,7044,6999,7024,6961,7056,7005,172910,7111,7048,7083,7057,7046,7046,7085,7066,7085,7078,7088,0,6940,6964,6984,6934,7032,6989,6949,7001,6985,7030,7039,7020,7054,7023,7029,7077,7096,7053,7120,7093,0,7128,7119,7054,7175,7124,7187,7130,7135,7228,7155,7152,7216,7251,7221,7196,7238,7213,7224,7185,7209,0,7031,7092,7097,7083,7038,7133,7124,7099,7161,7062,7091,7112,7147,7136,7159,7106,7143,7119,7146,7144,0,7159,7147,7194,7183,7188,7225,7235,7243,7227,7290,7314,7255,7298,7307,7300,7318,7352,7315,7338,7401,7350,0.6582,0.6582,0.6582,0.6582,0.6582,0.6582,0.6582,0.6582,0.6582,0.6582,0.6582,0.6582,0.6582,0.6582,0.6582,0.6582,0.6582,0.6582,0.6582,0.6582,0.0,0.6582,0.6582,0.6582,0.6582,0.6582,0.6582,0.6582,0.6582,0.6582,0.6582,0.6582,0.6582,0.6582,0.6582,0.6582,0.6582,0.6582,0.6582,0.6582,0.6582,0.0,0.6533,0.6533,0.6533,0.6533,0.6533,0.6533,0.6533,0.6533,0.6533,0.6533,0.6533,0.6533,0.6533,0.6533,0.6533,0.6533,0.6533,0.6533,0.6533,0.6533,0.0,0.6629,0.6714,0.6714,0.6714,0.6714,0.6714,0.6714,0.6714,0.6714,0.6714,0.6714,0.6714,0.6714,0.6714,0.6714,0.6714,0.6714,0.6714,0.6714,0.6714,0.0,0.6582,0.6582,0.6582,0.6582,0.6582,0.6582,0.6582,0.6582,0.6582,0.6582,0.6582,0.6582,0.6582,0.6582,0.6582,0.6582,0.6582,0.6582,0.6582,0.6582,0.0,0.6714,0.6714,0.6714,0.6714,0.6714,0.6714,0.6714,0.6714,0.6714,0.6714,0.6714,0.6714,0.6714,0.6714,0.6714,0.6714,0.6714,0.6714,0.6714,0.6714,0.6714,
25.000935554504395,7076,7001,7027,7022,7051,7064,7096,7088,7136,7148,7062,7179,7065,7132,7118,7164,7147,7226,14231,7147,0,7102,7181,7231,7157,7184,7125,7234,7211,1363636,7306,7228,7286,7254,7270,7289,7310,7307,7310,7285,7332,0,7126,7117,7141,7116,7195,7166,7135,7185,7127,7145,7186,7209,7180,7263,7212,7184,7226,7227,7238,7284,0,7128,7119,7054,7175,7124,7187,7130,7135,7228,7155,7152,7216,7251,7221,7196,7238,7213,7224,7185,7209,0,7031,7092,7097,7083,7038,7133,7124,7099,7161,7062,7091,7112,7147,7136,7159,7106,7143,7119,7146,7144,0,7159,7147,7194,7183,7188,7225,7235,7243,7227,7290,7314,7255,7298,7307,7300,7318,7352,7315,7338,7401,7350,0.6582,0.6582,0.6582,0.6582,0.6582,0.6582,0.6582,0.6582,0.6582,0.6582,0.6582,0.6582,0.6582,0.6582,0.6582,0.6582,0.6582,0.6582,0.6582,0.6582,0.0,0.6714,0.6714,0.6714,0.6714,0.6714,0.6714,0.6714,0.6714,0.6714,0.6714,0.6714,0.6714,0.6714,0.6714,0.6714,0.6714,0.6714,0.6714,0.6714,0.6714,0.0,0.6714,0.6714,0.6714,0.6714,0.6714,0.6714,0.6714,0.6714,0.6714,0.6714,0.6714,0.6714,0.6714,0.6714,0.6714,0.6714,0.6714,0.6714,0.6714,0.6714,0.0,0.6629,0.6714,0.6714,0.6714,0.6714,0.6714,0.6714,0.6714,0.6714,0.6714,0.6714,0.6714,0.6714,0.6714,0.6714,0.6714,0.6714,0.6714,0.6714,0.6714,0.0,0.6582,0.6582,0.6582,0.6582,0.6582,0.6582,0.6582,0.6582,0.6582,0.6582,0.6582,0.6582,0.6582,0.6582,0.6582,0.6582,0.6582,0.6582,0.6582,0.6582,0.0,0.6714,0.6714,0.6714,0.6714,0.6714,0.6714,0.6714,0.6714,0.6714,0.6714,0.6714,0.6714,0.6714,0.6714,0.6714,0.6714,0.6714,0.6714,0.6714,0.6714,0.6714,
25.152860641479492,7250,7181,7121,7142,7153,7196,7211,7183,7269,7293,7189,7343,7206,7278,7277,7320,7291,7358,7226,7300,0,7102,7181,7231,7157,7184,7125,7234,7211,1363636,7306,7228,7286,7254,7270,7289,7310,7307,7310,7285,7332,0,7126,7117,7141,7116,7195,7166,7135,7185,7127,7145,7186,7209,7180,7263,7212,7184,7226,7227,7238,7284,0,7128,7119,7054,7175,7124,7187,7130,7135,7228,7155,7152,7216,7251,7221,7196,7238,7213,7224,7185,7209,0,7164,7214,7270,7221,7174,7283,7271,7240,7317,7241,7249,7228,7292,7315,7357,7290,7347,7304,7346,7323,0,7402,20869,7335,7330,7342,7406,7400,7411,7343,7418,7455,7390,7419,7407,7412,7412,7487,7447,7461,7527,7460,0.6714,0.6714,0.6714,0.6714,0.6714,0.6714,0.6714,0.6714,0.6714,0.6714,0.6714,0.6714,0.6714,0.6714,0.6714,0.6714,0.6714,0.6714,0.6714,0.6714,0.0,0.6714,0.6714,0.6714,0.6714,0.6714,0.6714,0.6714,0.6714,0.6714,0.6714,0.6714,0.6714,0.6714,0.6714,0.6714,0.6714,0.6714,0.6714,0.6714,0.6714,0.0,0.6714,0.6714,0.6714,0.6714,0.6714,0.6714,0.6714,0.6714,0.6714,0.6714,0.6714,0.6714,0.6714,0.6714,0.6714,0.6714,0.6714,0.6714,0.6714,0.6714,0.0,0.6629,0.6714,0.6714,0.6714,0.6714,0.6714,0.6714,0.6714,0.6714,0.6714,0.6714,0.6714,0.6714,0.6714,0.6714,0.6714,0.6714,0.6714,0.6714,0.6714,0.0,0.6753,0.6753,0.6753,0.6753,0.6753,0.6753,0.6753,0.6753,0.6753,0.6753,0.6753,0.6753,0.6753,0.6753,0.6753,0.6753,0.6753,0.6753,0.6753,0.6753,0.0,0.6753,0.6753,0.6753,0.6753,0.6753,0.6753,0.6753,0.6753,0.6753,0.6753,0.6753,0.6753,0.6753,0.6753,0.6753,0.6753,0.6753,0.6753,0.6753,0.6753,0.6753,
25.304706811904907,7250,7181,7121,7142,7153,7196,7211,7183,7269,7293,7189,7343,7206,7278,7277,7320,7291,7358,7226,7300,0,7362,7422,7422,7396,7472,7408,7411,7407,22796,7409,7355,7504,7430,7465,7432,7458,7480,7511,7510,7500,0,7337,7312,7334,7319,7362,7340,7281,7371,14634,7286,7326,7393,7340,7423,7355,7344,7353,7352,7391,7399,0,7262,7256,7234,7316,7303,7344,7285,7270,7365,7285,7345,7347,7383,7352,7327,7356,7344,7359,7328,7392,0,7164,7214,7270,7221,7174,7283,7271,7240,7317,7241,7249,7228,7292,7315,7357,7290,7347,7304,7346,7323,0,7402,20869,7335,7330,7342,7406,7400,7411,7343,7418,7455,7390,7419,7407,7412,7412,7487,7447,7461,7527,7460,0.6714,0.6714,0.6714,0.6714,0.6714,0.6714,0.6714,0.6714,0.6714,0.6714,0.6714,0.6714,0.6714,0.6714,0.6714,0.6714,0.6714,0.6714,0.6714,0.6714,0.0,0.6789,0.6853,0.6853,0.6853,0.6853,0.6853,0.6853,0.6853,0.6853,0.6853,0.6853,0.6853,0.6853,0.6853,0.6853,0.6853,0.6853,0.6853,0.6853,0.6853,0.0,0.6753,0.6753,0.6753,0.6753,0.6753,0.6753,0.6753,0.6753,0.6753,0.6753,0.6753,0.6753,0.6753,0.6753,0.6753,0.6753,0.6753,0.6753,0.6753,0.6753,0.0,0.6753,0.6823,0.6823,0.6823,0.6823,0.6823,0.6823,0.6823,0.6823,0.6823,0.6823,0.6823,0.6823,0.6823,0.6823,0.6823,0.6823,0.6823,0.6823,0.6823,0.0,0.6753,0.6753,0.6753,0.6753,0.6753,0.6753,0.6753,0.6753,0.6753,0.6753,0.6753,0.6753,0.6753,0.6753,0.6753,0.6753,0.6753,0.6753,0.6753,0.6753,0.0,0.6753,0.6753,0.6753,0.6753,0.6753,0.6753,0.6753,0.6753,0.6753,0.6753,0.6753,0.6753,0.6753,0.6753,0.6753,0.6753,0.6753,0.6753,0.6753,0.6753,0.6753,
25.50683569908142,7250,7181,7121,7142,7153,7196,7211,7183,7269,7293,7189,7343,7206,7278,7277,7320,7291,7358,7226,7300,0,7362,7422,7422,7396,7472,7408,7411,7407,22796,7409,7355,7504,7430,7465,7432,7458,7480,7511,7510,7500,0,7337,7312,7334,7319,7362,7340,7281,7371,14634,7286,7326,7393,7340,7423,7355,7344,7353,7352,7391,7399,0,7352,7345,7371,7412,7432,7425,7392,7358,7423,7380,7446,7413,7428,7434,7381,7416,7403,7452,7392,7476,0,7164,7214,7270,7221,7174,7283,7271,7240,7317,7241,7249,7228,7292,7315,7357,7290,7347,7304,7346,7323,0,7517,7424,7407,7402,7420,7476,7503,7499,7390,7503,7532,7482,7490,7414,7453,7467,7589,7545,7550,7633,7533,0.6714,0.6714,0.6714,0.6714,0.6714,0.6714,0.6714,0.6714,0.6714,0.6714,0.6714,0.6714,0.6714,0.6714,0.6714,0.6714,0.6714,0.6714,0.6714,0.6714,0.0,0.6789,0.6853,0.6853,0.6853,0.6853,0.6853,0.6853,0.6853,0.6853,0.6853,0.6853,0.6853,0.6853,0.6853,0.6853,0.6853,0.6853,0.6853,0.6853,0.6853,0.0,0.6753,0.6753,0.6753,0.6753,0.6753,0.6753,0.6753,0.6753,0.6753,0.6753,0.6753,0.6753,0.6753,0.6753,0.6753,0.6753,0.6753,0.6753,0.6753,0.6753,0.0,0.6853,0.6853,0.6853,0.6853,0.6853,0.6853,0.6853,0.6853,0.6853,0.6853,0.6853,0.6853,0.6853,0.6853,0.6853,0.6853,0.6853,0.6853,0.6853,0.6853,0.0,0.6753,0.6753,0.6753,0.6753,0.6753,0.6753,0.6753,0.6753,0.6753,0.6753,0.6753,0.6753,0.6753,0.6753,0.6753,0.6753,0.6753,0.6753,0.6753,0.6753,0.0,0.6823,0.6823,0.6823,0.6823,0.6823,0.6823,0.6823,0.6823,0.6823,0.6823,0.6823,0.6823,0.6823,0.6823,0.6823,0.6823,0.6823,0.6823,0.6823,0.6823,0.6823,
25.658700227737427,7388,7351,7311,7334,7309,7338,7346,7352,7383,7401,7354,7424,7401,7383,7420,7428,7418,7430,7433,7467,0,7362,7422,7422,7396,7472,7408,7411,7407,22796,7409,7355,7504,7430,7465,7432,7458,7480,7511,7510,7500,0,7446,7425,7416,7412,7429,7422,7379,7441,7396,7368,7403,7478,7435,7514,7402,7434,7423,7417,7463,7467,0,7352,7345,7371,7412,7432,7425,7392,7358,7423,7380,7446,7413,7428,7434,7381,7416,7403,7452,7392,7476,0,7458,7493,7446,7440,7488,7446,7463,7428,7442,7492,7402,7567,7483,7497,7570,7535,15251,7448,7497,7563,0,7517,7424,7407,7402,7420,7476,7503,7499,7390,7503,7532,7482,7490,7414,7453,7467,7589,7545,7550,7633,7533,0.6823,0.6881,0.6881,0.6881,0.6881,0.6881,0.6881,0.6881,0.6881,0.6881,0.6881,0.6881,0.6881,0.6881,0.6881,0.6881,0.6881,0.6881,0.6881,0.6881,0.0,0.6789,0.6853,0.6853,0.6853,0.6853,0.6853,0.6853,0.6853,0.6853,0.6853,0.6853,0.6853,0.6853,0.6853,0.6853,0.6853,0.6853,0.6853,0.6853,0.6853,0.0,0.6853,0.6853,0.6853,0.6853,0.6853,0.6853,0.6853,0.6853,0.6853,0.6853,0.6853,0.6853,0.6853,0.6853,0.6853,0.6853,0.6853,0.6853,0.6853,0.6853,0.0,0.6853,0.6853,0.6853,0.6853,0.6853,0.6853,0.6853,0.6853,0.6853,0.6853,0.6853,0.6853,0.6853,0.6853,0.6853,0.6853,0.6853,0.6853,0.6853,0.6853,0.0,0.6928,0.6928,0.6928,0.6928,0.6928,0.6928,0.6928,0.6928,0.6928,0.6928,0.6928,0.6928,0.6928,0.6928,0.6928,0.6928,0.6928,0.6928,0.6928,0.6928,0.0,0.6823,0.6823,0.6823,0.6823,0.6823,0.6823,0.6823,0.6823,0.6823,0.6823,0.6823,0.6823,0.6823,0.6823,0.6823,0.6823,0.6823,0.6823,0.6823,0.6823,0.6823,
25.810715436935425,7455,7438,7487,7447,7487,7455,7495,7571,7500,7461,7513,7485,7518,7446,7531,7532,7478,7463,7605,7589,0,7521,7568,7501,7516,7657,7592,7497,7515,1538461,7454,7423,7648,7540,7628,7532,7572,7575,7640,7652,7633,0,7505,7500,7473,7475,7498,7486,14858,7490,7456,7422,7457,7507,7487,7611,7436,7486,7465,7469,7514,7512,0,7406,7408,7423,7446,7488,7474,7435,7434,7467,7455,7498,7467,7460,7479,7413,7462,7462,7514,7446,7559,0,7458,7493,7446,7440,7488,7446,7463,7428,7442,7492,7402,7567,7483,7497,7570,7535,15251,7448,7497,7563,0,7622,7500,7447,7469,7484,7555,7572,7570,7426,7574,7594,7559,7529,7471,7521,7494,7619,7637,7653,7723,7633,0.6928,0.6928,0.6928,0.6928,0.6928,0.6928,0.6928,0.6928,0.6928,0.6928,0.6928,0.6928,0.6928,0.6928,0.6928,0.6928,0.6928,0.6928,0.6928,0.6928,0.0,0.6881,0.6947,0.6947,0.6947,0.6947,0.6947,0.6947,0.6947,0.6947,0.6947,0.6947,0.6947,0.6947,0.6947,0.6947,0.6947,0.6947,0.6947,0.6947,0.6947,0.0,0.6928,0.6928,0.6928,0.6928,0.6928,0.6928,0.6928,0.6928,0.6928,0.6928,0.6928,0.6928,0.6928,0.6928,0.6928,0.6928,0.6928,0.6928,0.6928,0.6928,0.0,0.6928,0.6928,0.6928,0.6928,0.6928,0.6928,0.6928,0.6928,0.6928,0.6928,0.6928,0.6928,0.6928,0.6928,0.6928,0.6928,0.6928,0.6928,0.6928,0.6928,0.0,0.6928,0.6928,0.6928,0.6928,0.6928,0.6928,0.6928,0.6928,0.6928,0.6928,0.6928,0.6928,0.6928,0.6928,0.6928,0.6928,0.6928,0.6928,0.6928,0.6928,0.0,0.6928,0.6928,0.6928,0.6928,0.6928,0.6928,0.6928,0.6928,0.6928,0.6928,0.6928,0.6928,0.6928,0.6928,0.6928,0.6928,0.6928,0.6928,0.6928,0.6928,0.6928,
25.962459325790405,7515,7502,7613,7536,7629,7549,7607,7720,7583,7549,7648,7546,7603,7526,7623,7606,7580,7662,7724,7666,0,7646,7677,7580,7638,7791,7718,7576,7610,1935483,7503,7488,7762,7641,7747,7627,7670,7693,7740,7735,7729,0,7505,7500,7473,7475,7498,7486,14858,7490,7456,7422,7457,7507,7487,7611,7436,7486,7465,7469,7514,7512,0,7406,7408,7423,7446,7488,7474,7435,7434,7467,7455,7498,7467,7460,7479,7413,7462,7462,7514,7446,7559,0,7539,7587,7522,7510,7580,7519,7536,7513,7568,7591,7486,7674,7571,7570,7655,7641,7748,7540,7560,7669,0,7704,7585,7499,7531,7559,7607,7660,7655,7479,7616,7668,7687,7592,7532,7574,7552,7727,7707,7712,7769,7714,0.6963,0.6963,0.6963,0.6963,0.6963,0.6963,0.6963,0.6963,0.6963,0.6963,0.6963,0.6963,0.6963,0.6963,0.6963,0.6963,0.6963,0.6963,0.6963,0.6963,0.0,0.6963,0.6963,0.6963,0.6963,0.6963,0.6963,0.6963,0.6963,0.6963,0.6963,0.6963,0.6963,0.6963,0.6963,0.6963,0.6963,0.6963,0.6963,0.6963,0.6963,0.0,0.6928,0.6928,0.6928,0.6928,0.6928,0.6928,0.6928,0.6928,0.6928,0.6928,0.6928,0.6928,0.6928,0.6928,0.6928,0.6928,0.6928,0.6928,0.6928,0.6928,0.0,0.6928,0.6928,0.6928,0.6928,0.6928,0.6928,0.6928,0.6928,0.6928,0.6928,0.6928,0.6928,0.6928,0.6928,0.6928,0.6928,0.6928,0.6928,0.6928,0.6928,0.0,0.6947,0.6947,0.6947,0.6947,0.6947,0.6947,0.6947,0.6947,0.6947,0.6947,0.6947,0.6947,0.6947,0.6947,0.6947,0.6947,0.6947,0.6947,0.6947,0.6947,0.0,0.6963,0.6963,0.6963,0.6963,0.6963,0.6963,0.6963,0.6963,0.6963,0.6963,0.6963,0.6963,0.6963,0.6963,0.6963,0.6963,0.6963,0.6963,0.6963,0.6963,0.6963,
26.114164352416992,7515,7502,7613,7536,7629,7549,7607,7720,7583,7549,7648,7546,7603,7526,7623,7606,7580,7662,7724,7666,0,7646,7677,7580,7638,7791,7718,7576,7610,1935483,7503,7488,7762,7641,7747,7627,7670,7693,7740,7735,7729,0,7579,7570,7566,7550,7579,7554,7558,7567,7527,7531,7590,7600,7549,7698,7565,7585,7616,7540,7661,7595,0,7476,7482,7479,7534,7552,7539,7538,7552,7552,7567,7578,7534,7555,7611,7554,7620,7581,7613,7625,7629,0,7539,7587,7522,7510,7580,7519,7536,7513,7568,7591,7486,7674,7571,7570,7655,7641,7748,7540,7560,7669,0,7779,7688,7556,7591,7646,7688,7730,7720,7583,7636,7735,7749,7675,7595,7638,7601,7781,7738,7758,7804,7771,0.6963,0.6963,0.6963,0.6963,0.6963,0.6963,0.6963,0.6963,0.6963,0.6963,0.6963,0.6963,0.6963,0.6963,0.6963,0.6963,0.6963,0.6963,0.6963,0.6963,0.0,0.6963,0.6963,0.6963,0.6963,0.6963,0.6963,0.6963,0.6963,0.6963,0.6963,0.6963,0.6963,0.6963,0.6963,0.6963,0.6963,0.6963,0.6963,0.6963,0.6963,0.0,0.6963,0.6987,0.6987,0.6987,0.6987,0.6987,0.6987,0.6987,0.6987,0.6987,0.6987,0.6987,0.6987,0.6987,0.6987,0.6987,0.6987,0.6987,0.6987,0.6987,0.0,0.6963,0.6987,0.6987,0.6987,0.6987,0.6987,0.6987,0.6987,0.6987,0.6987,0.6987,0.6987,0.6987,0.6987,0.6987,0.6987,0.6987,0.6987,0.6987,0.6987,0.0,0.6947,0.6947,0.6947,0.6947,0.6947,0.6947,0.6947,0.6947,0.6947,0.6947,0.6947,0.6947,0.6947,0.6947,0.6947,0.6947,0.6947,0.6947,0.6947,0.6947,0.0,0.6987,0.6987,0.6987,0.6987,0.6987,0.6987,0.6987,0.6987,0.6987,0.6987,0.6987,0.6987,0.6987,0.6987,0.6987,0.6987,0.6987,0.6987,0.6987,0.6987,0.6987,
26.26588273048401,7597,7565,7703,7621,7726,7658,7729,7820,7663,7693,7751,7600,7710,7607,7723,7711,7693,7800,7812,7779,0,7733,7775,7672,7728,7856,7771,7661,7707,3157894,7592,7559,7844,7740,7817,7700,7749,7763,7793,7793,7777,0,7579,7570,7566,7550,7579,7554,7558,7567,7527,7531,7590,7600,7549,7698,7565,7585,7616,7540,7661,7595,0,7476,7482,7479,7534,7552,7539,7538,7552,7552,7567,7578,7534,7555,7611,7554,7620,7581,7613,7625,7629,0,7619,7692,7637,7604,7671,7640,7671,7613,7689,7676,7545,7762,7662,7661,7740,7717,7821,7641,7624,7738,0,7825,7796,7630,7644,7721,7736,7776,7764,7655,7648,7781,7780,7722,7660,7733,7700,7816,7757,7794,7865,7787,0.6994,0.6994,0.6994,0.6994,0.6994,0.6994,0.6994,0.6994,0.6994,0.6994,0.6994,0.6994,0.6994,0.6994,0.6994,0.6994,0.6994,0.6994,0.6994,0.6994,0.0,0.6987,0.6987,0.6987,0.6987,0.6987,0.6987,0.6987,0.6987,0.6987,0.6987,0.6987,0.6987,0.6987,0.6987,0.6987,0.6987,0.6987,0.6987,0.6987,0.6987,0.0,0.6963,0.6987,0.6987,0.6987,0.6987,0.6987,0.6987,0.6987,0.6987,0.6987,0.6987,0.6987,0.6987,0.6987,0.6987,0.6987,0.6987,0.6987,0.6987,0.6987,0.0,0.6963,0.6987,0.6987,0.6987,0.6987,0.6987,0.6987,0.6987,0.6987,0.6987,0.6987,0.6987,0.6987,0.6987,0.6987,0.6987,0.6987,0.6987,0.6987,0.6987,0.0,0.6987,0.6987,0.6987,0.6987,0.6987,0.6987,0.6987,0.6987,0.6987,0.6987,0.6987,0.6987,0.6987,0.6987,0.6987,0.6987,0.6987,0.6987,0.6987,0.6987,0.0,0.6994,0.6994,0.6994,0.6994,0.6994,0.6994,0.6994,0.6994,0.6994,0.6994,0.6994,0.6994,0.6994,0.6994,0.6994,0.6994,0.6994,0.6994,0.6994,0.6994,0.6994,
26.36755895614624,7597,7565,7703,7621,7726,7658,7729,7820,7663,7693,7751,7600,7710,7607,7723,7711,7693,7800,7812,7779,0,7733,7775,7672,7728,7856,7771,7661,7707,3157894,7592,7559,7844,7740,7817,7700,7749,7763,7793,7793,7777,0,7659,7652,7680,7616,7653,7632,7638,7656,7611,7680,7731,7688,7635,7747,7704,7710,7771,7642,7799,7714,0,7644,7644,7544,7694,7635,7626,7690,7680,7644,7707,7672,7620,7663,7747,7702,7755,7685,7734,7746,7722,0,7619,7692,7637,7604,7671,7640,7671,7613,7689,7676,7545,7762,7662,7661,7740,7717,7821,7641,7624,7738,0,7825,7796,7630,7644,7721,7736,7776,7764,7655,7648,7781,7780,7722,7660,7733,7700,7816,7757,7794,7865,7787,0.6994,0.6994,0.6994,0.6994,0.6994,0.6994,0.6994,0.6994,0.6994,0.6994,0.6994,0.6994,0.6994,0.6994,0.6994,0.6994,0.6994,0.6994,0.6994,0.6994,0.0,0.6987,0.6987,0.6987,0.6987,0.6987,0.6987,0.6987,0.6987,0.6987,0.6987,0.6987,0.6987,0.6987,0.6987,0.6987,0.6987,0.6987,0.6987,0.6987,0.6987,0.0,0.6994,0.7,0.7,0.7,0.7,0.7,0.7,0.7,0.7,0.7,0.7,0.7,0.7,0.7,0.7,0.7,0.7,0.7,0.7,0.7,0.0,0.6994,0.7,0.7,0.7,0.7,0.7,0.7,0.7,0.7,0.7,0.7,0.7,0.7,0.7,0.7,0.7,0.7,0.7,0.7,0.7,0.0,0.6987,0.6987,0.6987,0.6987,0.6987,0.6987,0.6987,0.6987,0.6987,0.6987,0.6987,0.6987,0.6987,0.6987,0.6987,0.6987,0.6987,0.6987,0.6987,0.6987,0.0,0.6994,0.6994,0.6994,0.6994,0.6994,0.6994,0.6994,0.6994,0.6994,0.6994,0.6994,0.6994,0.6994,0.6994,0.6994,0.6994,0.6994,0.6994,0.6994,0.6994,0.6994,
26.469120740890503,7691,7617,7748,7717,7794,7748,7802,7857,7739,7783,7807,7694,7782,7702,7798,7797,7772,7832,7855,7859,0,7788,7821,7746,7784,7898,7804,7725,7751,15000000,7719,7659,7879,7821,7856,7748,7797,7805,7816,7832,7826,0,7659,7652,7680,7616,7653,7632,7638,7656,7611,7680,7731,7688,7635,7747,7704,7710,7771,7642,7799,7714,0,7644,7644,7544,7694,7635,7626,7690,7680,7644,7707,7672,7620,7663,7747,7702,7755,7685,7734,7746,7722,0,7701,7777,7737,7678,7729,7743,7786,7724,7782,7746,7634,7819,7744,7719,7801,7772,7855,7712,7692,7783,0,7850,7833,7695,7688,7776,7780,7819,7804,7733,7641,7822,7814,7744,7717,7801,7745,7866,7804,7840,7875,7820,0.7,0.6994,0.6994,0.6994,0.6994,0.6994,0.6994,0.6994,0.6994,0.6994,0.6994,0.6994,0.6994,0.6994,0.6994,0.6994,0.6994,0.6994,0.6994,0.6994,0.0,0.7,0.7,0.7,0.7,0.7,0.7,0.7,0.7,0.7,0.7,0.7,0.7,0.7,0.7,0.7,0.7,0.7,0.7,0.7,0.7,0.0,0.6994,0.7,0.7,0.7,0.7,0.7,0.7,0.7,0.7,0.7,0.7,0.7,0.7,0.7,0.7,0.7,0.7,0.7,0.7,0.7,0.0,0.6994,0.7,0.7,0.7,0.7,0.7,0.7,0.7,0.7,0.7,0.7,0.7,0.7,0.7,0.7,0.7,0.7,0.7,0.7,0.7,0.0,0.7,0.7,0.7,0.7,0.7,0.7,0.7,0.7,0.7,0.7,0.7,0.7,0.7,0.7,0.7,0.7,0.7,0.7,0.7,0.7,0.0,0.6999,0.6999,0.6999,0.6999,0.6999,0.6999,0.6999,0.6999,0.6999,0.6999,0.6999,0.6999,0.6999,0.6999,0.6999,0.6999,0.6999,0.6999,0.6999,0.6999,0.6999,
26.62089204788208,7691,7617,7748,7717,7794,7748,7802,7857,7739,7783,7807,7694,7782,7702,7798,7797,7772,7832,7855,7859,0,7788,7821,7746,7784,7898,7804,7725,7751,15000000,7719,7659,7879,7821,7856,7748,7797,7805,7816,7832,7826,0,7738,7724,7764,7704,7764,7728,7693,7732,7693,7785,7812,7758,7725,7798,7787,7792,7846,7702,7879,7782,0,7746,7758,7641,7802,7718,7726,7770,7760,7736,7799,7735,7708,7742,7846,7771,7829,7748,7812,7805,7759,0,7701,7777,7737,7678,7729,7743,7786,7724,7782,7746,7634,7819,7744,7719,7801,7772,7855,7712,7692,7783,0,7850,7833,7695,7688,7776,7780,7819,7804,7733,7641,7822,7814,7744,7717,7801,7745,7866,7804,7840,7875,7820,0.7,0.6994,0.6994,0.6994,0.6994,0.6994,0.6994,0.6994,0.6994,0.6994,0.6994,0.6994,0.6994,0.6994,0.6994,0.6994,0.6994,0.6994,0.6994,0.6994,0.0,0.7,0.7,0.7,0.7,0.7,0.7,0.7,0.7,0.7,0.7,0.7,0.7,0.7,0.7,0.7,0.7,0.7,0.7,0.7,0.7,0.0,0.6999,0.6999,0.6999,0.6999,0.6999,0.6999,0.6999,0.6999,0.6999,0.6999,0.6999,0.6999,0.6999,0.6999,0.6999,0.6999,0.6999,0.6999,0.6999,0.6999,0.0,0.6999,0.6999,0.6999,0.6999,0.6999,0.6999,0.6999,0.6999,0.6999,0.6999,0.6999,0.6999,0.6999,0.6999,0.6999,0.6999,0.6999,0.6999,0.6999,0.6999,0.0,0.7,0.7,0.7,0.7,0.7,0.7,0.7,0.7,0.7,0.7,0.7,0.7,0.7,0.7,0.7,0.7,0.7,0.7,0.7,0.7,0.0,0.6999,0.6999,0.6999,0.6999,0.6999,0.6999,0.6999,0.6999,0.6999,0.6999,0.6999,0.6999,0.6999,0.6999,0.6999,0.6999,0.6999,0.6999,0.6999,0.6999,0.6999,
26.72259545326233,7691,7617,7748,7717,7794,7748,7802,7857,7739,7783,7807,7694,7782,7702,7798,7797,7772,7832,7855,7859,0,7788,7821,7746,7784,7898,7804,7725,7751,15000000,7719,7659,7879,7821,7856,7748,7797,7805,7816,7832,7826,0,7738,7724,7764,7704,7764,7728,7693,7732,7693,7785,7812,7758,7725,7798,7787,7792,7846,7702,7879,7782,0,7746,7758,7641,7802,7718,7726,7770,7760,7736,7799,7735,7708,7742,7846,7771,7829,7748,7812,7805,7759,0,7701,7777,7737,7678,7729,7743,7786,7724,7782,7746,7634,7819,7744,7719,7801,7772,7855,7712,7692,7783,0,7850,7833,7695,7688,7776,7780,7819,7804,7733,7641,7822,7814,7744,7717,7801,7745,7866,7804,7840,7875,7820,0.7,0.6994,0.6994,0.6994,0.6994,0.6994,0.6994,0.6994,0.6994,0.6994,0.6994,0.6994,0.6994,0.6994,0.6994,0.6994,0.6994,0.6994,0.6994,0.6994,0.0,0.7,0.7,0.7,0.7,0.7,0.7,0.7,0.7,0.7,0.7,0.7,0.7,0.7,0.7,0.7,0.7,0.7,0.7,0.7,0.7,0.0,0.6999,0.6999,0.6999,0.6999,0.6999,0.6999,0.6999,0.6999,0.6999,0.6999,0.6999,0.6999,0.6999,0.6999,0.6999,0.6999,0.6999,0.6999,0.6999,0.6999,0.0,0.6999,0.6999,0.6999,0.6999,0.6999,0.6999,0.6999,0.6999,0.6999,0.6999,0.6999,0.6999,0.6999,0.6999,0.6999,0.6999,0.6999,0.6999,0.6999,0.6999,0.0,0.7,0.7,0.7,0.7,0.7,0.7,0.7,0.7,0.7,0.7,0.7,0.7,0.7,0.7,0.7,0.7,0.7,0.7,0.7,0.7,0.0,0.6999,0.6999,0.6999,0.6999,0.6999,0.6999,0.6999,0.6999,0.6999,0.6999,0.6999,0.6999,0.6999,0.6999,0.6999,0.6999,0.6999,0.6999,0.6999,0.6999,0.6999,
26.824742317199707,7764,7681,7791,7769,7850,7800,7846,7926,7802,7847,7843,7754,7812,7762,7835,7876,7796,7960,7893,7805,0,7831,7868,7800,7827,7963,7879,7767,7793,1666666,7771,7722,7923,7842,7919,7784,7829,7852,7855,7853,7870,0,7738,7724,7764,7704,7764,7728,7693,7732,7693,7785,7812,7758,7725,7798,7787,7792,7846,7702,7879,7782,0,7746,7758,7641,7802,7718,7726,7770,7760,7736,7799,7735,7708,7742,7846,7771,7829,7748,7812,7805,7759,0,7773,7836,7799,7731,7780,7800,7849,7780,7841,7786,7714,7852,7797,7766,7845,7816,7882,7753,7744,7817,0,7859,7857,7744,7725,7811,7822,7847,7830,7771,7682,7857,7872,7804,7777,7830,7779,7938,7833,7898,7904,7834,0.6987,0.6987,0.6987,0.6987,0.6987,0.6987,0.6987,0.6987,0.6987,0.6987,0.6987,0.6987,0.6987,0.6987,0.6987,0.6987,0.6987,0.6987,0.6987,0.6987,0.0,0.6994,0.6994,0.6994,0.6994,0.6994,0.6994,0.6994,0.6994,0.6994,0.6994,0.6994,0.6994,0.6994,0.6994,0.6994,0.6994,0.6994,0.6994,0.6994,0.6994,0.0,0.6999,0.6999,0.6999,0.6999,0.6999,0.6999,0.6999,0.6999,0.6999,0.6999,0.6999,0.6999,0.6999,0.6999,0.6999,0.6999,0.6999,0.6999,0.6999,0.6999,0.0,0.6999,0.6999,0.6999,0.6999,0.6999,0.6999,0.6999,0.6999,0.6999,0.6999,0.6999,0.6999,0.6999,0.6999,0.6999,0.6999,0.6999,0.6999,0.6999,0.6999,0.0,0.6994,0.6994,0.6994,0.6994,0.6994,0.6994,0.6994,0.6994,0.6994,0.6994,0.6994,0.6994,0.6994,0.6994,0.6994,0.6994,0.6994,0.6994,0.6994,0.6994,0.0,0.6987,0.6987,0.6987,0.6987,0.6987,0.6987,0.6987,0.6987,0.6987,0.6987,0.6987,0.6987,0.6987,0.6987,0.6987,0.6987,0.6987,0.6987,0.6987,0.6987,0.6987,
26.926347732543945,7764,7681,7791,7769,7850,7800,7846,7926,7802,7847,7843,7754,7812,7762,7835,7876,7796,7960,7893,7805,0,7882,7886,7849,7882,8012,7947,7812,7831,2222222,7803,7764,7964,7876,7985,7811,7856,7888,7919,7867,7923,0,7795,7765,7820,7750,7814,7788,7746,7784,7750,7817,7858,7813,7795,7847,7844,7834,7887,7739,7928,15678,0,7808,7826,7695,7860,7774,7808,7812,7810,7797,7835,7775,7749,7798,7917,7823,7887,7806,7859,7858,7805,0,7773,7836,7799,7731,7780,7800,7849,7780,7841,7786,7714,7852,7797,7766,7845,7816,7882,7753,7744,7817,0,7859,7857,7744,7725,7811,7822,7847,7830,7771,7682,7857,7872,7804,7777,7830,7779,7938,7833,7898,7904,7834,0.6987,0.6987,0.6987,0.6987,0.6987,0.6987,0.6987,0.6987,0.6987,0.6987,0.6987,0.6987,0.6987,0.6987,0.6987,0.6987,0.6987,0.6987,0.6987,0.6987,0.0,0.6963,0.6963,0.6963,0.6963,0.6963,0.6963,0.6963,0.6963,0.6963,0.6963,0.6963,0.6963,0.6963,0.6963,0.6963,0.6963,0.6963,0.6963,0.6963,0.6963,0.0,0.6976,0.6976,0.6976,0.6976,0.6976,0.6976,0.6976,0.6976,0.6976,0.6976,0.6976,0.6976,0.6976,0.6976,0.6976,0.6976,0.6976,0.6976,0.6976,0.6976,0.0,0.6976,0.6976,0.6976,0.6976,0.6976,0.6976,0.6976,0.6976,0.6976,0.6976,0.6976,0.6976,0.6976,0.6976,0.6976,0.6976,0.6976,0.6976,0.6976,0.6976,0.0,0.6994,0.6994,0.6994,0.6994,0.6994,0.6994,0.6994,0.6994,0.6994,0.6994,0.6994,0.6994,0.6994,0.6994,0.6994,0.6994,0.6994,0.6994,0.6994,0.6994,0.0,0.6987,0.6987,0.6987,0.6987,0.6987,0.6987,0.6987,0.6987,0.6987,0.6987,0.6987,0.6987,0.6987,0.6987,0.6987,0.6987,0.6987,0.6987,0.6987,0.6987,0.6987,
27.028114318847656,7764,7681,7791,7769,7850,7800,7846,7926,7802,7847,7843,7754,7812,7762,7835,7876,7796,7960,7893,7805,0,7882,7886,7849,7882,8012,7947,7812,7831,2222222,7803,7764,7964,7876,7985,7811,7856,7888,7919,7867,7923,0,7795,7765,7820,7750,7814,7788,7746,7784,7750,7817,7858,7813,7795,7847,7844,7834,7887,7739,7928,15678,0,7865,7859,7736,7899,7816,7851,7848,7851,7829,7882,7808,7765,7841,7989,7885,7947,7850,7891,7930,7836,0,7802,7856,7855,7779,7809,7856,7886,7805,7877,7804,7748,7892,7845,7815,7887,7858,7874,7797,7798,7850,0,7874,7905,7792,7762,7821,7846,7896,7858,7785,7746,7877,7897,7839,7795,7895,7855,7978,7829,7912,7957,7850,0.6987,0.6987,0.6987,0.6987,0.6987,0.6987,0.6987,0.6987,0.6987,0.6987,0.6987,0.6987,0.6987,0.6987,0.6987,0.6987,0.6987,0.6987,0.6987,0.6987,0.0,0.6963,0.6963,0.6963,0.6963,0.6963,0.6963,0.6963,0.6963,0.6963,0.6963,0.6963,0.6963,0.6963,0.6963,0.6963,0.6963,0.6963,0.6963,0.6963,0.6963,0.0,0.6976,0.6976,0.6976,0.6976,0.6976,0.6976,0.6976,0.6976,0.6976,0.6976,0.6976,0.6976,0.6976,0.6976,0.6976,0.6976,0.6976,0.6976,0.6976,0.6976,0.0,0.6947,0.6947,0.6947,0.6947,0.6947,0.6947,0.6947,0.6947,0.6947,0.6947,0.6947,0.6947,0.6947,0.6947,0.6947,0.6947,0.6947,0.6947,0.6947,0.6947,0.0,0.6963,0.6963,0.6963,0.6963,0.6963,0.6963,0.6963,0.6963,0.6963,0.6963,0.6963,0.6963,0.6963,0.6963,0.6963,0.6963,0.6963,0.6963,0.6963,0.6963,0.0,0.6963,0.6963,0.6963,0.6963,0.6963,0.6963,0.6963,0.6963,0.6963,0.6963,0.6963,0.6963,0.6963,0.6963,0.6963,0.6963,0.6963,0.6963,0.6963,0.6963,0.6963,
27.179898977279663,7803,7720,7821,7804,7909,7842,7880,7972,7842,7888,7874,7793,7860,7816,7871,7929,7838,8041,7929,7845,0,7882,7886,7849,7882,8012,7947,7812,7831,2222222,7803,7764,7964,7876,7985,7811,7856,7888,7919,7867,7923,0,7841,7802,7860,7790,7831,7831,7805,7832,7761,7835,7905,7845,7804,7869,7932,7853,7940,7787,7994,7872,0,7865,7859,7736,7899,7816,7851,7848,7851,7829,7882,7808,7765,7841,7989,7885,7947,7850,7891,7930,7836,0,7802,7856,7855,7779,7809,7856,7886,7805,7877,7804,7748,7892,7845,7815,7887,7858,7874,7797,7798,7850,0,7881,7966,7810,7784,7833,7879,7947,7914,7802,7781,7888,7930,7867,7805,7924,7890,7987,7860,7938,7988,7854,0.6963,0.6963,0.6963,0.6963,0.6963,0.6963,0.6963,0.6963,0.6963,0.6963,0.6963,0.6963,0.6963,0.6963,0.6963,0.6963,0.6963,0.6963,0.6963,0.6963,0.0,0.6963,0.6963,0.6963,0.6963,0.6963,0.6963,0.6963,0.6963,0.6963,0.6963,0.6963,0.6963,0.6963,0.6963,0.6963,0.6963,0.6963,0.6963,0.6963,0.6963,0.0,0.6928,0.6928,0.6928,0.6928,0.6928,0.6928,0.6928,0.6928,0.6928,0.6928,0.6928,0.6928,0.6928,0.6928,0.6928,0.6928,0.6928,0.6928,0.6928,0.6928,0.0,0.6947,0.6947,0.6947,0.6947,0.6947,0.6947,0.6947,0.6947,0.6947,0.6947,0.6947,0.6947,0.6947,0.6947,0.6947,0.6947,0.6947,0.6947,0.6947,0.6947,0.0,0.6963,0.6963,0.6963,0.6963,0.6963,0.6963,0.6963,0.6963,0.6963,0.6963,0.6963,0.6963,0.6963,0.6963,0.6963,0.6963,0.6963,0.6963,0.6963,0.6963,0.0,0.6928,0.6928,0.6928,0.6928,0.6928,0.6928,0.6928,0.6928,0.6928,0.6928,0.6928,0.6928,0.6928,0.6928,0.6928,0.6928,0.6928,0.6928,0.6928,0.6928,0.6928,
27.33218550682068,7822,7767,7855,7831,7964,7885,7899,7989,7890,7942,7902,7827,7917,7863,7914,7953,7865,8090,7974,7914,0,7933,7926,7888,7935,8025,7937,7855,7886,1363636,7842,7798,8035,7924,8005,7849,7909,7918,7952,7933,7970,0,7841,7802,7860,7790,7831,7831,7805,7832,7761,7835,7905,7845,7804,7869,7932,7853,7940,7787,7994,7872,0,7911,7917,7782,7948,7855,7882,7911,7909,7865,7942,7856,7794,7899,8006,7927,7978,7889,7930,7976,7862,0,7829,7880,7905,7828,7850,7906,7933,7836,7939,7820,7766,7967,7876,7858,7928,7919,7900,7844,7833,7893,0,7881,7966,7810,7784,7833,7879,7947,7914,7802,7781,7888,7930,7867,7805,7924,7890,7987,7860,7938,7988,7854,0.6881,0.6881,0.6881,0.6881,0.6881,0.6881,0.6881,0.6881,0.6881,0.6881,0.6881,0.6881,0.6881,0.6881,0.6881,0.6881,0.6881,0.6881,0.6881,0.6881,0.0,0.6928,0.6928,0.6928,0.6928,0.6928,0.6928,0.6928,0.6928,0.6928,0.6928,0.6928,0.6928,0.6928,0.6928,0.6928,0.6928,0.6928,0.6928,0.6928,0.6928,0.0,0.6928,0.6928,0.6928,0.6928,0.6928,0.6928,0.6928,0.6928,0.6928,0.6928,0.6928,0.6928,0.6928,0.6928,0.6928,0.6928,0.6928,0.6928,0.6928,0.6928,0.0,0.6881,0.6823,0.6823,0.6823,0.6823,0.6823,0.6823,0.6823,0.6823,0.6823,0.6823,0.6823,0.6823,0.6823,0.6823,0.6823,0.6823,0.6823,0.6823,0.6823,0.0,0.6906,0.6906,0.6906,0.6906,0.6906,0.6906,0.6906,0.6906,0.6906,0.6906,0.6906,0.6906,0.6906,0.6906,0.6906,0.6906,0.6906,0.6906,0.6906,0.6906,0.0,0.6928,0.6928,0.6928,0.6928,0.6928,0.6928,0.6928,0.6928,0.6928,0.6928,0.6928,0.6928,0.6928,0.6928,0.6928,0.6928,0.6928,0.6928,0.6928,0.6928,0.6928,
27.48397731781006,7822,7767,7855,7831,7964,7885,7899,7989,7890,7942,7902,7827,7917,7863,7914,7953,7865,8090,7974,7914,0,7956,8013,7935,7950,8018,7910,7895,7934,6666666,7909,7824,8039,7980,8008,7903,7941,7943,7962,7993,7972,0,7871,7838,7893,7823,7848,7857,7838,7856,7764,7892,7949,7884,7818,7896,7989,7853,8005,7827,8024,7912,0,7911,7917,7782,7948,7855,7882,7911,7909,7865,7942,7856,7794,7899,8006,7927,7978,7889,7930,7976,7862,0,7829,7880,7905,7828,7850,7906,7933,7836,7939,7820,7766,7967,7876,7858,7928,7919,7900,7844,7833,7893,0,7886,7985,7823,7814,7855,7933,7974,7952,7823,7791,7910,7961,7874,7812,7977,7880,7922,7969,7966,7984,7857,0.6881,0.6881,0.6881,0.6881,0.6881,0.6881,0.6881,0.6881,0.6881,0.6881,0.6881,0.6881,0.6881,0.6881,0.6881,0.6881,0.6881,0.6881,0.6881,0.6881,0.0,0.6853,0.6853,0.6853,0.6853,0.6853,0.6853,0.6853,0.6853,0.6853,0.6853,0.6853,0.6853,0.6853,0.6853,0.6853,0.6853,0.6853,0.6853,0.6853,0.6853,0.0,0.6881,0.6881,0.6881,0.6881,0.6881,0.6881,0.6881,0.6881,0.6881,0.6881,0.6881,0.6881,0.6881,0.6881,0.6881,0.6881,0.6881,0.6881,0.6881,0.6881,0.0,0.6881,0.6823,0.6823,0.6823,0.6823,0.6823,0.6823,0.6823,0.6823,0.6823,0.6823,0.6823,0.6823,0.6823,0.6823,0.6823,0.6823,0.6823,0.6823,0.6823,0.0,0.6906,0.6906,0.6906,0.6906,0.6906,0.6906,0.6906,0.6906,0.6906,0.6906,0.6906,0.6906,0.6906,0.6906,0.6906,0.6906,0.6906,0.6906,0.6906,0.6906,0.0,0.6881,0.6881,0.6881,0.6881,0.6881,0.6881,0.6881,0.6881,0.6881,0.6881,0.6881,0.6881,0.6881,0.6881,0.6881,0.6881,0.6881,0.6881,0.6881,0.6881,0.6881,
27.635707139968872,7850,7803,7893,7881,7970,7928,7936,8001,7948,7996,7935,7841,7967,7878,7968,7944,7926,8062,8010,7971,0,7956,8013,7935,7950,8018,7910,7895,7934,6666666,7909,7824,8039,7980,8008,7903,7941,7943,7962,7993,7972,0,7871,7838,7893,7823,7848,7857,7838,7856,7764,7892,7949,7884,7818,7896,7989,7853,8005,7827,8024,7912,0,7911,7917,7782,7948,7855,7882,7911,7909,7865,7942,7856,7794,7899,8006,7927,7978,7889,7930,7976,7862,0,7862,7897,7947,7853,7910,7966,7973,7841,7981,7838,7794,7992,7897,7903,7964,7954,7970,7878,7839,7921,0,7897,7991,7825,7828,7885,7979,7977,7961,7839,7806,7962,7956,7950,7854,7995,7857,7961,7994,7968,7961,7857,0.6823,0.6823,0.6823,0.6823,0.6823,0.6823,0.6823,0.6823,0.6823,0.6823,0.6823,0.6823,0.6823,0.6823,0.6823,0.6823,0.6823,0.6823,0.6823,0.6823,0.0,0.6853,0.6853,0.6853,0.6853,0.6853,0.6853,0.6853,0.6853,0.6853,0.6853,0.6853,0.6853,0.6853,0.6853,0.6853,0.6853,0.6853,0.6853,0.6853,0.6853,0.0,0.6881,0.6881,0.6881,0.6881,0.6881,0.6881,0.6881,0.6881,0.6881,0.6881,0.6881,0.6881,0.6881,0.6881,0.6881,0.6881,0.6881,0.6881,0.6881,0.6881,0.0,0.6881,0.6823,0.6823,0.6823,0.6823,0.6823,0.6823,0.6823,0.6823,0.6823,0.6823,0.6823,0.6823,0.6823,0.6823,0.6823,0.6823,0.6823,0.6823,0.6823,0.0,0.6853,0.6853,0.6853,0.6853,0.6853,0.6853,0.6853,0.6853,0.6853,0.6853,0.6853,0.6853,0.6853,0.6853,0.6853,0.6853,0.6853,0.6853,0.6853,0.6853,0.0,0.6789,0.6789,0.6789,0.6789,0.6789,0.6789,0.6789,0.6789,0.6789,0.6789,0.6789,0.6789,0.6789,0.6789,0.6789,0.6789,0.6789,0.6789,0.6789,0.6789,0.6789,
27.737277269363403,7850,7803,7893,7881,7970,7928,7936,8001,7948,7996,7935,7841,7967,7878,7968,7944,7926,8062,8010,7971,0,7964,8053,7955,7956,8018,7904,7937,7956,25850,7997,7860,8048,7991,8021,7947,7962,7979,7975,7996,7978,0,7910,7882,7936,7839,7874,7892,7826,7863,7778,7942,7957,7897,7842,7951,8003,7875,8019,7841,8031,7938,0,7934,7947,7807,7991,7875,7916,7979,7906,7881,7960,7877,7828,7935,8008,7930,8002,7914,7996,7989,7868,0,7862,7897,7947,7853,7910,7966,7973,7841,7981,7838,7794,7992,7897,7903,7964,7954,7970,7878,7839,7921,0,7897,7991,7825,7828,7885,7979,7977,7961,7839,7806,7962,7956,7950,7854,7995,7857,7961,7994,7968,7961,7857,0.6823,0.6823,0.6823,0.6823,0.6823,0.6823,0.6823,0.6823,0.6823,0.6823,0.6823,0.6823,0.6823,0.6823,0.6823,0.6823,0.6823,0.6823,0.6823,0.6823,0.0,0.6789,0.6789,0.6789,0.6789,0.6789,0.6789,0.6789,0.6789,0.6789,0.6789,0.6789,0.6789,0.6789,0.6789,0.6789,0.6789,0.6789,0.6789,0.6789,0.6789,0.0,0.6823,0.6714,0.6714,0.6714,0.6714,0.6714,0.6714,0.6714,0.6714,0.6714,0.6714,0.6714,0.6714,0.6714,0.6714,0.6714,0.6714,0.6714,0.6714,0.6714,0.0,0.6823,0.6823,0.6823,0.6823,0.6823,0.6823,0.6823,0.6823,0.6823,0.6823,0.6823,0.6823,0.6823,0.6823,0.6823,0.6823,0.6823,0.6823,0.6823,0.6823,0.0,0.6853,0.6853,0.6853,0.6853,0.6853,0.6853,0.6853,0.6853,0.6853,0.6853,0.6853,0.6853,0.6853,0.6853,0.6853,0.6853,0.6853,0.6853,0.6853,0.6853,0.0,0.6789,0.6789,0.6789,0.6789,0.6789,0.6789,0.6789,0.6789,0.6789,0.6789,0.6789,0.6789,0.6789,0.6789,0.6789,0.6789,0.6789,0.6789,0.6789,0.6789,0.6789,
27.838844299316406,7854,7817,7911,7933,7969,7948,7969,7985,7981,8006,7939,7844,7982,7889,7994,7947,7973,8022,7987,7995,0,7964,8053,7955,7956,8018,7904,7937,7956,25850,7997,7860,8048,7991,8021,7947,7962,7979,7975,7996,7978,0,7950,7895,7973,7841,7865,7943,7815,7868,7796,7969,7945,7918,7859,7967,8003,7864,8008,7859,8019,7954,0,7934,7947,7807,7991,7875,7916,7979,7906,7881,7960,7877,7828,7935,8008,7930,8002,7914,7996,7989,7868,0,7911,7941,7963,7844,7929,7976,7980,7848,7993,7866,7812,8006,7897,7929,7966,7956,8023,7887,7859,7928,0,7892,7986,7826,7832,7920,7986,7972,7955,7845,7803,7995,7941,7976,7856,7992,7914,7945,7984,7918,7958,7859,0.6753,0.6753,0.6753,0.6753,0.6753,0.6753,0.6753,0.6753,0.6753,0.6753,0.6753,0.6753,0.6753,0.6753,0.6753,0.6753,0.6753,0.6753,0.6753,0.6753,0.0,0.6789,0.6789,0.6789,0.6789,0.6789,0.6789,0.6789,0.6789,0.6789,0.6789,0.6789,0.6789,0.6789,0.6789,0.6789,0.6789,0.6789,0.6789,0.6789,0.6789,0.0,0.6714,0.6714,0.6714,0.6714,0.6714,0.6714,0.6714,0.6714,0.6714,0.6714,0.6714,0.6714,0.6714,0.6714,0.6714,0.6714,0.6714,0.6714,0.6714,0.6714,0.0,0.6823,0.6823,0.6823,0.6823,0.6823,0.6823,0.6823,0.6823,0.6823,0.6823,0.6823,0.6823,0.6823,0.6823,0.6823,0.6823,0.6823,0.6823,0.6823,0.6823,0.0,0.6753,0.6753,0.6753,0.6753,0.6753,0.6753,0.6753,0.6753,0.6753,0.6753,0.6753,0.6753,0.6753,0.6753,0.6753,0.6753,0.6753,0.6753,0.6753,0.6753,0.0,0.6714,0.6714,0.6714,0.6714,0.6714,0.6714,0.6714,0.6714,0.6714,0.6714,0.6714,0.6714,0.6714,0.6714,0.6714,0.6714,0.6714,0.6714,0.6714,0.6714,0.6714,
27.990611791610718,7854,7817,7911,7933,7969,7948,7969,7985,7981,8006,7939,7844,7982,7889,7994,7947,7973,8022,7987,7995,0,7956,8026,7959,7934,8002,7910,7949,7944,2608695,8014,7875,8058,7954,8011,7955,7996,7967,7968,7975,7967,0,7950,7895,7973,7841,7865,7943,7815,7868,7796,7969,7945,7918,7859,7967,8003,7864,8008,7859,8019,7954,0,7951,7956,7804,8008,7881,7963,7980,7918,7909,7960,7889,7838,7947,8009,7912,8000,7916,8018,7973,7859,0,7911,7941,7963,7844,7929,7976,7980,7848,7993,7866,7812,8006,7897,7929,7966,7956,8023,7887,7859,7928,0,7892,7986,7826,7832,7920,7986,7972,7955,7845,7803,7995,7941,7976,7856,7992,7914,7945,7984,7918,7958,7859,0.6753,0.6753,0.6753,0.6753,0.6753,0.6753,0.6753,0.6753,0.6753,0.6753,0.6753,0.6753,0.6753,0.6753,0.6753,0.6753,0.6753,0.6753,0.6753,0.6753,0.0,0.6714,0.6714,0.6714,0.6714,0.6714,0.6714,0.6714,0.6714,0.6714,0.6714,0.6714,0.6714,0.6714,0.6714,0.6714,0.6714,0.6714,0.6714,0.6714,0.6714,0.0,0.6714,0.6714,0.6714,0.6714,0.6714,0.6714,0.6714,0.6714,0.6714,0.6714,0.6714,0.6714,0.6714,0.6714,0.6714,0.6714,0.6714,0.6714,0.6714,0.6714,0.0,0.6714,0.6714,0.6714,0.6714,0.6714,0.6714,0.6714,0.6714,0.6714,0.6714,0.6714,0.6714,0.6714,0.6714,0.6714,0.6714,0.6714,0.6714,0.6714,0.6714,0.0,0.6753,0.6753,0.6753,0.6753,0.6753,0.6753,0.6753,0.6753,0.6753,0.6753,0.6753,0.6753,0.6753,0.6753,0.6753,0.6753,0.6753,0.6753,0.6753,0.6753,0.0,0.6714,0.6714,0.6714,0.6714,0.6714,0.6714,0.6714,0.6714,0.6714,0.6714,0.6714,0.6714,0.6714,0.6714,0.6714,0.6714,0.6714,0.6714,0.6714,0.6714,0.6714,
28.092236280441284,7854,7817,7911,7933,7969,7948,7969,7985,7981,8006,7939,7844,7982,7889,7994,7947,7973,8022,7987,7995,0,7956,8026,7959,7934,8002,7910,7949,7944,2608695,8014,7875,8058,7954,8011,7955,7996,7967,7968,7975,7967,0,7950,7895,7973,7841,7865,7943,7815,7868,7796,7969,7945,7918,7859,7967,8003,7864,8008,7859,8019,7954,0,7951,7956,7804,8008,7881,7963,7980,7918,7909,7960,7889,7838,7947,8009,7912,8000,7916,8018,7973,7859,0,7928,8002,7973,7851,7938,7963,7992,7856,7982,7872,7808,7997,7880,7924,7960,7941,8029,7870,7828,7917,0,7892,7985,7827,7857,7964,7995,7958,7937,7868,7796,7988,7921,7949,7823,8003,7918,7962,7944,7927,7941,7821,0.6753,0.6753,0.6753,0.6753,0.6753,0.6753,0.6753,0.6753,0.6753,0.6753,0.6753,0.6753,0.6753,0.6753,0.6753,0.6753,0.6753,0.6753,0.6753,0.6753,0.0,0.6714,0.6714,0.6714,0.6714,0.6714,0.6714,0.6714,0.6714,0.6714,0.6714,0.6714,0.6714,0.6714,0.6714,0.6714,0.6714,0.6714,0.6714,0.6714,0.6714,0.0,0.6714,0.6714,0.6714,0.6714,0.6714,0.6714,0.6714,0.6714,0.6714,0.6714,0.6714,0.6714,0.6714,0.6714,0.6714,0.6714,0.6714,0.6714,0.6714,0.6714,0.0,0.6714,0.6714,0.6714,0.6714,0.6714,0.6714,0.6714,0.6714,0.6714,0.6714,0.6714,0.6714,0.6714,0.6714,0.6714,0.6714,0.6714,0.6714,0.6714,0.6714,0.0,0.6673,0.6673,0.6673,0.6673,0.6673,0.6673,0.6673,0.6673,0.6673,0.6673,0.6673,0.6673,0.6673,0.6673,0.6673,0.6673,0.6673,0.6673,0.6673,0.6673,0.0,0.6629,0.6629,0.6629,0.6629,0.6629,0.6629,0.6629,0.6629,0.6629,0.6629,0.6629,0.6629,0.6629,0.6629,0.6629,0.6629,0.6629,0.6629,0.6629,0.6629,0.6629,
28.19375777244568,7851,7815,7899,7936,7959,7943,7969,7943,7971,8003,7937,7841,7968,7881,7987,7927,7975,8013,7980,7964,0,7937,7990,7947,7856,7991,7922,7931,7911,1538461,8001,7863,8036,7928,7991,7926,7944,7956,7943,7954,7931,0,7958,7915,7974,7828,7858,7944,7817,7862,7817,7952,7923,7897,7836,7955,7986,7864,7988,7855,8003,7947,0,7949,7951,7802,8005,7868,7958,7968,7909,7911,7992,7911,7822,7949,7993,7906,7956,7909,8025,7964,7849,0,7928,8002,7973,7851,7938,7963,7992,7856,7982,7872,7808,7997,7880,7924,7960,7941,8029,7870,7828,7917,0,7892,7985,7827,7857,7964,7995,7958,7937,7868,7796,7988,7921,7949,7823,8003,7918,7962,7944,7927,7941,7821,0.6629,0.6629,0.6629,0.6629,0.6629,0.6629,0.6629,0.6629,0.6629,0.6629,0.6629,0.6629,0.6629,0.6629,0.6629,0.6629,0.6629,0.6629,0.6629,0.6629,0.0,0.6582,0.6582,0.6582,0.6582,0.6582,0.6582,0.6582,0.6582,0.6582,0.6582,0.6582,0.6582,0.6582,0.6582,0.6582,0.6582,0.6582,0.6582,0.6582,0.6582,0.0,0.6629,0.6533,0.6533,0.6533,0.6533,0.6533,0.6533,0.6533,0.6533,0.6533,0.6533,0.6533,0.6533,0.6533,0.6533,0.6533,0.6533,0.6533,0.6533,0.6533,0.0,0.6629,0.6629,0.6629,0.6629,0.6629,0.6629,0.6629,0.6629,0.6629,0.6629,0.6629,0.6629,0.6629,0.6629,0.6629,0.6629,0.6629,0.6629,0.6629,0.6629,0.0,0.6673,0.6673,0.6673,0.6673,0.6673,0.6673,0.6673,0.6673,0.6673,0.6673,0.6673,0.6673,0.6673,0.6673,0.6673,0.6673,0.6673,0.6673,0.6673,0.6673,0.0,0.6629,0.6629,0.6629,0.6629,0.6629,0.6629,0.6629,0.6629,0.6629,0.6629,0.6629,0.6629,0.6629,0.6629,0.6629,0.6629,0.6629,0.6629,0.6629,0.6629,0.6629,
28.345507860183716,7851,7815,7899,7936,7959,7943,7969,7943,7971,8003,7937,7841,7968,7881,7987,7927,7975,8013,7980,7964,0,7937,7990,7947,7856,7991,7922,7931,7911,1538461,8001,7863,8036,7928,7991,7926,7944,7956,7943,7954,7931,0,7958,7915,7974,7828,7858,7944,7817,7862,7817,7952,7923,7897,7836,7955,7986,7864,7988,7855,8003,7947,0,7949,7951,7802,8005,7868,7958,7968,7909,7911,7992,7911,7822,7949,7993,7906,7956,7909,8025,7964,7849,0,7900,8001,7956,7855,7927,7951,7974,7842,7958,7862,7791,7980,7852,7906,7922,7927,8010,7842,7784,7888,0,7886,7975,7831,7860,7959,7987,7928,7919,7872,7782,7971,7894,7929,7817,7949,7931,7966,7889,7929,7885,7838,0.6629,0.6629,0.6629,0.6629,0.6629,0.6629,0.6629,0.6629,0.6629,0.6629,0.6629,0.6629,0.6629,0.6629,0.6629,0.6629,0.6629,0.6629,0.6629,0.6629,0.0,0.6582,0.6582,0.6582,0.6582,0.6582,0.6582,0.6582,0.6582,0.6582,0.6582,0.6582,0.6582,0.6582,0.6582,0.6582,0.6582,0.6582,0.6582,0.6582,0.6582,0.0,0.6629,0.6533,0.6533,0.6533,0.6533,0.6533,0.6533,0.6533,0.6533,0.6533,0.6533,0.6533,0.6533,0.6533,0.6533,0.6533,0.6533,0.6533,0.6533,0.6533,0.0,0.6629,0.6629,0.6629,0.6629,0.6629,0.6629,0.6629,0.6629,0.6629,0.6629,0.6629,0.6629,0.6629,0.6629,0.6629,0.6629,0.6629,0.6629,0.6629,0.6629,0.0,0.6533,0.6533,0.6533,0.6533,0.6533,0.6533,0.6533,0.6533,0.6533,0.6533,0.6533,0.6533,0.6533,0.6533,0.6533,0.6533,0.6533,0.6533,0.6533,0.6533,0.0,0.6533,0.6533,0.6533,0.6533,0.6533,0.6533,0.6533,0.6533,0.6533,0.6533,0.6533,0.6533,0.6533,0.6533,0.6533,0.6533,0.6533,0.6533,0.6533,0.6533,0.6533,
28.497528553009033,7847,7808,7848,7921,7944,7948,7952,7927,7951,7980,7933,7810,7934,7877,7960,7878,7959,8012,7953,7956,0,7937,7990,7947,7856,7991,7922,7931,7911,1538461,8001,7863,8036,7928,7991,7926,7944,7956,7943,7954,7931,0,7943,7905,7968,7818,7848,7905,7789,7849,7820,7924,7889,7852,7797,7904,7966,7864,7955,7818,7982,7934,0,7942,7922,7798,7984,7843,7940,7938,7903,7898,7982,7879,7782,7924,7977,7899,7916,7880,7993,7929,7831,0,7900,8001,7956,7855,7927,7951,7974,7842,7958,7862,7791,7980,7852,7906,7922,7927,8010,7842,7784,7888,0,7886,7975,7831,7860,7959,7987,7928,7919,7872,7782,7971,7894,7929,7817,7949,7931,7966,7889,7929,7885,7838,0.6481,0.6481,0.6481,0.6481,0.6481,0.6481,0.6481,0.6481,0.6481,0.6481,0.6481,0.6481,0.6481,0.6481,0.6481,0.6481,0.6481,0.6481,0.6481,0.6481,0.0,0.6582,0.6582,0.6582,0.6582,0.6582,0.6582,0.6582,0.6582,0.6582,0.6582,0.6582,0.6582,0.6582,0.6582,0.6582,0.6582,0.6582,0.6582,0.6582,0.6582,0.0,0.6481,0.6481,0.6481,0.6481,0.6481,0.6481,0.6481,0.6481,0.6481,0.6481,0.6481,0.6481,0.6481,0.6481,0.6481,0.6481,0.6481,0.6481,0.6481,0.6481,0.0,0.6427,0.6427,0.6427,0.6427,0.6427,0.6427,0.6427,0.6427,0.6427,0.6427,0.6427,0.6427,0.6427,0.6427,0.6427,0.6427,0.6427,0.6427,0.6427,0.6427,0.0,0.6533,0.6533,0.6533,0.6533,0.6533,0.6533,0.6533,0.6533,0.6533,0.6533,0.6533,0.6533,0.6533,0.6533,0.6533,0.6533,0.6533,0.6533,0.6533,0.6533,0.0,0.6533,0.6533,0.6533,0.6533,0.6533,0.6533,0.6533,0.6533,0.6533,0.6533,0.6533,0.6533,0.6533,0.6533,0.6533,0.6533,0.6533,0.6533,0.6533,0.6533,0.6533,
28.649383306503296,7847,7808,7848,7921,7944,7948,7952,7927,7951,7980,7933,7810,7934,7877,7960,7878,7959,8012,7953,7956,0,7908,7954,7922,7796,7969,7910,7888,7888,8571428,8005,7838,8011,7890,7947,7850,7879,7917,7923,7927,7878,0,7943,7905,7968,7818,7848,7905,7789,7849,7820,7924,7889,7852,7797,7904,7966,7864,7955,7818,7982,7934,0,7942,7922,7798,7984,7843,7940,7938,7903,7898,7982,7879,7782,7924,7977,7899,7916,7880,7993,7929,7831,0,7875,7978,7921,7813,7910,7915,7954,7818,7928,7844,7776,7944,7822,7836,7835,7876,7966,7785,7743,7824,0,7879,7955,7825,7832,7938,7980,7884,7887,7863,7783,7951,7857,7893,7809,7907,7905,7960,7832,7864,7811,7832,0.6481,0.6481,0.6481,0.6481,0.6481,0.6481,0.6481,0.6481,0.6481,0.6481,0.6481,0.6481,0.6481,0.6481,0.6481,0.6481,0.6481,0.6481,0.6481,0.6481,0.0,0.6427,0.6427,0.6427,0.6427,0.6427,0.6427,0.6427,0.6427,0.6427,0.6427,0.6427,0.6427,0.6427,0.6427,0.6427,0.6427,0.6427,0.6427,0.6427,0.6427,0.0,0.6481,0.6481,0.6481,0.6481,0.6481,0.6481,0.6481,0.6481,0.6481,0.6481,0.6481,0.6481,0.6481,0.6481,0.6481,0.6481,0.6481,0.6481,0.6481,0.6481,0.0,0.6427,0.6427,0.6427,0.6427,0.6427,0.6427,0.6427,0.6427,0.6427,0.6427,0.6427,0.6427,0.6427,0.6427,0.6427,0.6427,0.6427,0.6427,0.6427,0.6427,0.0,0.637,0.637,0.637,0.637,0.637,0.637,0.637,0.637,0.637,0.637,0.637,0.637,0.637,0.637,0.637,0.637,0.637,0.637,0.637,0.637,0.0,0.6427,0.6427,0.6427,0.6427,0.6427,0.6427,0.6427,0.6427,0.6427,0.6427,0.6427,0.6427,0.6427,0.6427,0.6427,0.6427,0.6427,0.6427,0.6427,0.6427,0.6427,
28.801121711730957,7818,7782,7787,7894,7917,7892,7930,7870,7948,7945,7902,7794,7880,7827,7928,7826,7876,7888,7911,7931,0,7820,7854,7905,7758,7872,7782,7823,7780,3529411,7841,7791,7819,7788,7746,7734,7793,7769,7764,7761,7798,0,7900,7850,7955,7801,7819,7851,7759,7836,7807,7886,7821,7816,7801,7839,7879,7855,7930,7744,7948,7870,0,7908,7860,7762,7897,7813,7852,7839,7818,7882,7819,7828,7760,7815,7881,7771,7812,7753,7783,7760,7833,0,7875,7978,7921,7813,7910,7915,7954,7818,7928,7844,7776,7944,7822,7836,7835,7876,7966,7785,7743,7824,0,7862,7890,7814,7794,7857,7894,7822,7832,7835,7763,7843,7809,7848,7780,7835,7829,7829,7775,7736,7742,7823,0.637,0.637,0.637,0.637,0.637,0.637,0.637,0.637,0.637,0.637,0.637,0.637,0.637,0.637,0.637,0.637,0.637,0.637,0.637,0.637,0.0,0.625,0.625,0.625,0.625,0.625,0.625,0.625,0.625,0.625,0.625,0.625,0.625,0.625,0.625,0.625,0.625,0.625,0.625,0.625,0.625,0.0,0.6312,0.6312,0.6312,0.6312,0.6312,0.6312,0.6312,0.6312,0.6312,0.6312,0.6312,0.6312,0.6312,0.6312,0.6312,0.6312,0.6312,0.6312,0.6312,0.6312,0.0,0.6312,0.6312,0.6312,0.6312,0.6312,0.6312,0.6312,0.6312,0.6312,0.6312,0.6312,0.6312,0.6312,0.6312,0.6312,0.6312,0.6312,0.6312,0.6312,0.6312,0.0,0.637,0.637,0.637,0.637,0.637,0.637,0.637,0.637,0.637,0.637,0.637,0.637,0.637,0.637,0.637,0.637,0.637,0.637,0.637,0.637,0.0,0.625,0.625,0.625,0.625,0.625,0.625,0.625,0.625,0.625,0.625,0.625,0.625,0.625,0.625,0.625,0.625,0.625,0.625,0.625,0.625,0.625,
28.902701139450073,7794,7765,7727,7776,7805,7716,7777,7785,7800,7785,7732,7756,7693,7713,7710,7743,7618,7608,7675,7660,0,7820,7854,7905,7758,7872,7782,7823,7780,3529411,7841,7791,7819,7788,7746,7734,7793,7769,7764,7761,7798,0,7823,7761,7854,7728,7797,7723,7753,7719,7705,7752,7723,7713,7636,7688,7638,7666,7732,7603,7726,7667,0,7908,7860,7762,7897,7813,7852,7839,7818,7882,7819,7828,7760,7815,7881,7771,7812,7753,7783,7760,7833,0,7777,7834,7814,7780,7755,7769,7777,7808,7740,7721,7749,7722,7781,7701,7772,7661,7709,7730,7681,7703,0,7862,7890,7814,7794,7857,7894,7822,7832,7835,7763,7843,7809,7848,7780,7835,7829,7829,7775,7736,7742,7823,0.6121,0.6121,0.6121,0.6121,0.6121,0.6121,0.6121,0.6121,0.6121,0.6121,0.6121,0.6121,0.6121,0.6121,0.6121,0.6121,0.6121,0.6121,0.6121,0.6121,0.0,0.625,0.625,0.625,0.625,0.625,0.625,0.625,0.625,0.625,0.625,0.625,0.625,0.625,0.625,0.625,0.625,0.625,0.625,0.625,0.625,0.0,0.6187,0.6187,0.6187,0.6187,0.6187,0.6187,0.6187,0.6187,0.6187,0.6187,0.6187,0.6187,0.6187,0.6187,0.6187,0.6187,0.6187,0.6187,0.6187,0.6187,0.0,0.6312,0.6312,0.6312,0.6312,0.6312,0.6312,0.6312,0.6312,0.6312,0.6312,0.6312,0.6312,0.6312,0.6312,0.6312,0.6312,0.6312,0.6312,0.6312,0.6312,0.0,0.6187,0.6187,0.6187,0.6187,0.6187,0.6187,0.6187,0.6187,0.6187,0.6187,0.6187,0.6187,0.6187,0.6187,0.6187,0.6187,0.6187,0.6187,0.6187,0.6187,0.0,0.625,0.625,0.625,0.625,0.625,0.625,0.625,0.625,0.625,0.625,0.625,0.625,0.625,0.625,0.625,0.625,0.625,0.625,0.625,0.625,0.625,
29.054452657699585,7794,7765,7727,7776,7805,7716,7777,7785,7800,7785,7732,7756,7693,7713,7710,7743,7618,7608,7675,7660,0,7667,7722,7797,7658,7661,7551,7705,7597,24420,7530,7656,7565,7584,7497,7542,7611,7546,7549,7538,7612,0,7823,7761,7854,7728,7797,7723,7753,7719,7705,7752,7723,7713,7636,7688,7638,7666,7732,7603,7726,7667,0,7728,7759,7740,7709,7752,7708,7662,7683,7812,7634,7760,7674,7648,7668,7592,7661,7680,7575,7589,7699,0,7777,7834,7814,7780,7755,7769,7777,7808,7740,7721,7749,7722,7781,7701,7772,7661,7709,7730,7681,7703,0,7855,7744,7775,7726,7686,7685,7747,7746,7724,7715,7706,7708,7708,7679,7694,7691,7623,7671,7449,7616,7678,0.6121,0.6121,0.6121,0.6121,0.6121,0.6121,0.6121,0.6121,0.6121,0.6121,0.6121,0.6121,0.6121,0.6121,0.6121,0.6121,0.6121,0.6121,0.6121,0.6121,0.0,0.6121,0.6121,0.6121,0.6121,0.6121,0.6121,0.6121,0.6121,0.6121,0.6121,0.6121,0.6121,0.6121,0.6121,0.6121,0.6121,0.6121,0.6121,0.6121,0.6121,0.0,0.6187,0.6187,0.6187,0.6187,0.6187,0.6187,0.6187,0.6187,0.6187,0.6187,0.6187,0.6187,0.6187,0.6187,0.6187,0.6187,0.6187,0.6187,0.6187,0.6187,0.0,0.6121,0.6121,0.6121,0.6121,0.6121,0.6121,0.6121,0.6121,0.6121,0.6121,0.6121,0.6121,0.6121,0.6121,0.6121,0.6121,0.6121,0.6121,0.6121,0.6121,0.0,0.6187,0.6187,0.6187,0.6187,0.6187,0.6187,0.6187,0.6187,0.6187,0.6187,0.6187,0.6187,0.6187,0.6187,0.6187,0.6187,0.6187,0.6187,0.6187,0.6187,0.0,0.6121,0.6121,0.6121,0.6121,0.6121,0.6121,0.6121,0.6121,0.6121,0.6121,0.6121,0.6121,0.6121,0.6121,0.6121,0.6121,0.6121,0.6121,0.6121,0.6121,0.6121,
29.25636601448059,7696,7650,7591,7437,7455,7415,7469,7548,7462,7435,7424,7551,7334,7396,7319,7531,7262,7321,7289,7275,0,7667,7722,7797,7658,7661,7551,7705,7597,24420,7530,7656,7565,7584,7497,7542,7611,7546,7549,7538,7612,0,7599,7491,7566,7503,7629,7444,7595,7444,7451,7453,7532,7461,7375,7405,7283,7378,7389,7340,7364,7329,0,7545,7577,7643,7506,7540,7487,7458,7422,7570,7400,7533,7394,7338,7358,7294,7374,7400,7320,7276,7361,0,7616,7557,7634,7646,7431,7559,7521,7666,7458,7472,7588,7415,7609,7464,7587,7366,7371,7538,7460,7467,0,7737,14985,7599,7560,7465,7416,7532,7530,7537,7576,7450,7497,7469,7428,7417,7429,7328,7431,7275,7345,7326,0.5984,0.5839,0.5839,0.5839,0.5839,0.5839,0.5839,0.5839,0.5839,0.5839,0.5839,0.5839,0.5839,0.5839,0.5839,0.5839,0.5839,0.5839,0.5839,0.5839,0.0,0.6121,0.6121,0.6121,0.6121,0.6121,0.6121,0.6121,0.6121,0.6121,0.6121,0.6121,0.6121,0.6121,0.6121,0.6121,0.6121,0.6121,0.6121,0.6121,0.6121,0.0,0.5984,0.5839,0.5839,0.5839,0.5839,0.5839,0.5839,0.5839,0.5839,0.5839,0.5839,0.5839,0.5839,0.5839,0.5839,0.5839,0.5839,0.5839,0.5839,0.5839,0.0,0.5984,0.5839,0.5839,0.5839,0.5839,0.5839,0.5839,0.5839,0.5839,0.5839,0.5839,0.5839,0.5839,0.5839,0.5839,0.5839,0.5839,0.5839,0.5839,0.5839,0.0,0.6054,0.6054,0.6054,0.6054,0.6054,0.6054,0.6054,0.6054,0.6054,0.6054,0.6054,0.6054,0.6054,0.6054,0.6054,0.6054,0.6054,0.6054,0.6054,0.6054,0.0,0.5984,0.5984,0.5984,0.5984,0.5984,0.5984,0.5984,0.5984,0.5984,0.5984,0.5984,0.5984,0.5984,0.5984,0.5984,0.5984,0.5984,0.5984,0.5984,0.5984,0.5984,
29.3579158782959,7696,7650,7591,7437,7455,7415,7469,7548,7462,7435,7424,7551,7334,7396,7319,7531,7262,7321,7289,7275,0,7421,7468,7522,7436,7399,7249,7409,7301,23419,7260,7381,7348,7298,7227,7297,7320,7297,7260,7285,7266,0,7599,7491,7566,7503,7629,7444,7595,7444,7451,7453,7532,7461,7375,7405,7283,7378,7389,7340,7364,7329,0,7545,7577,7643,7506,7540,7487,7458,7422,7570,7400,7533,7394,7338,7358,7294,7374,7400,7320,7276,7361,0,7616,7557,7634,7646,7431,7559,7521,7666,7458,7472,7588,7415,7609,7464,7587,7366,7371,7538,7460,7467,0,7737,14985,7599,7560,7465,7416,7532,7530,7537,7576,7450,7497,7469,7428,7417,7429,7328,7431,7275,7345,7326,0.5984,0.5839,0.5839,0.5839,0.5839,0.5839,0.5839,0.5839,0.5839,0.5839,0.5839,0.5839,0.5839,0.5839,0.5839,0.5839,0.5839,0.5839,0.5839,0.5839,0.0,0.5984,0.5984,0.5984,0.5984,0.5984,0.5984,0.5984,0.5984,0.5984,0.5984,0.5984,0.5984,0.5984,0.5984,0.5984,0.5984,0.5984,0.5984,0.5984,0.5984,0.0,0.5984,0.5839,0.5839,0.5839,0.5839,0.5839,0.5839,0.5839,0.5839,0.5839,0.5839,0.5839,0.5839,0.5839,0.5839,0.5839,0.5839,0.5839,0.5839,0.5839,0.0,0.5984,0.5839,0.5839,0.5839,0.5839,0.5839,0.5839,0.5839,0.5839,0.5839,0.5839,0.5839,0.5839,0.5839,0.5839,0.5839,0.5839,0.5839,0.5839,0.5839,0.0,0.6054,0.6054,0.6054,0.6054,0.6054,0.6054,0.6054,0.6054,0.6054,0.6054,0.6054,0.6054,0.6054,0.6054,0.6054,0.6054,0.6054,0.6054,0.6054,0.6054,0.0,0.5984,0.5984,0.5984,0.5984,0.5984,0.5984,0.5984,0.5984,0.5984,0.5984,0.5984,0.5984,0.5984,0.5984,0.5984,0.5984,0.5984,0.5984,0.5984,0.5984,0.5984,
29.45950937271118,7696,7650,7591,7437,7455,7415,7469,7548,7462,7435,7424,7551,7334,7396,7319,7531,7262,7321,7289,7275,0,7421,7468,7522,7436,7399,7249,7409,7301,23419,7260,7381,7348,7298,7227,7297,7320,7297,7260,7285,7266,0,7599,7491,7566,7503,7629,7444,7595,7444,7451,7453,7532,7461,7375,7405,7283,7378,7389,7340,7364,7329,0,7545,7577,7643,7506,7540,7487,7458,7422,7570,7400,7533,7394,7338,7358,7294,7374,7400,7320,7276,7361,0,7324,7292,7334,7310,7173,7267,7273,7314,7225,7196,7219,7197,7226,7153,7190,7142,7165,7166,7158,7125,0,7503,7246,7292,7233,7203,7217,7236,7207,7235,7284,7180,7165,7200,7134,7115,7111,7136,7158,7182,7079,7039,0.5984,0.5839,0.5839,0.5839,0.5839,0.5839,0.5839,0.5839,0.5839,0.5839,0.5839,0.5839,0.5839,0.5839,0.5839,0.5839,0.5839,0.5839,0.5839,0.5839,0.0,0.5984,0.5984,0.5984,0.5984,0.5984,0.5984,0.5984,0.5984,0.5984,0.5984,0.5984,0.5984,0.5984,0.5984,0.5984,0.5984,0.5984,0.5984,0.5984,0.5984,0.0,0.5984,0.5839,0.5839,0.5839,0.5839,0.5839,0.5839,0.5839,0.5839,0.5839,0.5839,0.5839,0.5839,0.5839,0.5839,0.5839,0.5839,0.5839,0.5839,0.5839,0.0,0.5984,0.5839,0.5839,0.5839,0.5839,0.5839,0.5839,0.5839,0.5839,0.5839,0.5839,0.5839,0.5839,0.5839,0.5839,0.5839,0.5839,0.5839,0.5839,0.5839,0.0,0.5839,0.5686,0.5686,0.5686,0.5686,0.5686,0.5686,0.5686,0.5686,0.5686,0.5686,0.5686,0.5686,0.5686,0.5686,0.5686,0.5686,0.5686,0.5686,0.5686,0.0,0.5839,0.5839,0.5839,0.5839,0.5839,0.5839,0.5839,0.5839,0.5839,0.5839,0.5839,0.5839,0.5839,0.5839,0.5839,0.5839,0.5839,0.5839,0.5839,0.5839,0.5839,
29.561086893081665,7351,7293,7283,7109,7091,7077,7115,7156,7061,7114,7105,7163,7035,7057,6993,7134,7005,7056,6933,6944,0,7215,7243,7220,7219,7229,7061,7109,7141,7187,7115,7081,7220,7103,7024,7129,7132,7137,7081,7122,6999,0,7250,7216,7172,7174,7232,7154,7224,7158,7144,7052,7159,7152,7100,7083,6993,7057,7015,7029,7017,7009,0,7220,7211,7270,7215,7201,7203,7159,7110,7160,7130,7136,7078,7106,7126,7074,7043,7006,7119,7054,7000,0,7324,7292,7334,7310,7173,7267,7273,7314,7225,7196,7219,7197,7226,7153,7190,7142,7165,7166,7158,7125,0,7503,7246,7292,7233,7203,7217,7236,7207,7235,7284,7180,7165,7200,7134,7115,7111,7136,7158,7182,7079,7039,0.5607,0.5607,0.5607,0.5607,0.5607,0.5607,0.5607,0.5607,0.5607,0.5607,0.5607,0.5607,0.5607,0.5607,0.5607,0.5607,0.5607,0.5607,0.5607,0.5607,0.0,0.5686,0.5686,0.5686,0.5686,0.5686,0.5686,0.5686,0.5686,0.5686,0.5686,0.5686,0.5686,0.5686,0.5686,0.5686,0.5686,0.5686,0.5686,0.5686,0.5686,0.0,0.5607,0.5607,0.5607,0.5607,0.5607,0.5607,0.5607,0.5607,0.5607,0.5607,0.5607,0.5607,0.5607,0.5607,0.5607,0.5607,0.5607,0.5607,0.5607,0.5607,0.0,0.5763,0.5607,0.5607,0.5607,0.5607,0.5607,0.5607,0.5607,0.5607,0.5607,0.5607,0.5607,0.5607,0.5607,0.5607,0.5607,0.5607,0.5607,0.5607,0.5607,0.0,0.5839,0.5686,0.5686,0.5686,0.5686,0.5686,0.5686,0.5686,0.5686,0.5686,0.5686,0.5686,0.5686,0.5686,0.5686,0.5686,0.5686,0.5686,0.5686,0.5686,0.0,0.5839,0.5839,0.5839,0.5839,0.5839,0.5839,0.5839,0.5839,0.5839,0.5839,0.5839,0.5839,0.5839,0.5839,0.5839,0.5839,0.5839,0.5839,0.5839,0.5839,0.5839,
29.712814807891846,7351,7293,7283,7109,7091,7077,7115,7156,7061,7114,7105,7163,7035,7057,6993,7134,7005,7056,6933,6944,0,7215,7243,7220,7219,7229,7061,7109,7141,7187,7115,7081,7220,7103,7024,7129,7132,7137,7081,7122,6999,0,7250,7216,7172,7174,7232,7154,7224,7158,7144,7052,7159,7152,7100,7083,6993,7057,7015,7029,7017,7009,0,7220,7211,7270,7215,7201,7203,7159,7110,7160,7130,7136,7078,7106,7126,7074,7043,7006,7119,7054,7000,0,7324,7292,7334,7310,7173,7267,7273,7314,7225,7196,7219,7197,7226,7153,7190,7142,7165,7166,7158,7125,0,7165,7016,6983,6975,7022,7029,6974,6942,6914,6971,6965,6877,6966,6879,6887,6856,6931,6854,6936,6858,6851,0.5607,0.5607,0.5607,0.5607,0.5607,0.5607,0.5607,0.5607,0.5607,0.5607,0.5607,0.5607,0.5607,0.5607,0.5607,0.5607,0.5607,0.5607,0.5607,0.5607,0.0,0.5686,0.5686,0.5686,0.5686,0.5686,0.5686,0.5686,0.5686,0.5686,0.5686,0.5686,0.5686,0.5686,0.5686,0.5686,0.5686,0.5686,0.5686,0.5686,0.5686,0.0,0.5607,0.5607,0.5607,0.5607,0.5607,0.5607,0.5607,0.5607,0.5607,0.5607,0.5607,0.5607,0.5607,0.5607,0.5607,0.5607,0.5607,0.5607,0.5607,0.5607,0.0,0.5763,0.5607,0.5607,0.5607,0.5607,0.5607,0.5607,0.5607,0.5607,0.5607,0.5607,0.5607,0.5607,0.5607,0.5607,0.5607,0.5607,0.5607,0.5607,0.5607,0.0,0.5839,0.5686,0.5686,0.5686,0.5686,0.5686,0.5686,0.5686,0.5686,0.5686,0.5686,0.5686,0.5686,0.5686,0.5686,0.5686,0.5686,0.5686,0.5686,0.5686,0.0,0.5607,0.5607,0.5607,0.5607,0.5607,0.5607,0.5607,0.5607,0.5607,0.5607,0.5607,0.5607,0.5607,0.5607,0.5607,0.5607,0.5607,0.5607,0.5607,0.5607,0.5607,
29.814644813537598,6930,6847,6864,6850,6820,6808,6857,6784,6818,6839,6803,6776,6786,6788,6796,6683,6799,6807,6773,6774,0,7058,7067,6997,7011,6997,6880,6926,6919,6863,6924,6823,6984,6902,6876,6839,6894,6896,6872,6856,6829,0,6913,6937,6870,6888,6879,6821,6809,6917,6808,6741,6805,6829,6868,6830,6795,6775,6757,6732,6765,6796,0,7220,7211,7270,7215,7201,7203,7159,7110,7160,7130,7136,7078,7106,7126,7074,7043,7006,7119,7054,7000,0,7006,7039,7033,6999,6951,7011,7030,6933,6946,6915,6847,6970,6855,6871,6864,6883,6958,6815,6831,6853,0,7165,7016,6983,6975,7022,7029,6974,6942,6914,6971,6965,6877,6966,6879,6887,6856,6931,6854,6936,6858,6851,0.5527,0.5362,0.5362,0.5362,0.5362,0.5362,0.5362,0.5362,0.5362,0.5362,0.5362,0.5362,0.5362,0.5362,0.5362,0.5362,0.5362,0.5362,0.5362,0.5362,0.0,0.5527,0.5362,0.5362,0.5362,0.5362,0.5362,0.5362,0.5362,0.5362,0.5362,0.5362,0.5362,0.5362,0.5362,0.5362,0.5362,0.5362,0.5362,0.5362,0.5362,0.0,0.5527,0.5527,0.5527,0.5527,0.5527,0.5527,0.5527,0.5527,0.5527,0.5527,0.5527,0.5527,0.5527,0.5527,0.5527,0.5527,0.5527,0.5527,0.5527,0.5527,0.0,0.5763,0.5607,0.5607,0.5607,0.5607,0.5607,0.5607,0.5607,0.5607,0.5607,0.5607,0.5607,0.5607,0.5607,0.5607,0.5607,0.5607,0.5607,0.5607,0.5607,0.0,0.5607,0.5607,0.5607,0.5607,0.5607,0.5607,0.5607,0.5607,0.5607,0.5607,0.5607,0.5607,0.5607,0.5607,0.5607,0.5607,0.5607,0.5607,0.5607,0.5607,0.0,0.5607,0.5607,0.5607,0.5607,0.5607,0.5607,0.5607,0.5607,0.5607,0.5607,0.5607,0.5607,0.5607,0.5607,0.5607,0.5607,0.5607,0.5607,0.5607,0.5607,0.5607,
29.966450214385986,6930,6847,6864,6850,6820,6808,6857,6784,6818,6839,6803,6776,6786,6788,6796,6683,6799,6807,6773,6774,0,7058,7067,6997,7011,6997,6880,6926,6919,6863,6924,6823,6984,6902,6876,6839,6894,6896,6872,6856,6829,0,6913,6937,6870,6888,6879,6821,6809,6917,6808,6741,6805,6829,6868,6830,6795,6775,6757,6732,6765,6796,0,6926,6904,6872,6985,6896,6944,6891,6841,6833,6906,6840,6795,6848,6883,6832,6812,6715,6815,6821,6755,0,7006,7039,7033,6999,6951,7011,7030,6933,6946,6915,6847,6970,6855,6871,6864,6883,6958,6815,6831,6853,0,6826,6834,6721,6769,6803,6830,6750,6808,6688,6717,6783,6690,6746,6682,6701,6645,6727,6551,6613,6654,6702,0.5527,0.5362,0.5362,0.5362,0.5362,0.5362,0.5362,0.5362,0.5362,0.5362,0.5362,0.5362,0.5362,0.5362,0.5362,0.5362,0.5362,0.5362,0.5362,0.5362,0.0,0.5527,0.5362,0.5362,0.5362,0.5362,0.5362,0.5362,0.5362,0.5362,0.5362,0.5362,0.5362,0.5362,0.5362,0.5362,0.5362,0.5362,0.5362,0.5362,0.5362,0.0,0.5527,0.5527,0.5527,0.5527,0.5527,0.5527,0.5527,0.5527,0.5527,0.5527,0.5527,0.5527,0.5527,0.5527,0.5527,0.5527,0.5527,0.5527,0.5527,0.5527,0.0,0.5527,0.5362,0.5362,0.5362,0.5362,0.5362,0.5362,0.5362,0.5362,0.5362,0.5362,0.5362,0.5362,0.5362,0.5362,0.5362,0.5362,0.5362,0.5362,0.5362,0.0,0.5607,0.5607,0.5607,0.5607,0.5607,0.5607,0.5607,0.5607,0.5607,0.5607,0.5607,0.5607,0.5607,0.5607,0.5607,0.5607,0.5607,0.5607,0.5607,0.5607,0.0,0.5445,0.5445,0.5445,0.5445,0.5445,0.5445,0.5445,0.5445,0.5445,0.5445,0.5445,0.5445,0.5445,0.5445,0.5445,0.5445,0.5445,0.5445,0.5445,0.5445,0.5445,
30.118270874023438,6593,6547,6559,6686,6667,6648,6708,6560,6634,6639,6598,6516,6563,6553,6616,6391,6557,6559,6566,6562,0,6785,6785,6796,6703,6780,6738,6743,6651,6627,6691,6620,6705,6661,6683,6554,6629,6615,6588,6511,6605,0,6674,6738,6674,6692,6599,6538,6498,6679,6546,6525,6560,6594,6599,6602,6600,6560,6530,6450,6542,6544,0,6926,6904,6872,6985,6896,6944,6891,6841,6833,6906,6840,6795,6848,6883,6832,6812,6715,6815,6821,6755,0,6791,6856,6811,6793,6815,6796,6824,6691,6753,6745,6619,6772,6644,6685,6634,6696,6708,6595,6571,6609,0,6826,6834,6721,6769,6803,6830,6750,6808,6688,6717,6783,6690,6746,6682,6701,6645,6727,6551,6613,6654,6702,0.5277,0.5104,0.5104,0.5104,0.5104,0.5104,0.5104,0.5104,0.5104,0.5104,0.5104,0.5104,0.5104,0.5104,0.5104,0.5104,0.5104,0.5104,0.5104,0.5104,0.0,0.5277,0.5104,0.5104,0.5104,0.5104,0.5104,0.5104,0.5104,0.5104,0.5104,0.5104,0.5104,0.5104,0.5104,0.5104,0.5104,0.5104,0.5104,0.5104,0.5104,0.0,0.5277,0.5104,0.5104,0.5104,0.5104,0.5104,0.5104,0.5104,0.5104,0.5104,0.5104,0.5104,0.5104,0.5104,0.5104,0.5104,0.5104,0.5104,0.5104,0.5104,0.0,0.5527,0.5362,0.5362,0.5362,0.5362,0.5362,0.5362,0.5362,0.5362,0.5362,0.5362,0.5362,0.5362,0.5362,0.5362,0.5362,0.5362,0.5362,0.5362,0.5362,0.0,0.5362,0.5362,0.5362,0.5362,0.5362,0.5362,0.5362,0.5362,0.5362,0.5362,0.5362,0.5362,0.5362,0.5362,0.5362,0.5362,0.5362,0.5362,0.5362,0.5362,0.0,0.5445,0.5445,0.5445,0.5445,0.5445,0.5445,0.5445,0.5445,0.5445,0.5445,0.5445,0.5445,0.5445,0.5445,0.5445,0.5445,0.5445,0.5445,0.5445,0.5445,0.5445,
30.21987247467041,6593,6547,6559,6686,6667,6648,6708,6560,6634,6639,6598,6516,6563,6553,6616,6391,6557,6559,6566,6562,0,6785,6785,6796,6703,6780,6738,6743,6651,6627,6691,6620,6705,6661,6683,6554,6629,6615,6588,6511,6605,0,6674,6738,6674,6692,6599,6538,6498,6679,6546,6525,6560,6594,6599,6602,6600,6560,6530,6450,6542,6544,0,6694,6746,6586,6763,6737,6722,6674,6657,6641,6660,6629,6597,6586,6597,6557,6579,12987,6548,6534,6549,0,6791,6856,6811,6793,6815,6796,6824,6691,6753,6745,6619,6772,6644,6685,6634,6696,6708,6595,6571,6609,0,6609,6665,6499,6545,6563,6588,6533,6587,6466,6521,6529,6505,6475,6471,6479,6473,6498,6343,6271,6406,6470,0.5277,0.5104,0.5104,0.5104,0.5104,0.5104,0.5104,0.5104,0.5104,0.5104,0.5104,0.5104,0.5104,0.5104,0.5104,0.5104,0.5104,0.5104,0.5104,0.5104,0.0,0.5277,0.5104,0.5104,0.5104,0.5104,0.5104,0.5104,0.5104,0.5104,0.5104,0.5104,0.5104,0.5104,0.5104,0.5104,0.5104,0.5104,0.5104,0.5104,0.5104,0.0,0.5277,0.5104,0.5104,0.5104,0.5104,0.5104,0.5104,0.5104,0.5104,0.5104,0.5104,0.5104,0.5104,0.5104,0.5104,0.5104,0.5104,0.5104,0.5104,0.5104,0.0,0.5277,0.5016,0.5016,0.5016,0.5016,0.5016,0.5016,0.5016,0.5016,0.5016,0.5016,0.5016,0.5016,0.5016,0.5016,0.5016,0.5016,0.5016,0.5016,0.5016,0.0,0.5362,0.5362,0.5362,0.5362,0.5362,0.5362,0.5362,0.5362,0.5362,0.5362,0.5362,0.5362,0.5362,0.5362,0.5362,0.5362,0.5362,0.5362,0.5362,0.5362,0.0,0.5191,0.5191,0.5191,0.5191,0.5191,0.5191,0.5191,0.5191,0.5191,0.5191,0.5191,0.5191,0.5191,0.5191,0.5191,0.5191,0.5191,0.5191,0.5191,0.5191,0.5191,
30.32142996788025,6593,6547,6559,6686,6667,6648,6708,6560,6634,6639,6598,6516,6563,6553,6616,6391,6557,6559,6566,6562,0,6785,6785,6796,6703,6780,6738,6743,6651,6627,6691,6620,6705,6661,6683,6554,6629,6615,6588,6511,6605,0,6674,6738,6674,6692,6599,6538,6498,6679,6546,6525,6560,6594,6599,6602,6600,6560,6530,6450,6542,6544,0,6694,6746,6586,6763,6737,6722,6674,6657,6641,6660,6629,6597,6586,6597,6557,6579,12987,6548,6534,6549,0,6559,6547,6524,6512,6584,6489,6479,6483,6457,6453,6416,6407,6439,6428,6423,6390,6357,6365,6306,6317,0,6609,6665,6499,6545,6563,6588,6533,6587,6466,6521,6529,6505,6475,6471,6479,6473,6498,6343,6271,6406,6470,0.5277,0.5104,0.5104,0.5104,0.5104,0.5104,0.5104,0.5104,0.5104,0.5104,0.5104,0.5104,0.5104,0.5104,0.5104,0.5104,0.5104,0.5104,0.5104,0.5104,0.0,0.5277,0.5104,0.5104,0.5104,0.5104,0.5104,0.5104,0.5104,0.5104,0.5104,0.5104,0.5104,0.5104,0.5104,0.5104,0.5104,0.5104,0.5104,0.5104,0.5104,0.0,0.5277,0.5104,0.5104,0.5104,0.5104,0.5104,0.5104,0.5104,0.5104,0.5104,0.5104,0.5104,0.5104,0.5104,0.5104,0.5104,0.5104,0.5104,0.5104,0.5104,0.0,0.5277,0.5016,0.5016,0.5016,0.5016,0.5016,0.5016,0.5016,0.5016,0.5016,0.5016,0.5016,0.5016,0.5016,0.5016,0.5016,0.5016,0.5016,0.5016,0.5016,0.0,0.5104,0.4927,0.4927,0.4927,0.4927,0.4927,0.4927,0.4927,0.4927,0.4927,0.4927,0.4927,0.4927,0.4927,0.4927,0.4927,0.4927,0.4927,0.4927,0.4927,0.0,0.5191,0.5191,0.5191,0.5191,0.5191,0.5191,0.5191,0.5191,0.5191,0.5191,0.5191,0.5191,0.5191,0.5191,0.5191,0.5191,0.5191,0.5191,0.5191,0.5191,0.5191,
30.423006296157837,6400,6406,6398,6421,6443,6389,6443,6419,6358,6317,6318,6335,6269,6250,6295,6207,6251,6238,6229,6223,0,6457,6432,6480,6393,6424,6429,6403,6259,6331,6320,6307,6325,6327,6281,6206,6276,6203,6214,6143,6190,0,6474,6469,6466,6419,6444,6389,6301,6342,6359,6411,6404,6311,6331,6306,6258,6307,6276,6211,6305,6204,0,6453,6466,6391,6437,6438,6407,6412,6376,6426,6284,6349,6301,6358,6279,6231,6319,6314,6261,6200,6266,0,6559,6547,6524,6512,6584,6489,6479,6483,6457,6453,6416,6407,6439,6428,6423,6390,6357,6365,6306,6317,0,6441,6407,6351,6313,6324,6345,6353,6343,6293,6325,6303,6280,6246,6228,6233,6229,6249,6184,6131,6153,6152,0.4837,0.4837,0.4837,0.4837,0.4837,0.4837,0.4837,0.4837,0.4837,0.4837,0.4837,0.4837,0.4837,0.4837,0.4837,0.4837,0.4837,0.4837,0.4837,0.4837,0.0,0.4837,0.4837,0.4837,0.4837,0.4837,0.4837,0.4837,0.4837,0.4837,0.4837,0.4837,0.4837,0.4837,0.4837,0.4837,0.4837,0.4837,0.4837,0.4837,0.4837,0.0,0.5016,0.4837,0.4837,0.4837,0.4837,0.4837,0.4837,0.4837,0.4837,0.4837,0.4837,0.4837,0.4837,0.4837,0.4837,0.4837,0.4837,0.4837,0.4837,0.4837,0.0,0.4837,0.4837,0.4837,0.4837,0.4837,0.4837,0.4837,0.4837,0.4837,0.4837,0.4837,0.4837,0.4837,0.4837,0.4837,0.4837,0.4837,0.4837,0.4837,0.4837,0.0,0.5104,0.4927,0.4927,0.4927,0.4927,0.4927,0.4927,0.4927,0.4927,0.4927,0.4927,0.4927,0.4927,0.4927,0.4927,0.4927,0.4927,0.4927,0.4927,0.4927,0.0,0.4837,0.4837,0.4837,0.4837,0.4837,0.4837,0.4837,0.4837,0.4837,0.4837,0.4837,0.4837,0.4837,0.4837,0.4837,0.4837,0.4837,0.4837,0.4837,0.4837,0.4837,
30.524617671966553,6400,6406,6398,6421,6443,6389,6443,6419,6358,6317,6318,6335,6269,6250,6295,6207,6251,6238,6229,6223,0,6457,6432,6480,6393,6424,6429,6403,6259,6331,6320,6307,6325,6327,6281,6206,6276,6203,6214,6143,6190,0,6474,6469,6466,6419,6444,6389,6301,6342,6359,6411,6404,6311,6331,6306,6258,6307,6276,6211,6305,6204,0,6453,6466,6391,6437,6438,6407,6412,6376,6426,6284,6349,6301,6358,6279,6231,6319,6314,6261,6200,6266,0,6559,6547,6524,6512,6584,6489,6479,6483,6457,6453,6416,6407,6439,6428,6423,6390,6357,6365,6306,6317,0,6441,6407,6351,6313,6324,6345,6353,6343,6293,6325,6303,6280,6246,6228,6233,6229,6249,6184,6131,6153,6152,0.4837,0.4837,0.4837,0.4837,0.4837,0.4837,0.4837,0.4837,0.4837,0.4837,0.4837,0.4837,0.4837,0.4837,0.4837,0.4837,0.4837,0.4837,0.4837,0.4837,0.0,0.4837,0.4837,0.4837,0.4837,0.4837,0.4837,0.4837,0.4837,0.4837,0.4837,0.4837,0.4837,0.4837,0.4837,0.4837,0.4837,0.4837,0.4837,0.4837,0.4837,0.0,0.5016,0.4837,0.4837,0.4837,0.4837,0.4837,0.4837,0.4837,0.4837,0.4837,0.4837,0.4837,0.4837,0.4837,0.4837,0.4837,0.4837,0.4837,0.4837,0.4837,0.0,0.4837,0.4837,0.4837,0.4837,0.4837,0.4837,0.4837,0.4837,0.4837,0.4837,0.4837,0.4837,0.4837,0.4837,0.4837,0.4837,0.4837,0.4837,0.4837,0.4837,0.0,0.5104,0.4927,0.4927,0.4927,0.4927,0.4927,0.4927,0.4927,0.4927,0.4927,0.4927,0.4927,0.4927,0.4927,0.4927,0.4927,0.4927,0.4927,0.4927,0.4927,0.0,0.4837,0.4837,0.4837,0.4837,0.4837,0.4837,0.4837,0.4837,0.4837,0.4837,0.4837,0.4837,0.4837,0.4837,0.4837,0.4837,0.4837,0.4837,0.4837,0.4837,0.4837,
30.676552295684814,6400,6406,6398,6421,6443,6389,6443,6419,6358,6317,6318,6335,6269,6250,6295,6207,6251,6238,6229,6223,0,6457,6432,6480,6393,6424,6429,6403,6259,6331,6320,6307,6325,6327,6281,6206,6276,6203,6214,6143,6190,0,6474,6469,6466,6419,6444,6389,6301,6342,6359,6411,6404,6311,6331,6306,6258,6307,6276,6211,6305,6204,0,6453,6466,6391,6437,6438,6407,6412,6376,6426,6284,6349,6301,6358,6279,6231,6319,6314,6261,6200,6266,0,6213,6193,6197,6197,6160,6138,6138,6193,6131,6073,6098,6021,6145,6031,6075,6012,5980,5982,6083,5960,0,6441,6407,6351,6313,6324,6345,6353,6343,6293,6325,6303,6280,6246,6228,6233,6229,6249,6184,6131,6153,6152,0.4837,0.4837,0.4837,0.4837,0.4837,0.4837,0.4837,0.4837,0.4837,0.4837,0.4837,0.4837,0.4837,0.4837,0.4837,0.4837,0.4837,0.4837,0.4837,0.4837,0.0,0.4837,0.4837,0.4837,0.4837,0.4837,0.4837,0.4837,0.4837,0.4837,0.4837,0.4837,0.4837,0.4837,0.4837,0.4837,0.4837,0.4837,0.4837,0.4837,0.4837,0.0,0.5016,0.4837,0.4837,0.4837,0.4837,0.4837,0.4837,0.4837,0.4837,0.4837,0.4837,0.4837,0.4837,0.4837,0.4837,0.4837,0.4837,0.4837,0.4837,0.4837,0.0,0.4837,0.4837,0.4837,0.4837,0.4837,0.4837,0.4837,0.4837,0.4837,0.4837,0.4837,0.4837,0.4837,0.4837,0.4837,0.4837,0.4837,0.4837,0.4837,0.4837,0.0,0.4654,0.4654,0.4654,0.4654,0.4654,0.4654,0.4654,0.4654,0.4654,0.4654,0.4654,0.4654,0.4654,0.4654,0.4654,0.4654,0.4654,0.4654,0.4654,0.4654,0.0,0.4837,0.4837,0.4837,0.4837,0.4837,0.4837,0.4837,0.4837,0.4837,0.4837,0.4837,0.4837,0.4837,0.4837,0.4837,0.4837,0.4837,0.4837,0.4837,0.4837,0.4837,
30.778135299682617,6400,6406,6398,6421,6443,6389,6443,6419,6358,6317,6318,6335,6269,6250,6295,6207,6251,6238,6229,6223,0,6457,6432,6480,6393,6424,6429,6403,6259,6331,6320,6307,6325,6327,6281,6206,6276,6203,6214,6143,6190,0,6474,6469,6466,6419,6444,6389,6301,6342,6359,6411,6404,6311,6331,6306,6258,6307,6276,6211,6305,6204,0,6453,6466,6391,6437,6438,6407,6412,6376,6426,6284,6349,6301,6358,6279,6231,6319,6314,6261,6200,6266,0,6213,6193,6197,6197,6160,6138,6138,6193,6131,6073,6098,6021,6145,6031,6075,6012,5980,5982,6083,5960,0,6441,6407,6351,6313,6324,6345,6353,6343,6293,6325,6303,6280,6246,6228,6233,6229,6249,6184,6131,6153,6152,0.4837,0.4837,0.4837,0.4837,0.4837,0.4837,0.4837,0.4837,0.4837,0.4837,0.4837,0.4837,0.4837,0.4837,0.4837,0.4837,0.4837,0.4837,0.4837,0.4837,0.0,0.4837,0.4837,0.4837,0.4837,0.4837,0.4837,0.4837,0.4837,0.4837,0.4837,0.4837,0.4837,0.4837,0.4837,0.4837,0.4837,0.4837,0.4837,0.4837,0.4837,0.0,0.5016,0.4837,0.4837,0.4837,0.4837,0.4837,0.4837,0.4837,0.4837,0.4837,0.4837,0.4837,0.4837,0.4837,0.4837,0.4837,0.4837,0.4837,0.4837,0.4837,0.0,0.4837,0.4837,0.4837,0.4837,0.4837,0.4837,0.4837,0.4837,0.4837,0.4837,0.4837,0.4837,0.4837,0.4837,0.4837,0.4837,0.4837,0.4837,0.4837,0.4837,0.0,0.4654,0.4654,0.4654,0.4654,0.4654,0.4654,0.4654,0.4654,0.4654,0.4654,0.4654,0.4654,0.4654,0.4654,0.4654,0.4654,0.4654,0.4654,0.4654,0.4654,0.0,0.4837,0.4837,0.4837,0.4837,0.4837,0.4837,0.4837,0.4837,0.4837,0.4837,0.4837,0.4837,0.4837,0.4837,0.4837,0.4837,0.4837,0.4837,0.4837,0.4837,0.4837,
30.87964653968811,6132,6124,6147,6044,6048,6004,6007,6085,5974,5911,5930,5995,5928,5869,5865,5949,5854,5800,5790,5779,0,6087,6085,6088,6033,5978,5979,5982,5925,6002,5950,5951,5904,5934,5896,5834,5876,5794,5828,5826,5784,0,6181,6126,6144,6068,6137,6112,6129,6032,6033,6090,6061,6009,5976,5924,5871,5989,5912,5884,5904,5818,0,6159,6091,6120,6044,6071,6036,6020,5937,6030,5921,5954,5903,5970,5874,5836,5863,5884,5812,5801,5818,0,6213,6193,6197,6197,6160,6138,6138,6193,6131,6073,6098,6021,6145,6031,6075,6012,5980,5982,6083,5960,0,6193,6101,6117,6075,6087,6088,6115,6046,6018,6053,6052,5976,6021,5979,5974,5891,5863,5989,5866,5867,5765,0.4746,0.4469,0.4469,0.4469,0.4469,0.4469,0.4469,0.4469,0.4469,0.4469,0.4469,0.4469,0.4469,0.4469,0.4469,0.4469,0.4469,0.4469,0.4469,0.4469,0.0,0.4746,0.4469,0.4469,0.4469,0.4469,0.4469,0.4469,0.4469,0.4469,0.4469,0.4469,0.4469,0.4469,0.4469,0.4469,0.4469,0.4469,0.4469,0.4469,0.4469,0.0,0.4562,0.4562,0.4562,0.4562,0.4562,0.4562,0.4562,0.4562,0.4562,0.4562,0.4562,0.4562,0.4562,0.4562,0.4562,0.4562,0.4562,0.4562,0.4562,0.4562,0.0,0.4746,0.4469,0.4469,0.4469,0.4469,0.4469,0.4469,0.4469,0.4469,0.4469,0.4469,0.4469,0.4469,0.4469,0.4469,0.4469,0.4469,0.4469,0.4469,0.4469,0.0,0.4654,0.4654,0.4654,0.4654,0.4654,0.4654,0.4654,0.4654,0.4654,0.4654,0.4654,0.4654,0.4654,0.4654,0.4654,0.4654,0.4654,0.4654,0.4654,0.4654,0.0,0.4562,0.4562,0.4562,0.4562,0.4562,0.4562,0.4562,0.4562,0.4562,0.4562,0.4562,0.4562,0.4562,0.4562,0.4562,0.4562,0.4562,0.4562,0.4562,0.4562,0.4562,
30.981553554534912,6132,6124,6147,6044,6048,6004,6007,6085,5974,5911,5930,5995,5928,5869,5865,5949,5854,5800,5790,5779,0,6087,6085,6088,6033,5978,5979,5982,5925,6002,5950,5951,5904,5934,5896,5834,5876,5794,5828,5826,5784,0,6181,6126,6144,6068,6137,6112,6129,6032,6033,6090,6061,6009,5976,5924,5871,5989,5912,5884,5904,5818,0,6159,6091,6120,6044,6071,6036,6020,5937,6030,5921,5954,5903,5970,5874,5836,5863,5884,5812,5801,5818,0,5803,5878,5834,5821,5723,5798,5786,5776,5719,5672,5666,5732,5738,5592,5655,5612,5584,5565,5626,5508,0,6193,6101,6117,6075,6087,6088,6115,6046,6018,6053,6052,5976,6021,5979,5974,5891,5863,5989,5866,5867,5765,0.4746,0.4469,0.4469,0.4469,0.4469,0.4469,0.4469,0.4469,0.4469,0.4469,0.4469,0.4469,0.4469,0.4469,0.4469,0.4469,0.4469,0.4469,0.4469,0.4469,0.0,0.4746,0.4469,0.4469,0.4469,0.4469,0.4469,0.4469,0.4469,0.4469,0.4469,0.4469,0.4469,0.4469,0.4469,0.4469,0.4469,0.4469,0.4469,0.4469,0.4469,0.0,0.4562,0.4562,0.4562,0.4562,0.4562,0.4562,0.4562,0.4562,0.4562,0.4562,0.4562,0.4562,0.4562,0.4562,0.4562,0.4562,0.4562,0.4562,0.4562,0.4562,0.0,0.4746,0.4469,0.4469,0.4469,0.4469,0.4469,0.4469,0.4469,0.4469,0.4469,0.4469,0.4469,0.4469,0.4469,0.4469,0.4469,0.4469,0.4469,0.4469,0.4469,0.0,0.4376,0.4376,0.4376,0.4376,0.4376,0.4376,0.4376,0.4376,0.4376,0.4376,0.4376,0.4376,0.4376,0.4376,0.4376,0.4376,0.4376,0.4376,0.4376,0.4376,0.0,0.4562,0.4562,0.4562,0.4562,0.4562,0.4562,0.4562,0.4562,0.4562,0.4562,0.4562,0.4562,0.4562,0.4562,0.4562,0.4562,0.4562,0.4562,0.4562,0.4562,0.4562,
31.083099126815796,6132,6124,6147,6044,6048,6004,6007,6085,5974,5911,5930,5995,5928,5869,5865,5949,5854,5800,5790,5779,0,6087,6085,6088,6033,5978,5979,5982,5925,6002,5950,5951,5904,5934,5896,5834,5876,5794,5828,5826,5784,0,5746,5739,5742,5659,5726,5708,5759,5634,5578,5599,5573,5629,5558,5581,5444,5518,5486,5457,5452,5451,0,6159,6091,6120,6044,6071,6036,6020,5937,6030,5921,5954,5903,5970,5874,5836,5863,5884,5812,5801,5818,0,5803,5878,5834,5821,5723,5798,5786,5776,5719,5672,5666,5732,5738,5592,5655,5612,5584,5565,5626,5508,0,5826,5738,5792,5769,5757,5727,5765,5683,5621,5691,5659,5603,5614,5589,5592,5561,5504,5573,5486,5445,5459,0.4746,0.4469,0.4469,0.4469,0.4469,0.4469,0.4469,0.4469,0.4469,0.4469,0.4469,0.4469,0.4469,0.4469,0.4469,0.4469,0.4469,0.4469,0.4469,0.4469,0.0,0.4746,0.4469,0.4469,0.4469,0.4469,0.4469,0.4469,0.4469,0.4469,0.4469,0.4469,0.4469,0.4469,0.4469,0.4469,0.4469,0.4469,0.4469,0.4469,0.4469,0.0,0.4376,0.4188,0.4188,0.4188,0.4188,0.4188,0.4188,0.4188,0.4188,0.4188,0.4188,0.4188,0.4188,0.4188,0.4188,0.4188,0.4188,0.4188,0.4188,0.4188,0.0,0.4746,0.4469,0.4469,0.4469,0.4469,0.4469,0.4469,0.4469,0.4469,0.4469,0.4469,0.4469,0.4469,0.4469,0.4469,0.4469,0.4469,0.4469,0.4469,0.4469,0.0,0.4376,0.4376,0.4376,0.4376,0.4376,0.4376,0.4376,0.4376,0.4376,0.4376,0.4376,0.4376,0.4376,0.4376,0.4376,0.4376,0.4376,0.4376,0.4376,0.4376,0.0,0.4376,0.4376,0.4376,0.4376,0.4376,0.4376,0.4376,0.4376,0.4376,0.4376,0.4376,0.4376,0.4376,0.4376,0.4376,0.4376,0.4376,0.4376,0.4376,0.4376,0.4376,
31.234808206558228,5722,5732,5744,5632,5568,5569,5556,5626,5581,5582,5538,5569,5511,5517,5481,5598,5457,5482,5457,5404,0,5703,5755,5689,5674,5694,5566,5624,5624,5613,5591,5564,5575,5525,5519,5482,5516,5560,5502,5505,5453,0,5746,5739,5742,5659,5726,5708,5759,5634,5578,5599,5573,5629,5558,5581,5444,5518,5486,5457,5452,5451,0,5709,5628,5655,5671,5647,5646,5551,5529,5559,5549,5582,5503,5505,5540,5470,5461,5427,5446,5436,5377,0,5803,5878,5834,5821,5723,5798,5786,5776,5719,5672,5666,5732,5738,5592,5655,5612,5584,5565,5626,5508,0,5826,5738,5792,5769,5757,5727,5765,5683,5621,5691,5659,5603,5614,5589,5592,5561,5504,5573,5486,5445,5459,0.4188,0.4188,0.4188,0.4188,0.4188,0.4188,0.4188,0.4188,0.4188,0.4188,0.4188,0.4188,0.4188,0.4188,0.4188,0.4188,0.4188,0.4188,0.4188,0.4188,0.0,0.4188,0.4188,0.4188,0.4188,0.4188,0.4188,0.4188,0.4188,0.4188,0.4188,0.4188,0.4188,0.4188,0.4188,0.4188,0.4188,0.4188,0.4188,0.4188,0.4188,0.0,0.4376,0.4188,0.4188,0.4188,0.4188,0.4188,0.4188,0.4188,0.4188,0.4188,0.4188,0.4188,0.4188,0.4188,0.4188,0.4188,0.4188,0.4188,0.4188,0.4188,0.0,0.4188,0.4188,0.4188,0.4188,0.4188,0.4188,0.4188,0.4188,0.4188,0.4188,0.4188,0.4188,0.4188,0.4188,0.4188,0.4188,0.4188,0.4188,0.4188,0.4188,0.0,0.4376,0.4376,0.4376,0.4376,0.4376,0.4376,0.4376,0.4376,0.4376,0.4376,0.4376,0.4376,0.4376,0.4376,0.4376,0.4376,0.4376,0.4376,0.4376,0.4376,0.0,0.4376,0.4376,0.4376,0.4376,0.4376,0.4376,0.4376,0.4376,0.4376,0.4376,0.4376,0.4376,0.4376,0.4376,0.4376,0.4376,0.4376,0.4376,0.4376,0.4376,0.4376,
31.336390495300293,5722,5732,5744,5632,5568,5569,5556,5626,5581,5582,5538,5569,5511,5517,5481,5598,5457,5482,5457,5404,0,5703,5755,5689,5674,5694,5566,5624,5624,5613,5591,5564,5575,5525,5519,5482,5516,5560,5502,5505,5453,0,5746,5739,5742,5659,5726,5708,5759,5634,5578,5599,5573,5629,5558,5581,5444,5518,5486,5457,5452,5451,0,5709,5628,5655,5671,5647,5646,5551,5529,5559,5549,5582,5503,5505,5540,5470,5461,5427,5446,5436,5377,0,5803,5878,5834,5821,5723,5798,5786,5776,5719,5672,5666,5732,5738,5592,5655,5612,5584,5565,5626,5508,0,5501,5412,5401,5372,5356,5340,5315,5319,10522,5354,5330,5260,5273,5221,5245,5262,5248,5149,5134,5122,5169,0.4188,0.4188,0.4188,0.4188,0.4188,0.4188,0.4188,0.4188,0.4188,0.4188,0.4188,0.4188,0.4188,0.4188,0.4188,0.4188,0.4188,0.4188,0.4188,0.4188,0.0,0.4188,0.4188,0.4188,0.4188,0.4188,0.4188,0.4188,0.4188,0.4188,0.4188,0.4188,0.4188,0.4188,0.4188,0.4188,0.4188,0.4188,0.4188,0.4188,0.4188,0.0,0.4376,0.4188,0.4188,0.4188,0.4188,0.4188,0.4188,0.4188,0.4188,0.4188,0.4188,0.4188,0.4188,0.4188,0.4188,0.4188,0.4188,0.4188,0.4188,0.4188,0.0,0.4188,0.4188,0.4188,0.4188,0.4188,0.4188,0.4188,0.4188,0.4188,0.4188,0.4188,0.4188,0.4188,0.4188,0.4188,0.4188,0.4188,0.4188,0.4188,0.4188,0.0,0.4376,0.4376,0.4376,0.4376,0.4376,0.4376,0.4376,0.4376,0.4376,0.4376,0.4376,0.4376,0.4376,0.4376,0.4376,0.4376,0.4376,0.4376,0.4376,0.4376,0.0,0.4,0.4,0.4,0.4,0.4,0.4,0.4,0.4,0.4,0.4,0.4,0.4,0.4,0.4,0.4,0.4,0.4,0.4,0.4,0.4,0.4,
31.437952995300293,5722,5732,5744,5632,5568,5569,5556,5626,5581,5582,5538,5569,5511,5517,5481,5598,5457,5482,5457,5404,0,5703,5755,5689,5674,5694,5566,5624,5624,5613,5591,5564,5575,5525,5519,5482,5516,5560,5502,5505,5453,0,5746,5739,5742,5659,5726,5708,5759,5634,5578,5599,5573,5629,5558,5581,5444,5518,5486,5457,5452,5451,0,5709,5628,5655,5671,5647,5646,5551,5529,5559,5549,5582,5503,5505,5540,5470,5461,5427,5446,5436,5377,0,5530,5459,5403,5435,5393,5388,5423,5349,5334,5306,5298,5339,5329,5284,5343,5262,5230,5207,5188,5148,0,5501,5412,5401,5372,5356,5340,5315,5319,10522,5354,5330,5260,5273,5221,5245,5262,5248,5149,5134,5122,5169,0.4188,0.4188,0.4188,0.4188,0.4188,0.4188,0.4188,0.4188,0.4188,0.4188,0.4188,0.4188,0.4188,0.4188,0.4188,0.4188,0.4188,0.4188,0.4188,0.4188,0.0,0.4188,0.4188,0.4188,0.4188,0.4188,0.4188,0.4188,0.4188,0.4188,0.4188,0.4188,0.4188,0.4188,0.4188,0.4188,0.4188,0.4188,0.4188,0.4188,0.4188,0.0,0.4376,0.4188,0.4188,0.4188,0.4188,0.4188,0.4188,0.4188,0.4188,0.4188,0.4188,0.4188,0.4188,0.4188,0.4188,0.4188,0.4188,0.4188,0.4188,0.4188,0.0,0.4188,0.4188,0.4188,0.4188,0.4188,0.4188,0.4188,0.4188,0.4188,0.4188,0.4188,0.4188,0.4188,0.4188,0.4188,0.4188,0.4188,0.4188,0.4188,0.4188,0.0,0.4,0.4,0.4,0.4,0.4,0.4,0.4,0.4,0.4,0.4,0.4,0.4,0.4,0.4,0.4,0.4,0.4,0.4,0.4,0.4,0.0,0.4,0.4,0.4,0.4,0.4,0.4,0.4,0.4,0.4,0.4,0.4,0.4,0.4,0.4,0.4,0.4,0.4,0.4,0.4,0.4,0.4,
31.539704084396362,5722,5732,5744,5632,5568,5569,5556,5626,5581,5582,5538,5569,5511,5517,5481,5598,5457,5482,5457,5404,0,5342,5390,5393,5325,5347,5304,5302,5227,5226,5209,5159,5243,5135,5215,5123,5135,5173,5113,5078,5115,0,5318,5325,5255,5249,5300,5254,5249,5233,5202,5109,5144,5246,5163,5184,5109,5065,10221,5048,5067,5051,0,5311,5356,5244,5321,5305,5304,5279,5281,5184,5240,5263,5179,5119,5185,5174,5120,5042,5076,5048,5026,0,5530,5459,5403,5435,5393,5388,5423,5349,5334,5306,5298,5339,5329,5284,5343,5262,5230,5207,5188,5148,0,5501,5412,5401,5372,5356,5340,5315,5319,10522,5354,5330,5260,5273,5221,5245,5262,5248,5149,5134,5122,5169,0.4188,0.4188,0.4188,0.4188,0.4188,0.4188,0.4188,0.4188,0.4188,0.4188,0.4188,0.4188,0.4188,0.4188,0.4188,0.4188,0.4188,0.4188,0.4188,0.4188,0.0,0.3812,0.3812,0.3812,0.3812,0.3812,0.3812,0.3812,0.3812,0.3812,0.3812,0.3812,0.3812,0.3812,0.3812,0.3812,0.3812,0.3812,0.3812,0.3812,0.3812,0.0,0.3906,0.3906,0.3906,0.3906,0.3906,0.3906,0.3906,0.3906,0.3906,0.3906,0.3906,0.3906,0.3906,0.3906,0.3906,0.3906,0.3906,0.3906,0.3906,0.3906,0.0,0.3906,0.3906,0.3906,0.3906,0.3906,0.3906,0.3906,0.3906,0.3906,0.3906,0.3906,0.3906,0.3906,0.3906,0.3906,0.3906,0.3906,0.3906,0.3906,0.3906,0.0,0.4,0.4,0.4,0.4,0.4,0.4,0.4,0.4,0.4,0.4,0.4,0.4,0.4,0.4,0.4,0.4,0.4,0.4,0.4,0.4,0.0,0.4,0.4,0.4,0.4,0.4,0.4,0.4,0.4,0.4,0.4,0.4,0.4,0.4,0.4,0.4,0.4,0.4,0.4,0.4,0.4,0.4,
31.641249895095825,5369,5324,5309,5277,5238,5264,5281,5211,5240,5247,5175,5156,5095,5134,5158,5164,5054,5093,5092,5025,0,5342,5390,5393,5325,5347,5304,5302,5227,5226,5209,5159,5243,5135,5215,5123,5135,5173,5113,5078,5115,0,5318,5325,5255,5249,5300,5254,5249,5233,5202,5109,5144,5246,5163,5184,5109,5065,10221,5048,5067,5051,0,5311,5356,5244,5321,5305,5304,5279,5281,5184,5240,5263,5179,5119,5185,5174,5120,5042,5076,5048,5026,0,5530,5459,5403,5435,5393,5388,5423,5349,5334,5306,5298,5339,5329,5284,5343,5262,5230,5207,5188,5148,0,5501,5412,5401,5372,5356,5340,5315,5319,10522,5354,5330,5260,5273,5221,5245,5262,5248,5149,5134,5122,5169,0.3812,0.3812,0.3812,0.3812,0.3812,0.3812,0.3812,0.3812,0.3812,0.3812,0.3812,0.3812,0.3812,0.3812,0.3812,0.3812,0.3812,0.3812,0.3812,0.3812,0.0,0.3812,0.3812,0.3812,0.3812,0.3812,0.3812,0.3812,0.3812,0.3812,0.3812,0.3812,0.3812,0.3812,0.3812,0.3812,0.3812,0.3812,0.3812,0.3812,0.3812,0.0,0.3906,0.3906,0.3906,0.3906,0.3906,0.3906,0.3906,0.3906,0.3906,0.3906,0.3906,0.3906,0.3906,0.3906,0.3906,0.3906,0.3906,0.3906,0.3906,0.3906,0.0,0.3906,0.3906,0.3906,0.3906,0.3906,0.3906,0.3906,0.3906,0.3906,0.3906,0.3906,0.3906,0.3906,0.3906,0.3906,0.3906,0.3906,0.3906,0.3906,0.3906,0.0,0.4,0.4,0.4,0.4,0.4,0.4,0.4,0.4,0.4,0.4,0.4,0.4,0.4,0.4,0.4,0.4,0.4,0.4,0.4,0.4,0.0,0.4,0.4,0.4,0.4,0.4,0.4,0.4,0.4,0.4,0.4,0.4,0.4,0.4,0.4,0.4,0.4,0.4,0.4,0.4,0.4,0.4,
31.74300765991211,5369,5324,5309,5277,5238,5264,5281,5211,5240,5247,5175,5156,5095,5134,5158,5164,5054,5093,5092,5025,0,5342,5390,5393,5325,5347,5304,5302,5227,5226,5209,5159,5243,5135,5215,5123,5135,5173,5113,5078,5115,0,5318,5325,5255,5249,5300,5254,5249,5233,5202,5109,5144,5246,5163,5184,5109,5065,10221,5048,5067,5051,0,5311,5356,5244,5321,5305,5304,5279,5281,5184,5240,5263,5179,5119,5185,5174,5120,5042,5076,5048,5026,0,5530,5459,5403,5435,5393,5388,5423,5349,5334,5306,5298,5339,5329,5284,5343,5262,5230,5207,5188,5148,0,5179,5129,5042,5029,4992,5039,4954,5020,4970,4970,4976,4911,4931,4878,4904,4906,4954,4790,4857,4816,4800,0.3812,0.3812,0.3812,0.3812,0.3812,0.3812,0.3812,0.3812,0.3812,0.3812,0.3812,0.3812,0.3812,0.3812,0.3812,0.3812,0.3812,0.3812,0.3812,0.3812,0.0,0.3812,0.3812,0.3812,0.3812,0.3812,0.3812,0.3812,0.3812,0.3812,0.3812,0.3812,0.3812,0.3812,0.3812,0.3812,0.3812,0.3812,0.3812,0.3812,0.3812,0.0,0.3906,0.3906,0.3906,0.3906,0.3906,0.3906,0.3906,0.3906,0.3906,0.3906,0.3906,0.3906,0.3906,0.3906,0.3906,0.3906,0.3906,0.3906,0.3906,0.3906,0.0,0.3906,0.3906,0.3906,0.3906,0.3906,0.3906,0.3906,0.3906,0.3906,0.3906,0.3906,0.3906,0.3906,0.3906,0.3906,0.3906,0.3906,0.3906,0.3906,0.3906,0.0,0.4,0.4,0.4,0.4,0.4,0.4,0.4,0.4,0.4,0.4,0.4,0.4,0.4,0.4,0.4,0.4,0.4,0.4,0.4,0.4,0.0,0.3718,0.3718,0.3718,0.3718,0.3718,0.3718,0.3718,0.3718,0.3718,0.3718,0.3718,0.3718,0.3718,0.3718,0.3718,0.3718,0.3718,0.3718,0.3718,0.3718,0.3718,
31.844529151916504,5369,5324,5309,5277,5238,5264,5281,5211,5240,5247,5175,5156,5095,5134,5158,5164,5054,5093,5092,5025,0,5342,5390,5393,5325,5347,5304,5302,5227,5226,5209,5159,5243,5135,5215,5123,5135,5173,5113,5078,5115,0,5318,5325,5255,5249,5300,5254,5249,5233,5202,5109,5144,5246,5163,5184,5109,5065,10221,5048,5067,5051,0,5311,5356,5244,5321,5305,5304,5279,5281,5184,5240,5263,5179,5119,5185,5174,5120,5042,5076,5048,5026,0,5164,5077,5065,5049,5012,4982,4985,4925,4935,4896,4873,4880,4861,4846,4842,4785,4778,4729,4691,4708,0,5179,5129,5042,5029,4992,5039,4954,5020,4970,4970,4976,4911,4931,4878,4904,4906,4954,4790,4857,4816,4800,0.3812,0.3812,0.3812,0.3812,0.3812,0.3812,0.3812,0.3812,0.3812,0.3812,0.3812,0.3812,0.3812,0.3812,0.3812,0.3812,0.3812,0.3812,0.3812,0.3812,0.0,0.3812,0.3812,0.3812,0.3812,0.3812,0.3812,0.3812,0.3812,0.3812,0.3812,0.3812,0.3812,0.3812,0.3812,0.3812,0.3812,0.3812,0.3812,0.3812,0.3812,0.0,0.3906,0.3906,0.3906,0.3906,0.3906,0.3906,0.3906,0.3906,0.3906,0.3906,0.3906,0.3906,0.3906,0.3906,0.3906,0.3906,0.3906,0.3906,0.3906,0.3906,0.0,0.3906,0.3906,0.3906,0.3906,0.3906,0.3906,0.3906,0.3906,0.3906,0.3906,0.3906,0.3906,0.3906,0.3906,0.3906,0.3906,0.3906,0.3906,0.3906,0.3906,0.0,0.3624,0.3624,0.3624,0.3624,0.3624,0.3624,0.3624,0.3624,0.3624,0.3624,0.3624,0.3624,0.3624,0.3624,0.3624,0.3624,0.3624,0.3624,0.3624,0.3624,0.0,0.3718,0.3718,0.3718,0.3718,0.3718,0.3718,0.3718,0.3718,0.3718,0.3718,0.3718,0.3718,0.3718,0.3718,0.3718,0.3718,0.3718,0.3718,0.3718,0.3718,0.3718,
31.996245622634888,5369,5324,5309,5277,5238,5264,5281,5211,5240,5247,5175,5156,5095,5134,5158,5164,5054,5093,5092,5025,0,4956,4954,4952,4904,4939,4925,4863,4811,4828,4822,4806,4833,4835,4775,4705,4696,4716,4658,4633,4650,0,4980,4986,4893,4926,4901,4834,4781,4844,4844,4767,4806,4786,4752,4756,4747,4675,4706,4654,4687,4634,0,4919,4981,4880,4919,4907,4901,4876,4856,4844,4828,4813,4770,4807,4750,4682,4704,4675,4675,4625,4645,0,5164,5077,5065,5049,5012,4982,4985,4925,4935,4896,4873,4880,4861,4846,4842,4785,4778,4729,4691,4708,0,5179,5129,5042,5029,4992,5039,4954,5020,4970,4970,4976,4911,4931,4878,4904,4906,4954,4790,4857,4816,4800,0.3812,0.3812,0.3812,0.3812,0.3812,0.3812,0.3812,0.3812,0.3812,0.3812,0.3812,0.3812,0.3812,0.3812,0.3812,0.3812,0.3812,0.3812,0.3812,0.3812,0.0,0.3438,0.3438,0.3438,0.3438,0.3438,0.3438,0.3438,0.3438,0.3438,0.3438,0.3438,0.3438,0.3438,0.3438,0.3438,0.3438,0.3438,0.3438,0.3438,0.3438,0.0,0.3531,0.3531,0.3531,0.3531,0.3531,0.3531,0.3531,0.3531,0.3531,0.3531,0.3531,0.3531,0.3531,0.3531,0.3531,0.3531,0.3531,0.3531,0.3531,0.3531,0.0,0.3531,0.3531,0.3531,0.3531,0.3531,0.3531,0.3531,0.3531,0.3531,0.3531,0.3531,0.3531,0.3531,0.3531,0.3531,0.3531,0.3531,0.3531,0.3531,0.3531,0.0,0.3624,0.3624,0.3624,0.3624,0.3624,0.3624,0.3624,0.3624,0.3624,0.3624,0.3624,0.3624,0.3624,0.3624,0.3624,0.3624,0.3624,0.3624,0.3624,0.3624,0.0,0.3718,0.3718,0.3718,0.3718,0.3718,0.3718,0.3718,0.3718,0.3718,0.3718,0.3718,0.3718,0.3718,0.3718,0.3718,0.3718,0.3718,0.3718,0.3718,0.3718,0.3718,
32.14799642562866,4936,4874,4855,4871,4922,4839,4912,4821,4806,4852,4756,4738,4708,4680,4706,4682,4649,4647,4650,4605,0,4956,4954,4952,4904,4939,4925,4863,4811,4828,4822,4806,4833,4835,4775,4705,4696,4716,4658,4633,4650,0,4980,4986,4893,4926,4901,4834,4781,4844,4844,4767,4806,4786,4752,4756,4747,4675,4706,4654,4687,4634,0,4919,4981,4880,4919,4907,4901,4876,4856,4844,4828,4813,4770,4807,4750,4682,4704,4675,4675,4625,4645,0,5164,5077,5065,5049,5012,4982,4985,4925,4935,4896,4873,4880,4861,4846,4842,4785,4778,4729,4691,4708,0,4779,4792,4707,4668,4699,4712,4702,4658,4667,4575,4569,4548,4501,4537,4542,4505,4545,4515,4483,4455,4326,0.3718,0.3438,0.3438,0.3438,0.3438,0.3438,0.3438,0.3438,0.3438,0.3438,0.3438,0.3438,0.3438,0.3438,0.3438,0.3438,0.3438,0.3438,0.3438,0.3438,0.0,0.3438,0.3438,0.3438,0.3438,0.3438,0.3438,0.3438,0.3438,0.3438,0.3438,0.3438,0.3438,0.3438,0.3438,0.3438,0.3438,0.3438,0.3438,0.3438,0.3438,0.0,0.3531,0.3531,0.3531,0.3531,0.3531,0.3531,0.3531,0.3531,0.3531,0.3531,0.3531,0.3531,0.3531,0.3531,0.3531,0.3531,0.3531,0.3531,0.3531,0.3531,0.0,0.3531,0.3531,0.3531,0.3531,0.3531,0.3531,0.3531,0.3531,0.3531,0.3531,0.3531,0.3531,0.3531,0.3531,0.3531,0.3531,0.3531,0.3531,0.3531,0.3531,0.0,0.3624,0.3624,0.3624,0.3624,0.3624,0.3624,0.3624,0.3624,0.3624,0.3624,0.3624,0.3624,0.3624,0.3624,0.3624,0.3624,0.3624,0.3624,0.3624,0.3624,0.0,0.3346,0.3346,0.3346,0.3346,0.3346,0.3346,0.3346,0.3346,0.3346,0.3346,0.3346,0.3346,0.3346,0.3346,0.3346,0.3346,0.3346,0.3346,0.3346,0.3346,0.3346,
32.24970555305481,4936,4874,4855,4871,4922,4839,4912,4821,4806,4852,4756,4738,4708,4680,4706,4682,4649,4647,4650,4605,0,4956,4954,4952,4904,4939,4925,4863,4811,4828,4822,4806,4833,4835,4775,4705,4696,4716,4658,4633,4650,0,4980,4986,4893,4926,4901,4834,4781,4844,4844,4767,4806,4786,4752,4756,4747,4675,4706,4654,4687,4634,0,4919,4981,4880,4919,4907,4901,4876,4856,4844,4828,4813,4770,4807,4750,4682,4704,4675,4675,4625,4645,0,5164,5077,5065,5049,5012,4982,4985,4925,4935,4896,4873,4880,4861,4846,4842,4785,4778,4729,4691,4708,0,4779,4792,4707,4668,4699,4712,4702,4658,4667,4575,4569,4548,4501,4537,4542,4505,4545,4515,4483,4455,4326,0.3718,0.3438,0.3438,0.3438,0.3438,0.3438,0.3438,0.3438,0.3438,0.3438,0.3438,0.3438,0.3438,0.3438,0.3438,0.3438,0.3438,0.3438,0.3438,0.3438,0.0,0.3438,0.3438,0.3438,0.3438,0.3438,0.3438,0.3438,0.3438,0.3438,0.3438,0.3438,0.3438,0.3438,0.3438,0.3438,0.3438,0.3438,0.3438,0.3438,0.3438,0.0,0.3531,0.3531,0.3531,0.3531,0.3531,0.3531,0.3531,0.3531,0.3531,0.3531,0.3531,0.3531,0.3531,0.3531,0.3531,0.3531,0.3531,0.3531,0.3531,0.3531,0.0,0.3531,0.3531,0.3531,0.3531,0.3531,0.3531,0.3531,0.3531,0.3531,0.3531,0.3531,0.3531,0.3531,0.3531,0.3531,0.3531,0.3531,0.3531,0.3531,0.3531,0.0,0.3624,0.3624,0.3624,0.3624,0.3624,0.3624,0.3624,0.3624,0.3624,0.3624,0.3624,0.3624,0.3624,0.3624,0.3624,0.3624,0.3624,0.3624,0.3624,0.3624,0.0,0.3346,0.3346,0.3346,0.3346,0.3346,0.3346,0.3346,0.3346,0.3346,0.3346,0.3346,0.3346,0.3346,0.3346,0.3346,0.3346,0.3346,0.3346,0.3346,0.3346,0.3346,
32.45171403884888,4511,4489,4455,4480,4518,4441,4488,4406,4407,4447,4358,4324,4330,4297,4260,4222,4269,4202,4223,4199,0,4564,4506,4511,4478,4540,4537,4421,4389,4430,4425,4372,4366,4406,4303,4287,4282,4253,4225,4184,4199,0,4613,4589,4567,4520,4484,4477,4433,4443,4381,4387,4385,4307,4308,4300,4332,4252,4229,4168,4223,4157,0,4548,4507,4464,4510,4454,4418,4360,4346,4391,4369,4329,4319,4343,4255,4189,4245,4265,4220,4178,4171,0,4652,4610,4599,4544,4526,4550,4522,4542,4517,4483,4401,4423,4425,4397,4337,4362,4358,4296,4334,4273,0,4779,4792,4707,4668,4699,4712,4702,4658,4667,4575,4569,4548,4501,4537,4542,4505,4545,4515,4483,4455,4326,0.3254,0.2984,0.2984,0.2984,0.2984,0.2984,0.2984,0.2984,0.2984,0.2984,0.2984,0.2984,0.2984,0.2984,0.2984,0.2984,0.2984,0.2984,0.2984,0.2984,0.0,0.3346,0.2984,0.2984,0.2984,0.2984,0.2984,0.2984,0.2984,0.2984,0.2984,0.2984,0.2984,0.2984,0.2984,0.2984,0.2984,0.2984,0.2984,0.2984,0.2984,0.0,0.3163,0.3163,0.3163,0.3163,0.3163,0.3163,0.3163,0.3163,0.3163,0.3163,0.3163,0.3163,0.3163,0.3163,0.3163,0.3163,0.3163,0.3163,0.3163,0.3163,0.0,0.3346,0.3073,0.3073,0.3073,0.3073,0.3073,0.3073,0.3073,0.3073,0.3073,0.3073,0.3073,0.3073,0.3073,0.3073,0.3073,0.3073,0.3073,0.3073,0.3073,0.0,0.3254,0.3254,0.3254,0.3254,0.3254,0.3254,0.3254,0.3254,0.3254,0.3254,0.3254,0.3254,0.3254,0.3254,0.3254,0.3254,0.3254,0.3254,0.3254,0.3254,0.0,0.3346,0.3346,0.3346,0.3346,0.3346,0.3346,0.3346,0.3346,0.3346,0.3346,0.3346,0.3346,0.3346,0.3346,0.3346,0.3346,0.3346,0.3346,0.3346,0.3346,0.3346,
32.55325722694397,4511,4489,4455,4480,4518,4441,4488,4406,4407,4447,4358,4324,4330,4297,4260,4222,4269,4202,4223,4199,0,4564,4506,4511,4478,4540,4537,4421,4389,4430,4425,4372,4366,4406,4303,4287,4282,4253,4225,4184,4199,0,4613,4589,4567,4520,4484,4477,4433,4443,4381,4387,4385,4307,4308,4300,4332,4252,4229,4168,4223,4157,0,4548,4507,4464,4510,4454,4418,4360,4346,4391,4369,4329,4319,4343,4255,4189,4245,4265,4220,4178,4171,0,4652,4610,4599,4544,4526,4550,4522,4542,4517,4483,4401,4423,4425,4397,4337,4362,4358,4296,4334,4273,0,4386,4361,4368,4325,4376,4339,4339,4239,4239,4193,4171,4153,4110,4130,4089,4026,4025,4074,4045,3985,3991,0.3254,0.2984,0.2984,0.2984,0.2984,0.2984,0.2984,0.2984,0.2984,0.2984,0.2984,0.2984,0.2984,0.2984,0.2984,0.2984,0.2984,0.2984,0.2984,0.2984,0.0,0.3346,0.2984,0.2984,0.2984,0.2984,0.2984,0.2984,0.2984,0.2984,0.2984,0.2984,0.2984,0.2984,0.2984,0.2984,0.2984,0.2984,0.2984,0.2984,0.2984,0.0,0.3163,0.3163,0.3163,0.3163,0.3163,0.3163,0.3163,0.3163,0.3163,0.3163,0.3163,0.3163,0.3163,0.3163,0.3163,0.3163,0.3163,0.3163,0.3163,0.3163,0.0,0.3346,0.3073,0.3073,0.3073,0.3073,0.3073,0.3073,0.3073,0.3073,0.3073,0.3073,0.3073,0.3073,0.3073,0.3073,0.3073,0.3073,0.3073,0.3073,0.3073,0.0,0.3254,0.3254,0.3254,0.3254,0.3254,0.3254,0.3254,0.3254,0.3254,0.3254,0.3254,0.3254,0.3254,0.3254,0.3254,0.3254,0.3254,0.3254,0.3254,0.3254,0.0,0.2984,0.2984,0.2984,0.2984,0.2984,0.2984,0.2984,0.2984,0.2984,0.2984,0.2984,0.2984,0.2984,0.2984,0.2984,0.2984,0.2984,0.2984,0.2984,0.2984,0.2984,
32.655083894729614,4511,4489,4455,4480,4518,4441,4488,4406,4407,4447,4358,4324,4330,4297,4260,4222,4269,4202,4223,4199,0,4564,4506,4511,4478,4540,4537,4421,4389,4430,4425,4372,4366,4406,4303,4287,4282,4253,4225,4184,4199,0,4613,4589,4567,4520,4484,4477,4433,4443,4381,4387,4385,4307,4308,4300,4332,4252,4229,4168,4223,4157,0,4548,4507,4464,4510,4454,4418,4360,4346,4391,4369,4329,4319,4343,4255,4189,4245,4265,4220,4178,4171,0,4652,4610,4599,4544,4526,4550,4522,4542,4517,4483,4401,4423,4425,4397,4337,4362,4358,4296,4334,4273,0,4386,4361,4368,4325,4376,4339,4339,4239,4239,4193,4171,4153,4110,4130,4089,4026,4025,4074,4045,3985,3991,0.3254,0.2984,0.2984,0.2984,0.2984,0.2984,0.2984,0.2984,0.2984,0.2984,0.2984,0.2984,0.2984,0.2984,0.2984,0.2984,0.2984,0.2984,0.2984,0.2984,0.0,0.3346,0.2984,0.2984,0.2984,0.2984,0.2984,0.2984,0.2984,0.2984,0.2984,0.2984,0.2984,0.2984,0.2984,0.2984,0.2984,0.2984,0.2984,0.2984,0.2984,0.0,0.3163,0.3163,0.3163,0.3163,0.3163,0.3163,0.3163,0.3163,0.3163,0.3163,0.3163,0.3163,0.3163,0.3163,0.3163,0.3163,0.3163,0.3163,0.3163,0.3163,0.0,0.3346,0.3073,0.3073,0.3073,0.3073,0.3073,0.3073,0.3073,0.3073,0.3073,0.3073,0.3073,0.3073,0.3073,0.3073,0.3073,0.3073,0.3073,0.3073,0.3073,0.0,0.3254,0.3254,0.3254,0.3254,0.3254,0.3254,0.3254,0.3254,0.3254,0.3254,0.3254,0.3254,0.3254,0.3254,0.3254,0.3254,0.3254,0.3254,0.3254,0.3254,0.0,0.2984,0.2984,0.2984,0.2984,0.2984,0.2984,0.2984,0.2984,0.2984,0.2984,0.2984,0.2984,0.2984,0.2984,0.2984,0.2984,0.2984,0.2984,0.2984,0.2984,0.2984,
32.75684571266174,4511,4489,4455,4480,4518,4441,4488,4406,4407,4447,4358,4324,4330,4297,4260,4222,4269,4202,4223,4199,0,4564,4506,4511,4478,4540,4537,4421,4389,4430,4425,4372,4366,4406,4303,4287,4282,4253,4225,4184,4199,0,4613,4589,4567,4520,4484,4477,4433,4443,4381,4387,4385,4307,4308,4300,4332,4252,4229,4168,4223,4157,0,4548,4507,4464,4510,4454,4418,4360,4346,4391,4369,4329,4319,4343,4255,4189,4245,4265,4220,4178,4171,0,4158,4184,4162,4133,4117,4131,4093,4103,4077,4049,3975,3976,4006,3940,3907,3921,3857,3838,3889,3807,0,4386,4361,4368,4325,4376,4339,4339,4239,4239,4193,4171,4153,4110,4130,4089,4026,4025,4074,4045,3985,3991,0.3254,0.2984,0.2984,0.2984,0.2984,0.2984,0.2984,0.2984,0.2984,0.2984,0.2984,0.2984,0.2984,0.2984,0.2984,0.2984,0.2984,0.2984,0.2984,0.2984,0.0,0.3346,0.2984,0.2984,0.2984,0.2984,0.2984,0.2984,0.2984,0.2984,0.2984,0.2984,0.2984,0.2984,0.2984,0.2984,0.2984,0.2984,0.2984,0.2984,0.2984,0.0,0.3163,0.3163,0.3163,0.3163,0.3163,0.3163,0.3163,0.3163,0.3163,0.3163,0.3163,0.3163,0.3163,0.3163,0.3163,0.3163,0.3163,0.3163,0.3163,0.3163,0.0,0.3346,0.3073,0.3073,0.3073,0.3073,0.3073,0.3073,0.3073,0.3073,0.3073,0.3073,0.3073,0.3073,0.3073,0.3073,0.3073,0.3073,0.3073,0.3073,0.3073,0.0,0.2809,0.2809,0.2809,0.2809,0.2809,0.2809,0.2809,0.2809,0.2809,0.2809,0.2809,0.2809,0.2809,0.2809,0.2809,0.2809,0.2809,0.2809,0.2809,0.2809,0.0,0.2984,0.2984,0.2984,0.2984,0.2984,0.2984,0.2984,0.2984,0.2984,0.2984,0.2984,0.2984,0.2984,0.2984,0.2984,0.2984,0.2984,0.2984,0.2984,0.2984,0.2984,
32.8583927154541,4084,4088,4094,4060,4062,3992,3981,4016,3964,3991,3922,3906,3897,3865,3825,3807,3800,3757,3769,3733,0,4125,4092,4087,4064,4084,4038,4003,3983,3984,4016,3932,3946,3946,3856,3805,3837,3757,3781,3773,3730,0,4165,4071,4100,4034,3998,4014,3949,3939,3884,3911,3876,3800,3781,3796,3785,3762,3739,3613,3706,3664,0,4076,3965,3988,4017,3957,3925,3867,3895,3943,3907,3862,3881,3855,3788,3727,3766,3784,3737,3708,3713,0,4158,4184,4162,4133,4117,4131,4093,4103,4077,4049,3975,3976,4006,3940,3907,3921,3857,3838,3889,3807,0,4386,4361,4368,4325,4376,4339,4339,4239,4239,4193,4171,4153,4110,4130,4089,4026,4025,4074,4045,3985,3991,0.2638,0.2638,0.2638,0.2638,0.2638,0.2638,0.2638,0.2638,0.2638,0.2638,0.2638,0.2638,0.2638,0.2638,0.2638,0.2638,0.2638,0.2638,0.2638,0.2638,0.0,0.2809,0.2809,0.2809,0.2809,0.2809,0.2809,0.2809,0.2809,0.2809,0.2809,0.2809,0.2809,0.2809,0.2809,0.2809,0.2809,0.2809,0.2809,0.2809,0.2809,0.0,0.2809,0.2809,0.2809,0.2809,0.2809,0.2809,0.2809,0.2809,0.2809,0.2809,0.2809,0.2809,0.2809,0.2809,0.2809,0.2809,0.2809,0.2809,0.2809,0.2809,0.0,0.2809,0.2809,0.2809,0.2809,0.2809,0.2809,0.2809,0.2809,0.2809,0.2809,0.2809,0.2809,0.2809,0.2809,0.2809,0.2809,0.2809,0.2809,0.2809,0.2809,0.0,0.2809,0.2809,0.2809,0.2809,0.2809,0.2809,0.2809,0.2809,0.2809,0.2809,0.2809,0.2809,0.2809,0.2809,0.2809,0.2809,0.2809,0.2809,0.2809,0.2809,0.0,0.2984,0.2984,0.2984,0.2984,0.2984,0.2984,0.2984,0.2984,0.2984,0.2984,0.2984,0.2984,0.2984,0.2984,0.2984,0.2984,0.2984,0.2984,0.2984,0.2984,0.2984,
33.01065993309021,4084,4088,4094,4060,4062,3992,3981,4016,3964,3991,3922,3906,3897,3865,3825,3807,3800,3757,3769,3733,0,4125,4092,4087,4064,4084,4038,4003,3983,3984,4016,3932,3946,3946,3856,3805,3837,3757,3781,3773,3730,0,4165,4071,4100,4034,3998,4014,3949,3939,3884,3911,3876,3800,3781,3796,3785,3762,3739,3613,3706,3664,0,4076,3965,3988,4017,3957,3925,3867,3895,3943,3907,3862,3881,3855,3788,3727,3766,3784,3737,3708,3713,0,4158,4184,4162,4133,4117,4131,4093,4103,4077,4049,3975,3976,4006,3940,3907,3921,3857,3838,3889,3807,0,4013,3864,3861,3861,3901,3827,3844,3750,3737,3727,3696,3706,3644,3629,3581,3531,3515,3582,3536,3499,3565,0.2638,0.2638,0.2638,0.2638,0.2638,0.2638,0.2638,0.2638,0.2638,0.2638,0.2638,0.2638,0.2638,0.2638,0.2638,0.2638,0.2638,0.2638,0.2638,0.2638,0.0,0.2809,0.2809,0.2809,0.2809,0.2809,0.2809,0.2809,0.2809,0.2809,0.2809,0.2809,0.2809,0.2809,0.2809,0.2809,0.2809,0.2809,0.2809,0.2809,0.2809,0.0,0.2809,0.2809,0.2809,0.2809,0.2809,0.2809,0.2809,0.2809,0.2809,0.2809,0.2809,0.2809,0.2809,0.2809,0.2809,0.2809,0.2809,0.2809,0.2809,0.2809,0.0,0.2809,0.2809,0.2809,0.2809,0.2809,0.2809,0.2809,0.2809,0.2809,0.2809,0.2809,0.2809,0.2809,0.2809,0.2809,0.2809,0.2809,0.2809,0.2809,0.2809,0.0,0.2809,0.2809,0.2809,0.2809,0.2809,0.2809,0.2809,0.2809,0.2809,0.2809,0.2809,0.2809,0.2809,0.2809,0.2809,0.2809,0.2809,0.2809,0.2809,0.2809,0.0,0.2638,0.2638,0.2638,0.2638,0.2638,0.2638,0.2638,0.2638,0.2638,0.2638,0.2638,0.2638,0.2638,0.2638,0.2638,0.2638,0.2638,0.2638,0.2638,0.2638,0.2638,
33.11223578453064,4084,4088,4094,4060,4062,3992,3981,4016,3964,3991,3922,3906,3897,3865,3825,3807,3800,3757,3769,3733,0,4125,4092,4087,4064,4084,4038,4003,3983,3984,4016,3932,3946,3946,3856,3805,3837,3757,3781,3773,3730,0,4165,4071,4100,4034,3998,4014,3949,3939,3884,3911,3876,3800,3781,3796,3785,3762,3739,3613,3706,3664,0,4076,3965,3988,4017,3957,3925,3867,3895,3943,3907,3862,3881,3855,3788,3727,3766,3784,3737,3708,3713,0,4158,4184,4162,4133,4117,4131,4093,4103,4077,4049,3975,3976,4006,3940,3907,3921,3857,3838,3889,3807,0,4013,3864,3861,3861,3901,3827,3844,3750,3737,3727,3696,3706,3644,3629,3581,3531,3515,3582,3536,3499,3565,0.2638,0.2638,0.2638,0.2638,0.2638,0.2638,0.2638,0.2638,0.2638,0.2638,0.2638,0.2638,0.2638,0.2638,0.2638,0.2638,0.2638,0.2638,0.2638,0.2638,0.0,0.2809,0.2809,0.2809,0.2809,0.2809,0.2809,0.2809,0.2809,0.2809,0.2809,0.2809,0.2809,0.2809,0.2809,0.2809,0.2809,0.2809,0.2809,0.2809,0.2809,0.0,0.2809,0.2809,0.2809,0.2809,0.2809,0.2809,0.2809,0.2809,0.2809,0.2809,0.2809,0.2809,0.2809,0.2809,0.2809,0.2809,0.2809,0.2809,0.2809,0.2809,0.0,0.2809,0.2809,0.2809,0.2809,0.2809,0.2809,0.2809,0.2809,0.2809,0.2809,0.2809,0.2809,0.2809,0.2809,0.2809,0.2809,0.2809,0.2809,0.2809,0.2809,0.0,0.2809,0.2809,0.2809,0.2809,0.2809,0.2809,0.2809,0.2809,0.2809,0.2809,0.2809,0.2809,0.2809,0.2809,0.2809,0.2809,0.2809,0.2809,0.2809,0.2809,0.0,0.2638,0.2638,0.2638,0.2638,0.2638,0.2638,0.2638,0.2638,0.2638,0.2638,0.2638,0.2638,0.2638,0.2638,0.2638,0.2638,0.2638,0.2638,0.2638,0.2638,0.2638,
33.21379518508911,4084,4088,4094,4060,4062,3992,3981,4016,3964,3991,3922,3906,3897,3865,3825,3807,3800,3757,3769,3733,0,4125,4092,4087,4064,4084,4038,4003,3983,3984,4016,3932,3946,3946,3856,3805,3837,3757,3781,3773,3730,0,4165,4071,4100,4034,3998,4014,3949,3939,3884,3911,3876,3800,3781,3796,3785,3762,3739,3613,3706,3664,0,4076,3965,3988,4017,3957,3925,3867,3895,3943,3907,3862,3881,3855,3788,3727,3766,3784,3737,3708,3713,0,4158,4184,4162,4133,4117,4131,4093,4103,4077,4049,3975,3976,4006,3940,3907,3921,3857,3838,3889,3807,0,4013,3864,3861,3861,3901,3827,3844,3750,3737,3727,3696,3706,3644,3629,3581,3531,3515,3582,3536,3499,3565,0.2638,0.2638,0.2638,0.2638,0.2638,0.2638,0.2638,0.2638,0.2638,0.2638,0.2638,0.2638,0.2638,0.2638,0.2638,0.2638,0.2638,0.2638,0.2638,0.2638,0.0,0.2809,0.2809,0.2809,0.2809,0.2809,0.2809,0.2809,0.2809,0.2809,0.2809,0.2809,0.2809,0.2809,0.2809,0.2809,0.2809,0.2809,0.2809,0.2809,0.2809,0.0,0.2809,0.2809,0.2809,0.2809,0.2809,0.2809,0.2809,0.2809,0.2809,0.2809,0.2809,0.2809,0.2809,0.2809,0.2809,0.2809,0.2809,0.2809,0.2809,0.2809,0.0,0.2809,0.2809,0.2809,0.2809,0.2809,0.2809,0.2809,0.2809,0.2809,0.2809,0.2809,0.2809,0.2809,0.2809,0.2809,0.2809,0.2809,0.2809,0.2809,0.2809,0.0,0.2809,0.2809,0.2809,0.2809,0.2809,0.2809,0.2809,0.2809,0.2809,0.2809,0.2809,0.2809,0.2809,0.2809,0.2809,0.2809,0.2809,0.2809,0.2809,0.2809,0.0,0.2638,0.2638,0.2638,0.2638,0.2638,0.2638,0.2638,0.2638,0.2638,0.2638,0.2638,0.2638,0.2638,0.2638,0.2638,0.2638,0.2638,0.2638,0.2638,0.2638,0.2638,
33.31561350822449,4084,4088,4094,4060,4062,3992,3981,4016,3964,3991,3922,3906,3897,3865,3825,3807,3800,3757,3769,3733,0,4125,4092,4087,4064,4084,4038,4003,3983,3984,4016,3932,3946,3946,3856,3805,3837,3757,3781,3773,3730,0,4165,4071,4100,4034,3998,4014,3949,3939,3884,3911,3876,3800,3781,3796,3785,3762,3739,3613,3706,3664,0,4076,3965,3988,4017,3957,3925,3867,3895,3943,3907,3862,3881,3855,3788,3727,3766,3784,3737,3708,3713,0,3693,3733,3686,3641,3651,3631,3604,3595,3582,3529,3514,3488,3510,3431,3429,3402,3376,3330,3377,3327,0,4013,3864,3861,3861,3901,3827,3844,3750,3737,3727,3696,3706,3644,3629,3581,3531,3515,3582,3536,3499,3565,0.2638,0.2638,0.2638,0.2638,0.2638,0.2638,0.2638,0.2638,0.2638,0.2638,0.2638,0.2638,0.2638,0.2638,0.2638,0.2638,0.2638,0.2638,0.2638,0.2638,0.0,0.2809,0.2809,0.2809,0.2809,0.2809,0.2809,0.2809,0.2809,0.2809,0.2809,0.2809,0.2809,0.2809,0.2809,0.2809,0.2809,0.2809,0.2809,0.2809,0.2809,0.0,0.2809,0.2809,0.2809,0.2809,0.2809,0.2809,0.2809,0.2809,0.2809,0.2809,0.2809,0.2809,0.2809,0.2809,0.2809,0.2809,0.2809,0.2809,0.2809,0.2809,0.0,0.2809,0.2809,0.2809,0.2809,0.2809,0.2809,0.2809,0.2809,0.2809,0.2809,0.2809,0.2809,0.2809,0.2809,0.2809,0.2809,0.2809,0.2809,0.2809,0.2809,0.0,0.2473,0.2237,0.2237,0.2237,0.2237,0.2237,0.2237,0.2237,0.2237,0.2237,0.2237,0.2237,0.2237,0.2237,0.2237,0.2237,0.2237,0.2237,0.2237,0.2237,0.0,0.2638,0.2638,0.2638,0.2638,0.2638,0.2638,0.2638,0.2638,0.2638,0.2638,0.2638,0.2638,0.2638,0.2638,0.2638,0.2638,0.2638,0.2638,0.2638,0.2638,0.2638,
33.417179346084595,3616,3630,3625,3579,3548,3500,3477,3524,3485,3484,3433,3407,3376,3371,3308,3301,3279,3254,3252,3240,0,3693,3660,3658,3610,3632,3539,3549,3504,3510,3495,3428,3453,3418,3351,3319,3330,3259,3322,3299,3257,0,3636,3553,3564,3501,3471,3473,3455,3427,3369,3388,3357,3372,3285,3315,3270,3247,3232,3197,3195,3166,0,3657,3579,3541,3546,3523,3483,3466,3469,3478,3428,3369,3407,3340,3324,3310,3297,3269,3264,3193,3218,0,3693,3733,3686,3641,3651,3631,3604,3595,3582,3529,3514,3488,3510,3431,3429,3402,3376,3330,3377,3327,0,4013,3864,3861,3861,3901,3827,3844,3750,3737,3727,3696,3706,3644,3629,3581,3531,3515,3582,3536,3499,3565,0.2393,0.2237,0.2237,0.2237,0.2237,0.2237,0.2237,0.2237,0.2237,0.2237,0.2237,0.2237,0.2237,0.2237,0.2237,0.2237,0.2237,0.2237,0.2237,0.2237,0.0,0.2393,0.2237,0.2237,0.2237,0.2237,0.2237,0.2237,0.2237,0.2237,0.2237,0.2237,0.2237,0.2237,0.2237,0.2237,0.2237,0.2237,0.2237,0.2237,0.2237,0.0,0.2393,0.2237,0.2237,0.2237,0.2237,0.2237,0.2237,0.2237,0.2237,0.2237,0.2237,0.2237,0.2237,0.2237,0.2237,0.2237,0.2237,0.2237,0.2237,0.2237,0.0,0.2393,0.2161,0.2161,0.2161,0.2161,0.2161,0.2161,0.2161,0.2161,0.2161,0.2161,0.2161,0.2161,0.2161,0.2161,0.2161,0.2161,0.2161,0.2161,0.2161,0.0,0.2473,0.2237,0.2237,0.2237,0.2237,0.2237,0.2237,0.2237,0.2237,0.2237,0.2237,0.2237,0.2237,0.2237,0.2237,0.2237,0.2237,0.2237,0.2237,0.2237,0.0,0.2638,0.2638,0.2638,0.2638,0.2638,0.2638,0.2638,0.2638,0.2638,0.2638,0.2638,0.2638,0.2638,0.2638,0.2638,0.2638,0.2638,0.2638,0.2638,0.2638,0.2638,
33.51904797554016,3616,3630,3625,3579,3548,3500,3477,3524,3485,3484,3433,3407,3376,3371,3308,3301,3279,3254,3252,3240,0,3693,3660,3658,3610,3632,3539,3549,3504,3510,3495,3428,3453,3418,3351,3319,3330,3259,3322,3299,3257,0,3636,3553,3564,3501,3471,3473,3455,3427,3369,3388,3357,3372,3285,3315,3270,3247,3232,3197,3195,3166,0,3657,3579,3541,3546,3523,3483,3466,3469,3478,3428,3369,3407,3340,3324,3310,3297,3269,3264,3193,3218,0,3693,3733,3686,3641,3651,3631,3604,3595,3582,3529,3514,3488,3510,3431,3429,3402,3376,3330,3377,3327,0,3544,3408,3358,3356,3382,3308,3351,3269,3216,3257,3249,3231,3177,3128,3115,3072,3032,3095,3048,2994,3062,0.2393,0.2237,0.2237,0.2237,0.2237,0.2237,0.2237,0.2237,0.2237,0.2237,0.2237,0.2237,0.2237,0.2237,0.2237,0.2237,0.2237,0.2237,0.2237,0.2237,0.0,0.2393,0.2237,0.2237,0.2237,0.2237,0.2237,0.2237,0.2237,0.2237,0.2237,0.2237,0.2237,0.2237,0.2237,0.2237,0.2237,0.2237,0.2237,0.2237,0.2237,0.0,0.2393,0.2237,0.2237,0.2237,0.2237,0.2237,0.2237,0.2237,0.2237,0.2237,0.2237,0.2237,0.2237,0.2237,0.2237,0.2237,0.2237,0.2237,0.2237,0.2237,0.0,0.2393,0.2161,0.2161,0.2161,0.2161,0.2161,0.2161,0.2161,0.2161,0.2161,0.2161,0.2161,0.2161,0.2161,0.2161,0.2161,0.2161,0.2161,0.2161,0.2161,0.0,0.2473,0.2237,0.2237,0.2237,0.2237,0.2237,0.2237,0.2237,0.2237,0.2237,0.2237,0.2237,0.2237,0.2237,0.2237,0.2237,0.2237,0.2237,0.2237,0.2237,0.0,0.2088,0.2088,0.2088,0.2088,0.2088,0.2088,0.2088,0.2088,0.2088,0.2088,0.2088,0.2088,0.2088,0.2088,0.2088,0.2088,0.2088,0.2088,0.2088,0.2088,0.2088,
33.670756816864014,3616,3630,3625,3579,3548,3500,3477,3524,3485,3484,3433,3407,3376,3371,3308,3301,3279,3254,3252,3240,0,3693,3660,3658,3610,3632,3539,3549,3504,3510,3495,3428,3453,3418,3351,3319,3330,3259,3322,3299,3257,0,3636,3553,3564,3501,3471,3473,3455,3427,3369,3388,3357,3372,3285,3315,3270,3247,3232,3197,3195,3166,0,3657,3579,3541,3546,3523,3483,3466,3469,3478,3428,3369,3407,3340,3324,3310,3297,3269,3264,3193,3218,0,3693,3733,3686,3641,3651,3631,3604,3595,3582,3529,3514,3488,3510,3431,3429,3402,3376,3330,3377,3327,0,3544,3408,3358,3356,3382,3308,3351,3269,3216,3257,3249,3231,3177,3128,3115,3072,3032,3095,3048,2994,3062,0.2393,0.2237,0.2237,0.2237,0.2237,0.2237,0.2237,0.2237,0.2237,0.2237,0.2237,0.2237,0.2237,0.2237,0.2237,0.2237,0.2237,0.2237,0.2237,0.2237,0.0,0.2393,0.2237,0.2237,0.2237,0.2237,0.2237,0.2237,0.2237,0.2237,0.2237,0.2237,0.2237,0.2237,0.2237,0.2237,0.2237,0.2237,0.2237,0.2237,0.2237,0.0,0.2393,0.2237,0.2237,0.2237,0.2237,0.2237,0.2237,0.2237,0.2237,0.2237,0.2237,0.2237,0.2237,0.2237,0.2237,0.2237,0.2237,0.2237,0.2237,0.2237,0.0,0.2393,0.2161,0.2161,0.2161,0.2161,0.2161,0.2161,0.2161,0.2161,0.2161,0.2161,0.2161,0.2161,0.2161,0.2161,0.2161,0.2161,0.2161,0.2161,0.2161,0.0,0.2473,0.2237,0.2237,0.2237,0.2237,0.2237,0.2237,0.2237,0.2237,0.2237,0.2237,0.2237,0.2237,0.2237,0.2237,0.2237,0.2237,0.2237,0.2237,0.2237,0.0,0.2088,0.2088,0.2088,0.2088,0.2088,0.2088,0.2088,0.2088,0.2088,0.2088,0.2088,0.2088,0.2088,0.2088,0.2088,0.2088,0.2088,0.2088,0.2088,0.2088,0.2088,
33.82251763343811,3616,3630,3625,3579,3548,3500,3477,3524,3485,3484,3433,3407,3376,3371,3308,3301,3279,3254,3252,3240,0,3693,3660,3658,3610,3632,3539,3549,3504,3510,3495,3428,3453,3418,3351,3319,3330,3259,3322,3299,3257,0,3636,3553,3564,3501,3471,3473,3455,3427,3369,3388,3357,3372,3285,3315,3270,3247,3232,3197,3195,3166,0,3657,3579,3541,3546,3523,3483,3466,3469,3478,3428,3369,3407,3340,3324,3310,3297,3269,3264,3193,3218,0,3238,3237,3155,3170,3146,3135,3098,3114,3111,3031,3015,3024,3041,2989,3028,2973,2908,2904,2934,2886,0,3544,3408,3358,3356,3382,3308,3351,3269,3216,3257,3249,3231,3177,3128,3115,3072,3032,3095,3048,2994,3062,0.2393,0.2237,0.2237,0.2237,0.2237,0.2237,0.2237,0.2237,0.2237,0.2237,0.2237,0.2237,0.2237,0.2237,0.2237,0.2237,0.2237,0.2237,0.2237,0.2237,0.0,0.2393,0.2237,0.2237,0.2237,0.2237,0.2237,0.2237,0.2237,0.2237,0.2237,0.2237,0.2237,0.2237,0.2237,0.2237,0.2237,0.2237,0.2237,0.2237,0.2237,0.0,0.2393,0.2237,0.2237,0.2237,0.2237,0.2237,0.2237,0.2237,0.2237,0.2237,0.2237,0.2237,0.2237,0.2237,0.2237,0.2237,0.2237,0.2237,0.2237,0.2237,0.0,0.2393,0.2161,0.2161,0.2161,0.2161,0.2161,0.2161,0.2161,0.2161,0.2161,0.2161,0.2161,0.2161,0.2161,0.2161,0.2161,0.2161,0.2161,0.2161,0.2161,0.0,0.1946,0.1946,0.1946,0.1946,0.1946,0.1946,0.1946,0.1946,0.1946,0.1946,0.1946,0.1946,0.1946,0.1946,0.1946,0.1946,0.1946,0.1946,0.1946,0.1946,0.0,0.2088,0.2088,0.2088,0.2088,0.2088,0.2088,0.2088,0.2088,0.2088,0.2088,0.2088,0.2088,0.2088,0.2088,0.2088,0.2088,0.2088,0.2088,0.2088,0.2088,0.2088,
33.97431182861328,3108,3109,3062,3067,3026,3007,2958,2969,2970,2921,2900,2873,2848,2857,2810,2799,2791,2754,2761,2728,0,3693,3660,3658,3610,3632,3539,3549,3504,3510,3495,3428,3453,3418,3351,3319,3330,3259,3322,3299,3257,0,3122,3048,3072,3023,3006,2926,2964,2911,2897,2872,2869,2921,2816,2837,2773,2780,2723,2841,2715,2690,0,3657,3579,3541,3546,3523,3483,3466,3469,3478,3428,3369,3407,3340,3324,3310,3297,3269,3264,3193,3218,0,3238,3237,3155,3170,3146,3135,3098,3114,3111,3031,3015,3024,3041,2989,3028,2973,2908,2904,2934,2886,0,3544,3408,3358,3356,3382,3308,3351,3269,3216,3257,3249,3231,3177,3128,3115,3072,3032,3095,3048,2994,3062,0.1813,0.1813,0.1813,0.1813,0.1813,0.1813,0.1813,0.1813,0.1813,0.1813,0.1813,0.1813,0.1813,0.1813,0.1813,0.1813,0.1813,0.1813,0.1813,0.1813,0.0,0.2393,0.2237,0.2237,0.2237,0.2237,0.2237,0.2237,0.2237,0.2237,0.2237,0.2237,0.2237,0.2237,0.2237,0.2237,0.2237,0.2237,0.2237,0.2237,0.2237,0.0,0.1879,0.1879,0.1879,0.1879,0.1879,0.1879,0.1879,0.1879,0.1879,0.1879,0.1879,0.1879,0.1879,0.1879,0.1879,0.1879,0.1879,0.1879,0.1879,0.1879,0.0,0.2393,0.2161,0.2161,0.2161,0.2161,0.2161,0.2161,0.2161,0.2161,0.2161,0.2161,0.2161,0.2161,0.2161,0.2161,0.2161,0.2161,0.2161,0.2161,0.2161,0.0,0.1946,0.1946,0.1946,0.1946,0.1946,0.1946,0.1946,0.1946,0.1946,0.1946,0.1946,0.1946,0.1946,0.1946,0.1946,0.1946,0.1946,0.1946,0.1946,0.1946,0.0,0.2088,0.2088,0.2088,0.2088,0.2088,0.2088,0.2088,0.2088,0.2088,0.2088,0.2088,0.2088,0.2088,0.2088,0.2088,0.2088,0.2088,0.2088,0.2088,0.2088,0.2088,
34.07589292526245,3108,3109,3062,3067,3026,3007,2958,2969,2970,2921,2900,2873,2848,2857,2810,2799,2791,2754,2761,2728,0,3218,3169,3189,3094,3152,3045,3087,2997,3016,2981,2909,2960,2921,2880,2839,2833,2775,2831,2818,2780,0,3122,3048,3072,3023,3006,2926,2964,2911,2897,2872,2869,2921,2816,2837,2773,2780,2723,2841,2715,2690,0,3147,3131,3067,3048,3092,3034,3004,3010,2973,2932,2885,2883,2863,2883,2876,2829,2754,2741,2659,2743,0,3238,3237,3155,3170,3146,3135,3098,3114,3111,3031,3015,3024,3041,2989,3028,2973,2908,2904,2934,2886,0,3544,3408,3358,3356,3382,3308,3351,3269,3216,3257,3249,3231,3177,3128,3115,3072,3032,3095,3048,2994,3062,0.1813,0.1813,0.1813,0.1813,0.1813,0.1813,0.1813,0.1813,0.1813,0.1813,0.1813,0.1813,0.1813,0.1813,0.1813,0.1813,0.1813,0.1813,0.1813,0.1813,0.0,0.1879,0.1879,0.1879,0.1879,0.1879,0.1879,0.1879,0.1879,0.1879,0.1879,0.1879,0.1879,0.1879,0.1879,0.1879,0.1879,0.1879,0.1879,0.1879,0.1879,0.0,0.1879,0.1879,0.1879,0.1879,0.1879,0.1879,0.1879,0.1879,0.1879,0.1879,0.1879,0.1879,0.1879,0.1879,0.1879,0.1879,0.1879,0.1879,0.1879,0.1879,0.0,0.1813,0.1813,0.1813,0.1813,0.1813,0.1813,0.1813,0.1813,0.1813,0.1813,0.1813,0.1813,0.1813,0.1813,0.1813,0.1813,0.1813,0.1813,0.1813,0.1813,0.0,0.1946,0.1946,0.1946,0.1946,0.1946,0.1946,0.1946,0.1946,0.1946,0.1946,0.1946,0.1946,0.1946,0.1946,0.1946,0.1946,0.1946,0.1946,0.1946,0.1946,0.0,0.2088,0.2088,0.2088,0.2088,0.2088,0.2088,0.2088,0.2088,0.2088,0.2088,0.2088,0.2088,0.2088,0.2088,0.2088,0.2088,0.2088,0.2088,0.2088,0.2088,0.2088,
34.27778434753418,3108,3109,3062,3067,3026,3007,2958,2969,2970,2921,2900,2873,2848,2857,2810,2799,2791,2754,2761,2728,0,3218,3169,3189,3094,3152,3045,3087,2997,3016,2981,2909,2960,2921,2880,2839,2833,2775,2831,2818,2780,0,3122,3048,3072,3023,3006,2926,2964,2911,2897,2872,2869,2921,2816,2837,2773,2780,2723,2841,2715,2690,0,3147,3131,3067,3048,3092,3034,3004,3010,2973,2932,2885,2883,2863,2883,2876,2829,2754,2741,2659,2743,0,3238,3237,3155,3170,3146,3135,3098,3114,3111,3031,3015,3024,3041,2989,3028,2973,2908,2904,2934,2886,0,3016,2869,2860,2873,2867,2814,2859,2792,2752,2775,2790,2740,2721,2652,2644,2642,2597,2605,2558,2523,2577,0.1813,0.1813,0.1813,0.1813,0.1813,0.1813,0.1813,0.1813,0.1813,0.1813,0.1813,0.1813,0.1813,0.1813,0.1813,0.1813,0.1813,0.1813,0.1813,0.1813,0.0,0.1879,0.1879,0.1879,0.1879,0.1879,0.1879,0.1879,0.1879,0.1879,0.1879,0.1879,0.1879,0.1879,0.1879,0.1879,0.1879,0.1879,0.1879,0.1879,0.1879,0.0,0.1879,0.1879,0.1879,0.1879,0.1879,0.1879,0.1879,0.1879,0.1879,0.1879,0.1879,0.1879,0.1879,0.1879,0.1879,0.1879,0.1879,0.1879,0.1879,0.1879,0.0,0.1813,0.1813,0.1813,0.1813,0.1813,0.1813,0.1813,0.1813,0.1813,0.1813,0.1813,0.1813,0.1813,0.1813,0.1813,0.1813,0.1813,0.1813,0.1813,0.1813,0.0,0.1946,0.1946,0.1946,0.1946,0.1946,0.1946,0.1946,0.1946,0.1946,0.1946,0.1946,0.1946,0.1946,0.1946,0.1946,0.1946,0.1946,0.1946,0.1946,0.1946,0.0,0.1688,0.1688,0.1688,0.1688,0.1688,0.1688,0.1688,0.1688,0.1688,0.1688,0.1688,0.1688,0.1688,0.1688,0.1688,0.1688,0.1688,0.1688,0.1688,0.1688,0.1688,
34.42956256866455,3108,3109,3062,3067,3026,3007,2958,2969,2970,2921,2900,2873,2848,2857,2810,2799,2791,2754,2761,2728,0,3218,3169,3189,3094,3152,3045,3087,2997,3016,2981,2909,2960,2921,2880,2839,2833,2775,2831,2818,2780,0,3122,3048,3072,3023,3006,2926,2964,2911,2897,2872,2869,2921,2816,2837,2773,2780,2723,2841,2715,2690,0,3147,3131,3067,3048,3092,3034,3004,3010,2973,2932,2885,2883,2863,2883,2876,2829,2754,2741,2659,2743,0,3238,3237,3155,3170,3146,3135,3098,3114,3111,3031,3015,3024,3041,2989,3028,2973,2908,2904,2934,2886,0,3016,2869,2860,2873,2867,2814,2859,2792,2752,2775,2790,2740,2721,2652,2644,2642,2597,2605,2558,2523,2577,0.1813,0.1813,0.1813,0.1813,0.1813,0.1813,0.1813,0.1813,0.1813,0.1813,0.1813,0.1813,0.1813,0.1813,0.1813,0.1813,0.1813,0.1813,0.1813,0.1813,0.0,0.1879,0.1879,0.1879,0.1879,0.1879,0.1879,0.1879,0.1879,0.1879,0.1879,0.1879,0.1879,0.1879,0.1879,0.1879,0.1879,0.1879,0.1879,0.1879,0.1879,0.0,0.1879,0.1879,0.1879,0.1879,0.1879,0.1879,0.1879,0.1879,0.1879,0.1879,0.1879,0.1879,0.1879,0.1879,0.1879,0.1879,0.1879,0.1879,0.1879,0.1879,0.0,0.1813,0.1813,0.1813,0.1813,0.1813,0.1813,0.1813,0.1813,0.1813,0.1813,0.1813,0.1813,0.1813,0.1813,0.1813,0.1813,0.1813,0.1813,0.1813,0.1813,0.0,0.1946,0.1946,0.1946,0.1946,0.1946,0.1946,0.1946,0.1946,0.1946,0.1946,0.1946,0.1946,0.1946,0.1946,0.1946,0.1946,0.1946,0.1946,0.1946,0.1946,0.0,0.1688,0.1688,0.1688,0.1688,0.1688,0.1688,0.1688,0.1688,0.1688,0.1688,0.1688,0.1688,0.1688,0.1688,0.1688,0.1688,0.1688,0.1688,0.1688,0.1688,0.1688,
34.53114128112793,3108,3109,3062,3067,3026,3007,2958,2969,2970,2921,2900,2873,2848,2857,2810,2799,2791,2754,2761,2728,0,3218,3169,3189,3094,3152,3045,3087,2997,3016,2981,2909,2960,2921,2880,2839,2833,2775,2831,2818,2780,0,3122,3048,3072,3023,3006,2926,2964,2911,2897,2872,2869,2921,2816,2837,2773,2780,2723,2841,2715,2690,0,3147,3131,3067,3048,3092,3034,3004,3010,2973,2932,2885,2883,2863,2883,2876,2829,2754,2741,2659,2743,0,2842,2808,2735,2767,2713,2698,2615,2652,2648,2565,2572,2557,2548,2511,2562,2492,2450,2451,2455,2423,0,3016,2869,2860,2873,2867,2814,2859,2792,2752,2775,2790,2740,2721,2652,2644,2642,2597,2605,2558,2523,2577,0.1813,0.1813,0.1813,0.1813,0.1813,0.1813,0.1813,0.1813,0.1813,0.1813,0.1813,0.1813,0.1813,0.1813,0.1813,0.1813,0.1813,0.1813,0.1813,0.1813,0.0,0.1879,0.1879,0.1879,0.1879,0.1879,0.1879,0.1879,0.1879,0.1879,0.1879,0.1879,0.1879,0.1879,0.1879,0.1879,0.1879,0.1879,0.1879,0.1879,0.1879,0.0,0.1879,0.1879,0.1879,0.1879,0.1879,0.1879,0.1879,0.1879,0.1879,0.1879,0.1879,0.1879,0.1879,0.1879,0.1879,0.1879,0.1879,0.1879,0.1879,0.1879,0.0,0.1813,0.1813,0.1813,0.1813,0.1813,0.1813,0.1813,0.1813,0.1813,0.1813,0.1813,0.1813,0.1813,0.1813,0.1813,0.1813,0.1813,0.1813,0.1813,0.1813,0.0,0.1519,0.1519,0.1519,0.1519,0.1519,0.1519,0.1519,0.1519,0.1519,0.1519,0.1519,0.1519,0.1519,0.1519,0.1519,0.1519,0.1519,0.1519,0.1519,0.1519,0.0,0.1688,0.1688,0.1688,0.1688,0.1688,0.1688,0.1688,0.1688,0.1688,0.1688,0.1688,0.1688,0.1688,0.1688,0.1688,0.1688,0.1688,0.1688,0.1688,0.1688,0.1688,
34.68297362327576,3108,3109,3062,3067,3026,3007,2958,2969,2970,2921,2900,2873,2848,2857,2810,2799,2791,2754,2761,2728,0,3218,3169,3189,3094,3152,3045,3087,2997,3016,2981,2909,2960,2921,2880,2839,2833,2775,2831,2818,2780,0,3122,3048,3072,3023,3006,2926,2964,2911,2897,2872,2869,2921,2816,2837,2773,2780,2723,2841,2715,2690,0,3147,3131,3067,3048,3092,3034,3004,3010,2973,2932,2885,2883,2863,2883,2876,2829,2754,2741,2659,2743,0,2842,2808,2735,2767,2713,2698,2615,2652,2648,2565,2572,2557,2548,2511,2562,2492,2450,2451,2455,2423,0,3016,2869,2860,2873,2867,2814,2859,2792,2752,2775,2790,2740,2721,2652,2644,2642,2597,2605,2558,2523,2577,0.1813,0.1813,0.1813,0.1813,0.1813,0.1813,0.1813,0.1813,0.1813,0.1813,0.1813,0.1813,0.1813,0.1813,0.1813,0.1813,0.1813,0.1813,0.1813,0.1813,0.0,0.1879,0.1879,0.1879,0.1879,0.1879,0.1879,0.1879,0.1879,0.1879,0.1879,0.1879,0.1879,0.1879,0.1879,0.1879,0.1879,0.1879,0.1879,0.1879,0.1879,0.0,0.1879,0.1879,0.1879,0.1879,0.1879,0.1879,0.1879,0.1879,0.1879,0.1879,0.1879,0.1879,0.1879,0.1879,0.1879,0.1879,0.1879,0.1879,0.1879,0.1879,0.0,0.1813,0.1813,0.1813,0.1813,0.1813,0.1813,0.1813,0.1813,0.1813,0.1813,0.1813,0.1813,0.1813,0.1813,0.1813,0.1813,0.1813,0.1813,0.1813,0.1813,0.0,0.1519,0.1519,0.1519,0.1519,0.1519,0.1519,0.1519,0.1519,0.1519,0.1519,0.1519,0.1519,0.1519,0.1519,0.1519,0.1519,0.1519,0.1519,0.1519,0.1519,0.0,0.1688,0.1688,0.1688,0.1688,0.1688,0.1688,0.1688,0.1688,0.1688,0.1688,0.1688,0.1688,0.1688,0.1688,0.1688,0.1688,0.1688,0.1688,0.1688,0.1688,0.1688,
34.935041666030884,2627,2626,2571,2550,2519,2533,2484,2479,2473,2407,2395,2403,2355,2362,2303,2303,2300,2265,2324,2259,0,2726,2691,2715,2630,2686,2565,2634,2525,2510,2481,2453,2492,2415,2409,2375,2354,2335,2349,2354,2309,0,2668,2632,2615,2548,2582,2491,2530,2481,2490,2434,2428,2489,2409,2376,2348,2302,2288,2381,2254,2252,0,2664,2603,2563,2564,2637,2559,2520,2532,2488,2443,2397,2399,2351,2404,2422,2353,2276,2210,2194,2291,0,2842,2808,2735,2767,2713,2698,2615,2652,2648,2565,2572,2557,2548,2511,2562,2492,2450,2451,2455,2423,0,3016,2869,2860,2873,2867,2814,2859,2792,2752,2775,2790,2740,2721,2652,2644,2642,2597,2605,2558,2523,2577,0.1418,0.1418,0.1418,0.1418,0.1418,0.1418,0.1418,0.1418,0.1418,0.1418,0.1418,0.1418,0.1418,0.1418,0.1418,0.1418,0.1418,0.1418,0.1418,0.1418,0.0,0.1519,0.1371,0.1371,0.1371,0.1371,0.1371,0.1371,0.1371,0.1371,0.1371,0.1371,0.1371,0.1371,0.1371,0.1371,0.1371,0.1371,0.1371,0.1371,0.1371,0.0,0.1418,0.1418,0.1418,0.1418,0.1418,0.1418,0.1418,0.1418,0.1418,0.1418,0.1418,0.1418,0.1418,0.1418,0.1418,0.1418,0.1418,0.1418,0.1418,0.1418,0.0,0.1418,0.1418,0.1418,0.1418,0.1418,0.1418,0.1418,0.1418,0.1418,0.1418,0.1418,0.1418,0.1418,0.1418,0.1418,0.1418,0.1418,0.1418,0.1418,0.1418,0.0,0.1519,0.1519,0.1519,0.1519,0.1519,0.1519,0.1519,0.1519,0.1519,0.1519,0.1519,0.1519,0.1519,0.1519,0.1519,0.1519,0.1519,0.1519,0.1519,0.1519,0.0,0.1688,0.1688,0.1688,0.1688,0.1688,0.1688,0.1688,0.1688,0.1688,0.1688,0.1688,0.1688,0.1688,0.1688,0.1688,0.1688,0.1688,0.1688,0.1688,0.1688,0.1688,
35.036665201187134,2627,2626,2571,2550,2519,2533,2484,2479,2473,2407,2395,2403,2355,2362,2303,2303,2300,2265,2324,2259,0,2726,2691,2715,2630,2686,2565,2634,2525,2510,2481,2453,2492,2415,2409,2375,2354,2335,2349,2354,2309,0,2668,2632,2615,2548,2582,2491,2530,2481,2490,2434,2428,2489,2409,2376,2348,2302,2288,2381,2254,2252,0,2664,2603,2563,2564,2637,2559,2520,2532,2488,2443,2397,2399,2351,2404,2422,2353,2276,2210,2194,2291,0,2842,2808,2735,2767,2713,2698,2615,2652,2648,2565,2572,2557,2548,2511,2562,2492,2450,2451,2455,2423,0,2567,2433,2423,2425,2380,2364,2372,2348,2342,2286,2319,2273,2281,2180,2194,2216,2153,2143,2088,2076,2131,0.1418,0.1418,0.1418,0.1418,0.1418,0.1418,0.1418,0.1418,0.1418,0.1418,0.1418,0.1418,0.1418,0.1418,0.1418,0.1418,0.1418,0.1418,0.1418,0.1418,0.0,0.1519,0.1371,0.1371,0.1371,0.1371,0.1371,0.1371,0.1371,0.1371,0.1371,0.1371,0.1371,0.1371,0.1371,0.1371,0.1371,0.1371,0.1371,0.1371,0.1371,0.0,0.1418,0.1418,0.1418,0.1418,0.1418,0.1418,0.1418,0.1418,0.1418,0.1418,0.1418,0.1418,0.1418,0.1418,0.1418,0.1418,0.1418,0.1418,0.1418,0.1418,0.0,0.1418,0.1418,0.1418,0.1418,0.1418,0.1418,0.1418,0.1418,0.1418,0.1418,0.1418,0.1418,0.1418,0.1418,0.1418,0.1418,0.1418,0.1418,0.1418,0.1418,0.0,0.1519,0.1519,0.1519,0.1519,0.1519,0.1519,0.1519,0.1519,0.1519,0.1519,0.1519,0.1519,0.1519,0.1519,0.1519,0.1519,0.1519,0.1519,0.1519,0.1519,0.0,0.1371,0.1286,0.1286,0.1286,0.1286,0.1286,0.1286,0.1286,0.1286,0.1286,0.1286,0.1286,0.1286,0.1286,0.1286,0.1286,0.1286,0.1286,0.1286,0.1286,0.1286,
35.13821530342102,2627,2626,2571,2550,2519,2533,2484,2479,2473,2407,2395,2403,2355,2362,2303,2303,2300,2265,2324,2259,0,2726,2691,2715,2630,2686,2565,2634,2525,2510,2481,2453,2492,2415,2409,2375,2354,2335,2349,2354,2309,0,2668,2632,2615,2548,2582,2491,2530,2481,2490,2434,2428,2489,2409,2376,2348,2302,2288,2381,2254,2252,0,2664,2603,2563,2564,2637,2559,2520,2532,2488,2443,2397,2399,2351,2404,2422,2353,2276,2210,2194,2291,0,2842,2808,2735,2767,2713,2698,2615,2652,2648,2565,2572,2557,2548,2511,2562,2492,2450,2451,2455,2423,0,2567,2433,2423,2425,2380,2364,2372,2348,2342,2286,2319,2273,2281,2180,2194,2216,2153,2143,2088,2076,2131,0.1418,0.1418,0.1418,0.1418,0.1418,0.1418,0.1418,0.1418,0.1418,0.1418,0.1418,0.1418,0.1418,0.1418,0.1418,0.1418,0.1418,0.1418,0.1418,0.1418,0.0,0.1519,0.1371,0.1371,0.1371,0.1371,0.1371,0.1371,0.1371,0.1371,0.1371,0.1371,0.1371,0.1371,0.1371,0.1371,0.1371,0.1371,0.1371,0.1371,0.1371,0.0,0.1418,0.1418,0.1418,0.1418,0.1418,0.1418,0.1418,0.1418,0.1418,0.1418,0.1418,0.1418,0.1418,0.1418,0.1418,0.1418,0.1418,0.1418,0.1418,0.1418,0.0,0.1418,0.1418,0.1418,0.1418,0.1418,0.1418,0.1418,0.1418,0.1418,0.1418,0.1418,0.1418,0.1418,0.1418,0.1418,0.1418,0.1418,0.1418,0.1418,0.1418,0.0,0.1519,0.1519,0.1519,0.1519,0.1519,0.1519,0.1519,0.1519,0.1519,0.1519,0.1519,0.1519,0.1519,0.1519,0.1519,0.1519,0.1519,0.1519,0.1519,0.1519,0.0,0.1371,0.1286,0.1286,0.1286,0.1286,0.1286,0.1286,0.1286,0.1286,0.1286,0.1286,0.1286,0.1286,0.1286,0.1286,0.1286,0.1286,0.1286,0.1286,0.1286,0.1286,
35.29051899909973,2627,2626,2571,2550,2519,2533,2484,2479,2473,2407,2395,2403,2355,2362,2303,2303,2300,2265,2324,2259,0,2726,2691,2715,2630,2686,2565,2634,2525,2510,2481,2453,2492,2415,2409,2375,2354,2335,2349,2354,2309,0,2668,2632,2615,2548,2582,2491,2530,2481,2490,2434,2428,2489,2409,2376,2348,2302,2288,2381,2254,2252,0,2664,2603,2563,2564,2637,2559,2520,2532,2488,2443,2397,2399,2351,2404,2422,2353,2276,2210,2194,2291,0,2394,2333,2291,2300,2230,2251,2169,2181,2204,2096,2114,2107,2103,2091,2147,2082,2024,2014,2035,1993,0,2567,2433,2423,2425,2380,2364,2372,2348,2342,2286,2319,2273,2281,2180,2194,2216,2153,2143,2088,2076,2131,0.1418,0.1418,0.1418,0.1418,0.1418,0.1418,0.1418,0.1418,0.1418,0.1418,0.1418,0.1418,0.1418,0.1418,0.1418,0.1418,0.1418,0.1418,0.1418,0.1418,0.0,0.1519,0.1371,0.1371,0.1371,0.1371,0.1371,0.1371,0.1371,0.1371,0.1371,0.1371,0.1371,0.1371,0.1371,0.1371,0.1371,0.1371,0.1371,0.1371,0.1371,0.0,0.1418,0.1418,0.1418,0.1418,0.1418,0.1418,0.1418,0.1418,0.1418,0.1418,0.1418,0.1418,0.1418,0.1418,0.1418,0.1418,0.1418,0.1418,0.1418,0.1418,0.0,0.1418,0.1418,0.1418,0.1418,0.1418,0.1418,0.1418,0.1418,0.1418,0.1418,0.1418,0.1418,0.1418,0.1418,0.1418,0.1418,0.1418,0.1418,0.1418,0.1418,0.0,0.1211,0.1211,0.1211,0.1211,0.1211,0.1211,0.1211,0.1211,0.1211,0.1211,0.1211,0.1211,0.1211,0.1211,0.1211,0.1211,0.1211,0.1211,0.1211,0.1211,0.0,0.1371,0.1286,0.1286,0.1286,0.1286,0.1286,0.1286,0.1286,0.1286,0.1286,0.1286,0.1286,0.1286,0.1286,0.1286,0.1286,0.1286,0.1286,0.1286,0.1286,0.1286,
35.341896533966064,2627,2626,2571,2550,2519,2533,2484,2479,2473,2407,2395,2403,2355,2362,2303,2303,2300,2265,2324,2259,0,2726,2691,2715,2630,2686,2565,2634,2525,2510,2481,2453,2492,2415,2409,2375,2354,2335,2349,2354,2309,0,2668,2632,2615,2548,2582,2491,2530,2481,2490,2434,2428,2489,2409,2376,2348,2302,2288,2381,2254,2252,0,2664,2603,2563,2564,2637,2559,2520,2532,2488,2443,2397,2399,2351,2404,2422,2353,2276,2210,2194,2291,0,2394,2333,2291,2300,2230,2251,2169,2181,2204,2096,2114,2107,2103,2091,2147,2082,2024,2014,2035,1993,0,2567,2433,2423,2425,2380,2364,2372,2348,2342,2286,2319,2273,2281,2180,2194,2216,2153,2143,2088,2076,2131,0.1418,0.1418,0.1418,0.1418,0.1418,0.1418,0.1418,0.1418,0.1418,0.1418,0.1418,0.1418,0.1418,0.1418,0.1418,0.1418,0.1418,0.1418,0.1418,0.1418,0.0,0.1519,0.1371,0.1371,0.1371,0.1371,0.1371,0.1371,0.1371,0.1371,0.1371,0.1371,0.1371,0.1371,0.1371,0.1371,0.1371,0.1371,0.1371,0.1371,0.1371,0.0,0.1418,0.1418,0.1418,0.1418,0.1418,0.1418,0.1418,0.1418,0.1418,0.1418,0.1418,0.1418,0.1418,0.1418,0.1418,0.1418,0.1418,0.1418,0.1418,0.1418,0.0,0.1418,0.1418,0.1418,0.1418,0.1418,0.1418,0.1418,0.1418,0.1418,0.1418,0.1418,0.1418,0.1418,0.1418,0.1418,0.1418,0.1418,0.1418,0.1418,0.1418,0.0,0.1211,0.1211,0.1211,0.1211,0.1211,0.1211,0.1211,0.1211,0.1211,0.1211,0.1211,0.1211,0.1211,0.1211,0.1211,0.1211,0.1211,0.1211,0.1211,0.1211,0.0,0.1371,0.1286,0.1286,0.1286,0.1286,0.1286,0.1286,0.1286,0.1286,0.1286,0.1286,0.1286,0.1286,0.1286,0.1286,0.1286,0.1286,0.1286,0.1286,0.1286,0.1286,
35.54389572143555,2627,2626,2571,2550,2519,2533,2484,2479,2473,2407,2395,2403,2355,2362,2303,2303,2300,2265,2324,2259,0,2726,2691,2715,2630,2686,2565,2634,2525,2510,2481,2453,2492,2415,2409,2375,2354,2335,2349,2354,2309,0,2668,2632,2615,2548,2582,2491,2530,2481,2490,2434,2428,2489,2409,2376,2348,2302,2288,2381,2254,2252,0,2664,2603,2563,2564,2637,2559,2520,2532,2488,2443,2397,2399,2351,2404,2422,2353,2276,2210,2194,2291,0,2394,2333,2291,2300,2230,2251,2169,2181,2204,2096,2114,2107,2103,2091,2147,2082,2024,2014,2035,1993,0,2567,2433,2423,2425,2380,2364,2372,2348,2342,2286,2319,2273,2281,2180,2194,2216,2153,2143,2088,2076,2131,0.1418,0.1418,0.1418,0.1418,0.1418,0.1418,0.1418,0.1418,0.1418,0.1418,0.1418,0.1418,0.1418,0.1418,0.1418,0.1418,0.1418,0.1418,0.1418,0.1418,0.0,0.1519,0.1371,0.1371,0.1371,0.1371,0.1371,0.1371,0.1371,0.1371,0.1371,0.1371,0.1371,0.1371,0.1371,0.1371,0.1371,0.1371,0.1371,0.1371,0.1371,0.0,0.1418,0.1418,0.1418,0.1418,0.1418,0.1418,0.1418,0.1418,0.1418,0.1418,0.1418,0.1418,0.1418,0.1418,0.1418,0.1418,0.1418,0.1418,0.1418,0.1418,0.0,0.1418,0.1418,0.1418,0.1418,0.1418,0.1418,0.1418,0.1418,0.1418,0.1418,0.1418,0.1418,0.1418,0.1418,0.1418,0.1418,0.1418,0.1418,0.1418,0.1418,0.0,0.1211,0.1211,0.1211,0.1211,0.1211,0.1211,0.1211,0.1211,0.1211,0.1211,0.1211,0.1211,0.1211,0.1211,0.1211,0.1211,0.1211,0.1211,0.1211,0.1211,0.0,0.1371,0.1286,0.1286,0.1286,0.1286,0.1286,0.1286,0.1286,0.1286,0.1286,0.1286,0.1286,0.1286,0.1286,0.1286,0.1286,0.1286,0.1286,0.1286,0.1286,0.1286,
35.64542579650879,2172,2129,2114,2076,2050,2059,2028,2003,2014,1935,1944,1933,1910,1904,1825,1831,1835,1806,1901,1835,0,2240,2190,2219,2107,2194,2106,2150,2017,2007,2000,1941,1988,1928,1930,1904,1882,1877,1944,1915,1894,0,2214,2164,2172,2113,2142,2040,2057,2023,2039,2000,1990,2031,1967,1933,1900,1848,1822,1872,1805,1795,0,2194,2155,2116,2109,2207,2089,2058,2059,2031,1978,1936,1964,1910,1928,1998,1912,1813,1779,1738,1854,0,2394,2333,2291,2300,2230,2251,2169,2181,2204,2096,2114,2107,2103,2091,2147,2082,2024,2014,2035,1993,0,2567,2433,2423,2425,2380,2364,2372,2348,2342,2286,2319,2273,2281,2180,2194,2216,2153,2143,2088,2076,2131,0.1094,0.1094,0.1094,0.1094,0.1094,0.1094,0.1094,0.1094,0.1094,0.1094,0.1094,0.1094,0.1094,0.1094,0.1094,0.1094,0.1094,0.1094,0.1094,0.1094,0.0,0.1119,0.1119,0.1119,0.1119,0.1119,0.1119,0.1119,0.1119,0.1119,0.1119,0.1119,0.1119,0.1119,0.1119,0.1119,0.1119,0.1119,0.1119,0.1119,0.1119,0.0,0.1094,0.1094,0.1094,0.1094,0.1094,0.1094,0.1094,0.1094,0.1094,0.1094,0.1094,0.1094,0.1094,0.1094,0.1094,0.1094,0.1094,0.1094,0.1094,0.1094,0.0,0.1072,0.1072,0.1072,0.1072,0.1072,0.1072,0.1072,0.1072,0.1072,0.1072,0.1072,0.1072,0.1072,0.1072,0.1072,0.1072,0.1072,0.1072,0.1072,0.1072,0.0,0.1211,0.1211,0.1211,0.1211,0.1211,0.1211,0.1211,0.1211,0.1211,0.1211,0.1211,0.1211,0.1211,0.1211,0.1211,0.1211,0.1211,0.1211,0.1211,0.1211,0.0,0.1371,0.1286,0.1286,0.1286,0.1286,0.1286,0.1286,0.1286,0.1286,0.1286,0.1286,0.1286,0.1286,0.1286,0.1286,0.1286,0.1286,0.1286,0.1286,0.1286,0.1286,
35.74698877334595,2172,2129,2114,2076,2050,2059,2028,2003,2014,1935,1944,1933,1910,1904,1825,1831,1835,1806,1901,1835,0,2240,2190,2219,2107,2194,2106,2150,2017,2007,2000,1941,1988,1928,1930,1904,1882,1877,1944,1915,1894,0,2214,2164,2172,2113,2142,2040,2057,2023,2039,2000,1990,2031,1967,1933,1900,1848,1822,1872,1805,1795,0,2194,2155,2116,2109,2207,2089,2058,2059,2031,1978,1936,1964,1910,1928,1998,1912,1813,1779,1738,1854,0,2394,2333,2291,2300,2230,2251,2169,2181,2204,2096,2114,2107,2103,2091,2147,2082,2024,2014,2035,1993,0,2567,2433,2423,2425,2380,2364,2372,2348,2342,2286,2319,2273,2281,2180,2194,2216,2153,2143,2088,2076,2131,0.1094,0.1094,0.1094,0.1094,0.1094,0.1094,0.1094,0.1094,0.1094,0.1094,0.1094,0.1094,0.1094,0.1094,0.1094,0.1094,0.1094,0.1094,0.1094,0.1094,0.0,0.1119,0.1119,0.1119,0.1119,0.1119,0.1119,0.1119,0.1119,0.1119,0.1119,0.1119,0.1119,0.1119,0.1119,0.1119,0.1119,0.1119,0.1119,0.1119,0.1119,0.0,0.1094,0.1094,0.1094,0.1094,0.1094,0.1094,0.1094,0.1094,0.1094,0.1094,0.1094,0.1094,0.1094,0.1094,0.1094,0.1094,0.1094,0.1094,0.1094,0.1094,0.0,0.1072,0.1072,0.1072,0.1072,0.1072,0.1072,0.1072,0.1072,0.1072,0.1072,0.1072,0.1072,0.1072,0.1072,0.1072,0.1072,0.1072,0.1072,0.1072,0.1072,0.0,0.1211,0.1211,0.1211,0.1211,0.1211,0.1211,0.1211,0.1211,0.1211,0.1211,0.1211,0.1211,0.1211,0.1211,0.1211,0.1211,0.1211,0.1211,0.1211,0.1211,0.0,0.1371,0.1286,0.1286,0.1286,0.1286,0.1286,0.1286,0.1286,0.1286,0.1286,0.1286,0.1286,0.1286,0.1286,0.1286,0.1286,0.1286,0.1286,0.1286,0.1286,0.1286,
35.89868378639221,2172,2129,2114,2076,2050,2059,2028,2003,2014,1935,1944,1933,1910,1904,1825,1831,1835,1806,1901,1835,0,2240,2190,2219,2107,2194,2106,2150,2017,2007,2000,1941,1988,1928,1930,1904,1882,1877,1944,1915,1894,0,2214,2164,2172,2113,2142,2040,2057,2023,2039,2000,1990,2031,1967,1933,1900,1848,1822,1872,1805,1795,0,2194,2155,2116,2109,2207,2089,2058,2059,2031,1978,1936,1964,1910,1928,1998,1912,1813,1779,1738,1854,0,2394,2333,2291,2300,2230,2251,2169,2181,2204,2096,2114,2107,2103,2091,2147,2082,2024,2014,2035,1993,0,2093,1977,1959,1981,1927,1883,1947,1919,1895,1836,1874,1825,1830,1751,1764,1786,1757,1724,1647,1679,1709,0.1094,0.1094,0.1094,0.1094,0.1094,0.1094,0.1094,0.1094,0.1094,0.1094,0.1094,0.1094,0.1094,0.1094,0.1094,0.1094,0.1094,0.1094,0.1094,0.1094,0.0,0.1119,0.1119,0.1119,0.1119,0.1119,0.1119,0.1119,0.1119,0.1119,0.1119,0.1119,0.1119,0.1119,0.1119,0.1119,0.1119,0.1119,0.1119,0.1119,0.1119,0.0,0.1094,0.1094,0.1094,0.1094,0.1094,0.1094,0.1094,0.1094,0.1094,0.1094,0.1094,0.1094,0.1094,0.1094,0.1094,0.1094,0.1094,0.1094,0.1094,0.1094,0.0,0.1072,0.1072,0.1072,0.1072,0.1072,0.1072,0.1072,0.1072,0.1072,0.1072,0.1072,0.1072,0.1072,0.1072,0.1072,0.1072,0.1072,0.1072,0.1072,0.1072,0.0,0.1211,0.1211,0.1211,0.1211,0.1211,0.1211,0.1211,0.1211,0.1211,0.1211,0.1211,0.1211,0.1211,0.1211,0.1211,0.1211,0.1211,0.1211,0.1211,0.1211,0.0,0.1053,0.1053,0.1053,0.1053,0.1053,0.1053,0.1053,0.1053,0.1053,0.1053,0.1053,0.1053,0.1053,0.1053,0.1053,0.1053,0.1053,0.1053,0.1053,0.1053,0.1053,
36.000452518463135,2172,2129,2114,2076,2050,2059,2028,2003,2014,1935,1944,1933,1910,1904,1825,1831,1835,1806,1901,1835,0,2240,2190,2219,2107,2194,2106,2150,2017,2007,2000,1941,1988,1928,1930,1904,1882,1877,1944,1915,1894,0,2214,2164,2172,2113,2142,2040,2057,2023,2039,2000,1990,2031,1967,1933,1900,1848,1822,1872,1805,1795,0,2194,2155,2116,2109,2207,2089,2058,2059,2031,1978,1936,1964,1910,1928,1998,1912,1813,1779,1738,1854,0,2394,2333,2291,2300,2230,2251,2169,2181,2204,2096,2114,2107,2103,2091,2147,2082,2024,2014,2035,1993,0,2093,1977,1959,1981,1927,1883,1947,1919,1895,1836,1874,1825,1830,1751,1764,1786,1757,1724,1647,1679,1709,0.1094,0.1094,0.1094,0.1094,0.1094,0.1094,0.1094,0.1094,0.1094,0.1094,0.1094,0.1094,0.1094,0.1094,0.1094,0.1094,0.1094,0.1094,0.1094,0.1094,0.0,0.1119,0.1119,0.1119,0.1119,0.1119,0.1119,0.1119,0.1119,0.1119,0.1119,0.1119,0.1119,0.1119,0.1119,0.1119,0.1119,0.1119,0.1119,0.1119,0.1119,0.0,0.1094,0.1094,0.1094,0.1094,0.1094,0.1094,0.1094,0.1094,0.1094,0.1094,0.1094,0.1094,0.1094,0.1094,0.1094,0.1094,0.1094,0.1094,0.1094,0.1094,0.0,0.1072,0.1072,0.1072,0.1072,0.1072,0.1072,0.1072,0.1072,0.1072,0.1072,0.1072,0.1072,0.1072,0.1072,0.1072,0.1072,0.1072,0.1072,0.1072,0.1072,0.0,0.1211,0.1211,0.1211,0.1211,0.1211,0.1211,0.1211,0.1211,0.1211,0.1211,0.1211,0.1211,0.1211,0.1211,0.1211,0.1211,0.1211,0.1211,0.1211,0.1211,0.0,0.1053,0.1053,0.1053,0.1053,0.1053,0.1053,0.1053,0.1053,0.1053,0.1053,0.1053,0.1053,0.1053,0.1053,0.1053,0.1053,0.1053,0.1053,0.1053,0.1053,0.1053,
36.10208559036255,2172,2129,2114,2076,2050,2059,2028,2003,2014,1935,1944,1933,1910,1904,1825,1831,1835,1806,1901,1835,0,2240,2190,2219,2107,2194,2106,2150,2017,2007,2000,1941,1988,1928,1930,1904,1882,1877,1944,1915,1894,0,2214,2164,2172,2113,2142,2040,2057,2023,2039,2000,1990,2031,1967,1933,1900,1848,1822,1872,1805,1795,0,2194,2155,2116,2109,2207,2089,2058,2059,2031,1978,1936,1964,1910,1928,1998,1912,1813,1779,1738,1854,0,2394,2333,2291,2300,2230,2251,2169,2181,2204,2096,2114,2107,2103,2091,2147,2082,2024,2014,2035,1993,0,2093,1977,1959,1981,1927,1883,1947,1919,1895,1836,1874,1825,1830,1751,1764,1786,1757,1724,1647,1679,1709,0.1094,0.1094,0.1094,0.1094,0.1094,0.1094,0.1094,0.1094,0.1094,0.1094,0.1094,0.1094,0.1094,0.1094,0.1094,0.1094,0.1094,0.1094,0.1094,0.1094,0.0,0.1119,0.1119,0.1119,0.1119,0.1119,0.1119,0.1119,0.1119,0.1119,0.1119,0.1119,0.1119,0.1119,0.1119,0.1119,0.1119,0.1119,0.1119,0.1119,0.1119,0.0,0.1094,0.1094,0.1094,0.1094,0.1094,0.1094,0.1094,0.1094,0.1094,0.1094,0.1094,0.1094,0.1094,0.1094,0.1094,0.1094,0.1094,0.1094,0.1094,0.1094,0.0,0.1072,0.1072,0.1072,0.1072,0.1072,0.1072,0.1072,0.1072,0.1072,0.1072,0.1072,0.1072,0.1072,0.1072,0.1072,0.1072,0.1072,0.1072,0.1072,0.1072,0.0,0.1211,0.1211,0.1211,0.1211,0.1211,0.1211,0.1211,0.1211,0.1211,0.1211,0.1211,0.1211,0.1211,0.1211,0.1211,0.1211,0.1211,0.1211,0.1211,0.1211,0.0,0.1053,0.1053,0.1053,0.1053,0.1053,0.1053,0.1053,0.1053,0.1053,0.1053,0.1053,0.1053,0.1053,0.1053,0.1053,0.1053,0.1053,0.1053,0.1053,0.1053,0.1053,
36.20366382598877,2172,2129,2114,2076,2050,2059,2028,2003,2014,1935,1944,1933,1910,1904,1825,1831,1835,1806,1901,1835,0,2240,2190,2219,2107,2194,2106,2150,2017,2007,2000,1941,1988,1928,1930,1904,1882,1877,1944,1915,1894,0,2214,2164,2172,2113,2142,2040,2057,2023,2039,2000,1990,2031,1967,1933,1900,1848,1822,1872,1805,1795,0,2194,2155,2116,2109,2207,2089,2058,2059,2031,1978,1936,1964,1910,1928,1998,1912,1813,1779,1738,1854,0,1980,1921,1853,1891,1800,1843,1732,1747,1814,1671,1690,1836,1686,1698,1738,1681,1630,1630,1717,1616,0,2093,1977,1959,1981,1927,1883,1947,1919,1895,1836,1874,1825,1830,1751,1764,1786,1757,1724,1647,1679,1709,0.1094,0.1094,0.1094,0.1094,0.1094,0.1094,0.1094,0.1094,0.1094,0.1094,0.1094,0.1094,0.1094,0.1094,0.1094,0.1094,0.1094,0.1094,0.1094,0.1094,0.0,0.1119,0.1119,0.1119,0.1119,0.1119,0.1119,0.1119,0.1119,0.1119,0.1119,0.1119,0.1119,0.1119,0.1119,0.1119,0.1119,0.1119,0.1119,0.1119,0.1119,0.0,0.1094,0.1094,0.1094,0.1094,0.1094,0.1094,0.1094,0.1094,0.1094,0.1094,0.1094,0.1094,0.1094,0.1094,0.1094,0.1094,0.1094,0.1094,0.1094,0.1094,0.0,0.1072,0.1072,0.1072,0.1072,0.1072,0.1072,0.1072,0.1072,0.1072,0.1072,0.1072,0.1072,0.1072,0.1072,0.1072,0.1072,0.1072,0.1072,0.1072,0.1072,0.0,0.1013,0.1013,0.1013,0.1013,0.1013,0.1013,0.1013,0.1013,0.1013,0.1013,0.1013,0.1013,0.1013,0.1013,0.1013,0.1013,0.1013,0.1013,0.1013,0.1013,0.0,0.1053,0.1053,0.1053,0.1053,0.1053,0.1053,0.1053,0.1053,0.1053,0.1053,0.1053,0.1053,0.1053,0.1053,0.1053,0.1053,0.1053,0.1053,0.1053,0.1053,0.1053,
36.30537486076355,2172,2129,2114,2076,2050,2059,2028,2003,2014,1935,1944,1933,1910,1904,1825,1831,1835,1806,1901,1835,0,2240,2190,2219,2107,2194,2106,2150,2017,2007,2000,1941,1988,1928,1930,1904,1882,1877,1944,1915,1894,0,2214,2164,2172,2113,2142,2040,2057,2023,2039,2000,1990,2031,1967,1933,1900,1848,1822,1872,1805,1795,0,2194,2155,2116,2109,2207,2089,2058,2059,2031,1978,1936,1964,1910,1928,1998,1912,1813,1779,1738,1854,0,1980,1921,1853,1891,1800,1843,1732,1747,1814,1671,1690,1836,1686,1698,1738,1681,1630,1630,1717,1616,0,2093,1977,1959,1981,1927,1883,1947,1919,1895,1836,1874,1825,1830,1751,1764,1786,1757,1724,1647,1679,1709,0.1094,0.1094,0.1094,0.1094,0.1094,0.1094,0.1094,0.1094,0.1094,0.1094,0.1094,0.1094,0.1094,0.1094,0.1094,0.1094,0.1094,0.1094,0.1094,0.1094,0.0,0.1119,0.1119,0.1119,0.1119,0.1119,0.1119,0.1119,0.1119,0.1119,0.1119,0.1119,0.1119,0.1119,0.1119,0.1119,0.1119,0.1119,0.1119,0.1119,0.1119,0.0,0.1094,0.1094,0.1094,0.1094,0.1094,0.1094,0.1094,0.1094,0.1094,0.1094,0.1094,0.1094,0.1094,0.1094,0.1094,0.1094,0.1094,0.1094,0.1094,0.1094,0.0,0.1072,0.1072,0.1072,0.1072,0.1072,0.1072,0.1072,0.1072,0.1072,0.1072,0.1072,0.1072,0.1072,0.1072,0.1072,0.1072,0.1072,0.1072,0.1072,0.1072,0.0,0.1013,0.1013,0.1013,0.1013,0.1013,0.1013,0.1013,0.1013,0.1013,0.1013,0.1013,0.1013,0.1013,0.1013,0.1013,0.1013,0.1013,0.1013,0.1013,0.1013,0.0,0.1053,0.1053,0.1053,0.1053,0.1053,0.1053,0.1053,0.1053,0.1053,0.1053,0.1053,0.1053,0.1053,0.1053,0.1053,0.1053,0.1053,0.1053,0.1053,0.1053,0.1053,
36.40751004219055,2172,2129,2114,2076,2050,2059,2028,2003,2014,1935,1944,1933,1910,1904,1825,1831,1835,1806,1901,1835,0,2240,2190,2219,2107,2194,2106,2150,2017,2007,2000,1941,1988,1928,1930,1904,1882,1877,1944,1915,1894,0,2214,2164,2172,2113,2142,2040,2057,2023,2039,2000,1990,2031,1967,1933,1900,1848,1822,1872,1805,1795,0,2194,2155,2116,2109,2207,2089,2058,2059,2031,1978,1936,1964,1910,1928,1998,1912,1813,1779,1738,1854,0,1980,1921,1853,1891,1800,1843,1732,1747,1814,1671,1690,1836,1686,1698,1738,1681,1630,1630,1717,1616,0,2093,1977,1959,1981,1927,1883,1947,1919,1895,1836,1874,1825,1830,1751,1764,1786,1757,1724,1647,1679,1709,0.1094,0.1094,0.1094,0.1094,0.1094,0.1094,0.1094,0.1094,0.1094,0.1094,0.1094,0.1094,0.1094,0.1094,0.1094,0.1094,0.1094,0.1094,0.1094,0.1094,0.0,0.1119,0.1119,0.1119,0.1119,0.1119,0.1119,0.1119,0.1119,0.1119,0.1119,0.1119,0.1119,0.1119,0.1119,0.1119,0.1119,0.1119,0.1119,0.1119,0.1119,0.0,0.1094,0.1094,0.1094,0.1094,0.1094,0.1094,0.1094,0.1094,0.1094,0.1094,0.1094,0.1094,0.1094,0.1094,0.1094,0.1094,0.1094,0.1094,0.1094,0.1094,0.0,0.1072,0.1072,0.1072,0.1072,0.1072,0.1072,0.1072,0.1072,0.1072,0.1072,0.1072,0.1072,0.1072,0.1072,0.1072,0.1072,0.1072,0.1072,0.1072,0.1072,0.0,0.1013,0.1013,0.1013,0.1013,0.1013,0.1013,0.1013,0.1013,0.1013,0.1013,0.1013,0.1013,0.1013,0.1013,0.1013,0.1013,0.1013,0.1013,0.1013,0.1013,0.0,0.1053,0.1053,0.1053,0.1053,0.1053,0.1053,0.1053,0.1053,0.1053,0.1053,0.1053,0.1053,0.1053,0.1053,0.1053,0.1053,0.1053,0.1053,0.1053,0.1053,0.1053,
36.55959177017212,2172,2129,2114,2076,2050,2059,2028,2003,2014,1935,1944,1933,1910,1904,1825,1831,1835,1806,1901,1835,0,1806,1802,1802,1679,1790,1712,1737,1614,1587,1586,1529,1582,1532,1535,1863,1591,1555,1828,1607,1535,0,2214,2164,2172,2113,2142,2040,2057,2023,2039,2000,1990,2031,1967,1933,1900,1848,1822,1872,1805,1795,0,2194,2155,2116,2109,2207,2089,2058,2059,2031,1978,1936,1964,1910,1928,1998,1912,1813,1779,1738,1854,0,1980,1921,1853,1891,1800,1843,1732,1747,1814,1671,1690,1836,1686,1698,1738,1681,1630,1630,1717,1616,0,2093,1977,1959,1981,1927,1883,1947,1919,1895,1836,1874,1825,1830,1751,1764,1786,1757,1724,1647,1679,1709,0.1094,0.1094,0.1094,0.1094,0.1094,0.1094,0.1094,0.1094,0.1094,0.1094,0.1094,0.1094,0.1094,0.1094,0.1094,0.1094,0.1094,0.1094,0.1094,0.1094,0.0,0.1,0.1013,0.1013,0.1013,0.1013,0.1013,0.1013,0.1013,0.1013,0.1013,0.1013,0.1013,0.1013,0.1013,0.1013,0.1013,0.1013,0.1013,0.1013,0.1013,0.0,0.1094,0.1094,0.1094,0.1094,0.1094,0.1094,0.1094,0.1094,0.1094,0.1094,0.1094,0.1094,0.1094,0.1094,0.1094,0.1094,0.1094,0.1094,0.1094,0.1094,0.0,0.1072,0.1072,0.1072,0.1072,0.1072,0.1072,0.1072,0.1072,0.1072,0.1072,0.1072,0.1072,0.1072,0.1072,0.1072,0.1072,0.1072,0.1072,0.1072,0.1072,0.0,0.1013,0.1013,0.1013,0.1013,0.1013,0.1013,0.1013,0.1013,0.1013,0.1013,0.1013,0.1013,0.1013,0.1013,0.1013,0.1013,0.1013,0.1013,0.1013,0.1013,0.0,0.1053,0.1053,0.1053,0.1053,0.1053,0.1053,0.1053,0.1053,0.1053,0.1053,0.1053,0.1053,0.1053,0.1053,0.1053,0.1053,0.1053,0.1053,0.1053,0.1053,0.1053,
36.761518716812134,1828,1677,1663,1635,1666,1598,1566,1560,1585,1508,1520,1508,1530,1482,1565,1472,1401,1407,1576,1459,0,1806,1802,1802,1679,1790,1712,1737,1614,1587,1586,1529,1582,1532,1535,1863,1591,1555,1828,1607,1535,0,1801,1719,1752,1669,1690,1600,1617,1602,1722,1760,1608,1628,1626,1552,1735,1807,1579,1461,1428,1517,0,1723,1670,1637,1662,1769,1623,1600,1591,1609,1925,1707,1838,1508,1502,1608,1676,1732,1381,1343,1483,0,1980,1921,1853,1891,1800,1843,1732,1747,1814,1671,1690,1836,1686,1698,1738,1681,1630,1630,1717,1616,0,2093,1977,1959,1981,1927,1883,1947,1919,1895,1836,1874,1825,1830,1751,1764,1786,1757,1724,1647,1679,1709,0.1013,0.1013,0.1013,0.1013,0.1013,0.1013,0.1013,0.1013,0.1013,0.1013,0.1013,0.1013,0.1013,0.1013,0.1013,0.1013,0.1013,0.1013,0.1013,0.1013,0.0,0.1,0.1013,0.1013,0.1013,0.1013,0.1013,0.1013,0.1013,0.1013,0.1013,0.1013,0.1013,0.1013,0.1013,0.1013,0.1013,0.1013,0.1013,0.1013,0.1013,0.0,0.1001,0.1001,0.1001,0.1001,0.1001,0.1001,0.1001,0.1001,0.1001,0.1001,0.1001,0.1001,0.1001,0.1001,0.1001,0.1001,0.1001,0.1001,0.1001,0.1001,0.0,0.1013,0.1013,0.1013,0.1013,0.1013,0.1013,0.1013,0.1013,0.1013,0.1013,0.1013,0.1013,0.1013,0.1013,0.1013,0.1013,0.1013,0.1013,0.1013,0.1013,0.0,0.1013,0.1013,0.1013,0.1013,0.1013,0.1013,0.1013,0.1013,0.1013,0.1013,0.1013,0.1013,0.1013,0.1013,0.1013,0.1013,0.1013,0.1013,0.1013,0.1013,0.0,0.1053,0.1053,0.1053,0.1053,0.1053,0.1053,0.1053,0.1053,0.1053,0.1053,0.1053,0.1053,0.1053,0.1053,0.1053,0.1053,0.1053,0.1053,0.1053,0.1053,0.1053,
36.863105058670044,1828,1677,1663,1635,1666,1598,1566,1560,1585,1508,1520,1508,1530,1482,1565,1472,1401,1407,1576,1459,0,1806,1802,1802,1679,1790,1712,1737,1614,1587,1586,1529,1582,1532,1535,1863,1591,1555,1828,1607,1535,0,1801,1719,1752,1669,1690,1600,1617,1602,1722,1760,1608,1628,1626,1552,1735,1807,1579,1461,1428,1517,0,1723,1670,1637,1662,1769,1623,1600,1591,1609,1925,1707,1838,1508,1502,1608,1676,1732,1381,1343,1483,0,1980,1921,1853,1891,1800,1843,1732,1747,1814,1671,1690,1836,1686,1698,1738,1681,1630,1630,1717,1616,0,1688,1818181,1550,1616,1935,1784,1590,1557,1536,1492,1529,1728,1494,1376,1830,1819,2157,1709,1434,1362,1875,0.1013,0.1013,0.1013,0.1013,0.1013,0.1013,0.1013,0.1013,0.1013,0.1013,0.1013,0.1013,0.1013,0.1013,0.1013,0.1013,0.1013,0.1013,0.1013,0.1013,0.0,0.1,0.1013,0.1013,0.1013,0.1013,0.1013,0.1013,0.1013,0.1013,0.1013,0.1013,0.1013,0.1013,0.1013,0.1013,0.1013,0.1013,0.1013,0.1013,0.1013,0.0,0.1001,0.1001,0.1001,0.1001,0.1001,0.1001,0.1001,0.1001,0.1001,0.1001,0.1001,0.1001,0.1001,0.1001,0.1001,0.1001,0.1001,0.1001,0.1001,0.1001,0.0,0.1013,0.1013,0.1013,0.1013,0.1013,0.1013,0.1013,0.1013,0.1013,0.1013,0.1013,0.1013,0.1013,0.1013,0.1013,0.1013,0.1013,0.1013,0.1013,0.1013,0.0,0.1013,0.1013,0.1013,0.1013,0.1013,0.1013,0.1013,0.1013,0.1013,0.1013,0.1013,0.1013,0.1013,0.1013,0.1013,0.1013,0.1013,0.1013,0.1013,0.1013,0.0,0.1013,0.1037,0.1037,0.1037,0.1037,0.1037,0.1037,0.1037,0.1037,0.1037,0.1037,0.1037,0.1037,0.1037,0.1037,0.1037,0.1037,0.1037,0.1037,0.1037,0.1037,
36.964712381362915,1828,1677,1663,1635,1666,1598,1566,1560,1585,1508,1520,1508,1530,1482,1565,1472,1401,1407,1576,1459,0,1806,1802,1802,1679,1790,1712,1737,1614,1587,1586,1529,1582,1532,1535,1863,1591,1555,1828,1607,1535,0,1801,1719,1752,1669,1690,1600,1617,1602,1722,1760,1608,1628,1626,1552,1735,1807,1579,1461,1428,1517,0,1723,1670,1637,1662,1769,1623,1600,1591,1609,1925,1707,1838,1508,1502,1608,1676,1732,1381,1343,1483,0,1980,1921,1853,1891,1800,1843,1732,1747,1814,1671,1690,1836,1686,1698,1738,1681,1630,1630,1717,1616,0,1688,1818181,1550,1616,1935,1784,1590,1557,1536,1492,1529,1728,1494,1376,1830,1819,2157,1709,1434,1362,1875,0.1013,0.1013,0.1013,0.1013,0.1013,0.1013,0.1013,0.1013,0.1013,0.1013,0.1013,0.1013,0.1013,0.1013,0.1013,0.1013,0.1013,0.1013,0.1013,0.1013,0.0,0.1,0.1013,0.1013,0.1013,0.1013,0.1013,0.1013,0.1013,0.1013,0.1013,0.1013,0.1013,0.1013,0.1013,0.1013,0.1013,0.1013,0.1013,0.1013,0.1013,0.0,0.1001,0.1001,0.1001,0.1001,0.1001,0.1001,0.1001,0.1001,0.1001,0.1001,0.1001,0.1001,0.1001,0.1001,0.1001,0.1001,0.1001,0.1001,0.1001,0.1001,0.0,0.1013,0.1013,0.1013,0.1013,0.1013,0.1013,0.1013,0.1013,0.1013,0.1013,0.1013,0.1013,0.1013,0.1013,0.1013,0.1013,0.1013,0.1013,0.1013,0.1013,0.0,0.1013,0.1013,0.1013,0.1013,0.1013,0.1013,0.1013,0.1013,0.1013,0.1013,0.1013,0.1013,0.1013,0.1013,0.1013,0.1013,0.1013,0.1013,0.1013,0.1013,0.0,0.1013,0.1037,0.1037,0.1037,0.1037,0.1037,0.1037,0.1037,0.1037,0.1037,0.1037,0.1037,0.1037,0.1037,0.1037,0.1037,0.1037,0.1037,0.1037,0.1037,0.1037,
37.117090702056885,1828,1677,1663,1635,1666,1598,1566,1560,1585,1508,1520,1508,1530,1482,1565,1472,1401,1407,1576,1459,0,1806,1802,1802,1679,1790,1712,1737,1614,1587,1586,1529,1582,1532,1535,1863,1591,1555,1828,1607,1535,0,1801,1719,1752,1669,1690,1600,1617,1602,1722,1760,1608,1628,1626,1552,1735,1807,1579,1461,1428,1517,0,1723,1670,1637,1662,1769,1623,1600,1591,1609,1925,1707,1838,1508,1502,1608,1676,1732,1381,1343,1483,0,1980,1921,1853,1891,1800,1843,1732,1747,1814,1671,1690,1836,1686,1698,1738,1681,1630,1630,1717,1616,0,1688,1818181,1550,1616,1935,1784,1590,1557,1536,1492,1529,1728,1494,1376,1830,1819,2157,1709,1434,1362,1875,0.1013,0.1013,0.1013,0.1013,0.1013,0.1013,0.1013,0.1013,0.1013,0.1013,0.1013,0.1013,0.1013,0.1013,0.1013,0.1013,0.1013,0.1013,0.1013,0.1013,0.0,0.1,0.1013,0.1013,0.1013,0.1013,0.1013,0.1013,0.1013,0.1013,0.1013,0.1013,0.1013,0.1013,0.1013,0.1013,0.1013,0.1013,0.1013,0.1013,0.1013,0.0,0.1001,0.1001,0.1001,0.1001,0.1001,0.1001,0.1001,0.1001,0.1001,0.1001,0.1001,0.1001,0.1001,0.1001,0.1001,0.1001,0.1001,0.1001,0.1001,0.1001,0.0,0.1013,0.1013,0.1013,0.1013,0.1013,0.1013,0.1013,0.1013,0.1013,0.1013,0.1013,0.1013,0.1013,0.1013,0.1013,0.1013,0.1013,0.1013,0.1013,0.1013,0.0,0.1013,0.1013,0.1013,0.1013,0.1013,0.1013,0.1013,0.1013,0.1013,0.1013,0.1013,0.1013,0.1013,0.1013,0.1013,0.1013,0.1013,0.1013,0.1013,0.1013,0.0,0.1013,0.1037,0.1037,0.1037,0.1037,0.1037,0.1037,0.1037,0.1037,0.1037,0.1037,0.1037,0.1037,0.1037,0.1037,0.1037,0.1037,0.1037,0.1037,0.1037,0.1037,
37.218708753585815,1828,1677,1663,1635,1666,1598,1566,1560,1585,1508,1520,1508,1530,1482,1565,1472,1401,1407,1576,1459,0,1806,1802,1802,1679,1790,1712,1737,1614,1587,1586,1529,1582,1532,1535,1863,1591,1555,1828,1607,1535,0,1801,1719,1752,1669,1690,1600,1617,1602,1722,1760,1608,1628,1626,1552,1735,1807,1579,1461,1428,1517,0,1723,1670,1637,1662,1769,1623,1600,1591,1609,1925,1707,1838,1508,1502,1608,1676,1732,1381,1343,1483,0,1980,1921,1853,1891,1800,1843,1732,1747,1814,1671,1690,1836,1686,1698,1738,1681,1630,1630,1717,1616,0,1688,1818181,1550,1616,1935,1784,1590,1557,1536,1492,1529,1728,1494,1376,1830,1819,2157,1709,1434,1362,1875,0.1013,0.1013,0.1013,0.1013,0.1013,0.1013,0.1013,0.1013,0.1013,0.1013,0.1013,0.1013,0.1013,0.1013,0.1013,0.1013,0.1013,0.1013,0.1013,0.1013,0.0,0.1,0.1013,0.1013,0.1013,0.1013,0.1013,0.1013,0.1013,0.1013,0.1013,0.1013,0.1013,0.1013,0.1013,0.1013,0.1013,0.1013,0.1013,0.1013,0.1013,0.0,0.1001,0.1001,0.1001,0.1001,0.1001,0.1001,0.1001,0.1001,0.1001,0.1001,0.1001,0.1001,0.1001,0.1001,0.1001,0.1001,0.1001,0.1001,0.1001,0.1001,0.0,0.1013,0.1013,0.1013,0.1013,0.1013,0.1013,0.1013,0.1013,0.1013,0.1013,0.1013,0.1013,0.1013,0.1013,0.1013,0.1013,0.1013,0.1013,0.1013,0.1013,0.0,0.1013,0.1013,0.1013,0.1013,0.1013,0.1013,0.1013,0.1013,0.1013,0.1013,0.1013,0.1013,0.1013,0.1013,0.1013,0.1013,0.1013,0.1013,0.1013,0.1013,0.0,0.1013,0.1037,0.1037,0.1037,0.1037,0.1037,0.1037,0.1037,0.1037,0.1037,0.1037,0.1037,0.1037,0.1037,0.1037,0.1037,0.1037,0.1037,0.1037,0.1037,0.1037,
37.37053108215332,1828,1677,1663,1635,1666,1598,1566,1560,1585,1508,1520,1508,1530,1482,1565,1472,1401,1407,1576,1459,0,1806,1802,1802,1679,1790,1712,1737,1614,1587,1586,1529,1582,1532,1535,1863,1591,1555,1828,1607,1535,0,1801,1719,1752,1669,1690,1600,1617,1602,1722,1760,1608,1628,1626,1552,1735,1807,1579,1461,1428,1517,0,1723,1670,1637,1662,1769,1623,1600,1591,1609,1925,1707,1838,1508,1502,1608,1676,1732,1381,1343,1483,0,1626,1561,1443,1705,1830,1486,1344,2051,1812,1314,1646,1311,1367,1506,2001,1518,1296,1745,1314,1464,0,1688,1818181,1550,1616,1935,1784,1590,1557,1536,1492,1529,1728,1494,1376,1830,1819,2157,1709,1434,1362,1875,0.1013,0.1013,0.1013,0.1013,0.1013,0.1013,0.1013,0.1013,0.1013,0.1013,0.1013,0.1013,0.1013,0.1013,0.1013,0.1013,0.1013,0.1013,0.1013,0.1013,0.0,0.1,0.1013,0.1013,0.1013,0.1013,0.1013,0.1013,0.1013,0.1013,0.1013,0.1013,0.1013,0.1013,0.1013,0.1013,0.1013,0.1013,0.1013,0.1013,0.1013,0.0,0.1001,0.1001,0.1001,0.1001,0.1001,0.1001,0.1001,0.1001,0.1001,0.1001,0.1001,0.1001,0.1001,0.1001,0.1001,0.1001,0.1001,0.1001,0.1001,0.1001,0.0,0.1013,0.1013,0.1013,0.1013,0.1013,0.1013,0.1013,0.1013,0.1013,0.1013,0.1013,0.1013,0.1013,0.1013,0.1013,0.1013,0.1013,0.1013,0.1013,0.1013,0.0,0.1094,0.1094,0.1094,0.1094,0.1094,0.1094,0.1094,0.1094,0.1094,0.1094,0.1094,0.1094,0.1094,0.1094,0.1094,0.1094,0.1094,0.1094,0.1094,0.1094,0.0,0.1013,0.1037,0.1037,0.1037,0.1037,0.1037,0.1037,0.1037,0.1037,0.1037,0.1037,0.1037,0.1037,0.1037,0.1037,0.1037,0.1037,0.1037,0.1037,0.1037,0.1037,
37.522671699523926,1828,1677,1663,1635,1666,1598,1566,1560,1585,1508,1520,1508,1530,1482,1565,1472,1401,1407,1576,1459,0,1806,1802,1802,1679,1790,1712,1737,1614,1587,1586,1529,1582,1532,1535,1863,1591,1555,1828,1607,1535,0,1801,1719,1752,1669,1690,1600,1617,1602,1722,1760,1608,1628,1626,1552,1735,1807,1579,1461,1428,1517,0,1723,1670,1637,1662,1769,1623,1600,1591,1609,1925,1707,1838,1508,1502,1608,1676,1732,1381,1343,1483,0,1626,1561,1443,1705,1830,1486,1344,2051,1812,1314,1646,1311,1367,1506,2001,1518,1296,1745,1314,1464,0,1688,1818181,1550,1616,1935,1784,1590,1557,1536,1492,1529,1728,1494,1376,1830,1819,2157,1709,1434,1362,1875,0.1013,0.1013,0.1013,0.1013,0.1013,0.1013,0.1013,0.1013,0.1013,0.1013,0.1013,0.1013,0.1013,0.1013,0.1013,0.1013,0.1013,0.1013,0.1013,0.1013,0.0,0.1,0.1013,0.1013,0.1013,0.1013,0.1013,0.1013,0.1013,0.1013,0.1013,0.1013,0.1013,0.1013,0.1013,0.1013,0.1013,0.1013,0.1013,0.1013,0.1013,0.0,0.1001,0.1001,0.1001,0.1001,0.1001,0.1001,0.1001,0.1001,0.1001,0.1001,0.1001,0.1001,0.1001,0.1001,0.1001,0.1001,0.1001,0.1001,0.1001,0.1001,0.0,0.1013,0.1013,0.1013,0.1013,0.1013,0.1013,0.1013,0.1013,0.1013,0.1013,0.1013,0.1013,0.1013,0.1013,0.1013,0.1013,0.1013,0.1013,0.1013,0.1013,0.0,0.1094,0.1094,0.1094,0.1094,0.1094,0.1094,0.1094,0.1094,0.1094,0.1094,0.1094,0.1094,0.1094,0.1094,0.1094,0.1094,0.1094,0.1094,0.1094,0.1094,0.0,0.1013,0.1037,0.1037,0.1037,0.1037,0.1037,0.1037,0.1037,0.1037,0.1037,0.1037,0.1037,0.1037,0.1037,0.1037,0.1037,0.1037,0.1037,0.1037,0.1037,0.1037,
37.624212980270386,1828,1677,1663,1635,1666,1598,1566,1560,1585,1508,1520,1508,1530,1482,1565,1472,1401,1407,1576,1459,0,1806,1802,1802,1679,1790,1712,1737,1614,1587,1586,1529,1582,1532,1535,1863,1591,1555,1828,1607,1535,0,1801,1719,1752,1669,1690,1600,1617,1602,1722,1760,1608,1628,1626,1552,1735,1807,1579,1461,1428,1517,0,1723,1670,1637,1662,1769,1623,1600,1591,1609,1925,1707,1838,1508,1502,1608,1676,1732,1381,1343,1483,0,1626,1561,1443,1705,1830,1486,1344,2051,1812,1314,1646,1311,1367,1506,2001,1518,1296,1745,1314,1464,0,1688,1818181,1550,1616,1935,1784,1590,1557,1536,1492,1529,1728,1494,1376,1830,1819,2157,1709,1434,1362,1875,0.1013,0.1013,0.1013,0.1013,0.1013,0.1013,0.1013,0.1013,0.1013,0.1013,0.1013,0.1013,0.1013,0.1013,0.1013,0.1013,0.1013,0.1013,0.1013,0.1013,0.0,0.1,0.1013,0.1013,0.1013,0.1013,0.1013,0.1013,0.1013,0.1013,0.1013,0.1013,0.1013,0.1013,0.1013,0.1013,0.1013,0.1013,0.1013,0.1013,0.1013,0.0,0.1001,0.1001,0.1001,0.1001,0.1001,0.1001,0.1001,0.1001,0.1001,0.1001,0.1001,0.1001,0.1001,0.1001,0.1001,0.1001,0.1001,0.1001,0.1001,0.1001,0.0,0.1013,0.1013,0.1013,0.1013,0.1013,0.1013,0.1013,0.1013,0.1013,0.1013,0.1013,0.1013,0.1013,0.1013,0.1013,0.1013,0.1013,0.1013,0.1013,0.1013,0.0,0.1094,0.1094,0.1094,0.1094,0.1094,0.1094,0.1094,0.1094,0.1094,0.1094,0.1094,0.1094,0.1094,0.1094,0.1094,0.1094,0.1094,0.1094,0.1094,0.1094,0.0,0.1013,0.1037,0.1037,0.1037,0.1037,0.1037,0.1037,0.1037,0.1037,0.1037,0.1037,0.1037,0.1037,0.1037,0.1037,0.1037,0.1037,0.1037,0.1037,0.1037,0.1037,
37.72571420669556,1828,1677,1663,1635,1666,1598,1566,1560,1585,1508,1520,1508,1530,1482,1565,1472,1401,1407,1576,1459,0,1768,1437,1632,1802,1437,1397,1466,1263,1516,2151,1261,1331,1765,1569,1960,1341,1691,2043,1269,1556,0,1469,1384,1407,1346,1838,1595,1383,1853,1439,1500,1538,1469,1415,1401,1830,1281,1460,1720,2121,1255,0,1723,1670,1637,1662,1769,1623,1600,1591,1609,1925,1707,1838,1508,1502,1608,1676,1732,1381,1343,1483,0,1626,1561,1443,1705,1830,1486,1344,2051,1812,1314,1646,1311,1367,1506,2001,1518,1296,1745,1314,1464,0,1688,1818181,1550,1616,1935,1784,1590,1557,1536,1492,1529,1728,1494,1376,1830,1819,2157,1709,1434,1362,1875,0.1013,0.1013,0.1013,0.1013,0.1013,0.1013,0.1013,0.1013,0.1013,0.1013,0.1013,0.1013,0.1013,0.1013,0.1013,0.1013,0.1013,0.1013,0.1013,0.1013,0.0,0.1247,0.1247,0.1247,0.1247,0.1247,0.1247,0.1247,0.1247,0.1247,0.1247,0.1247,0.1247,0.1247,0.1247,0.1247,0.1247,0.1247,0.1247,0.1247,0.1247,0.0,0.1247,0.1247,0.1247,0.1247,0.1247,0.1247,0.1247,0.1247,0.1247,0.1247,0.1247,0.1247,0.1247,0.1247,0.1247,0.1247,0.1247,0.1247,0.1247,0.1247,0.0,0.1013,0.1013,0.1013,0.1013,0.1013,0.1013,0.1013,0.1013,0.1013,0.1013,0.1013,0.1013,0.1013,0.1013,0.1013,0.1013,0.1013,0.1013,0.1013,0.1013,0.0,0.1094,0.1094,0.1094,0.1094,0.1094,0.1094,0.1094,0.1094,0.1094,0.1094,0.1094,0.1094,0.1094,0.1094,0.1094,0.1094,0.1094,0.1094,0.1094,0.1094,0.0,0.1013,0.1037,0.1037,0.1037,0.1037,0.1037,0.1037,0.1037,0.1037,0.1037,0.1037,0.1037,0.1037,0.1037,0.1037,0.1037,0.1037,0.1037,0.1037,0.1037,0.1037,
37.87740182876587,1667,1561,1617,1335,1622,1326,1816,1261,1847,1307,1203,1313,1260,1911,1343,1712,1342,1201,1553,1672,0,1768,1437,1632,1802,1437,1397,1466,1263,1516,2151,1261,1331,1765,1569,1960,1341,1691,2043,1269,1556,0,1469,1384,1407,1346,1838,1595,1383,1853,1439,1500,1538,1469,1415,1401,1830,1281,1460,1720,2121,1255,0,1337,2047,1476,1309,1892,1303,2344,1541,1865,2233,1534,1580,2055,1518,1444,1262,1935,0,1635,2318,0,1626,1561,1443,1705,1830,1486,1344,2051,1812,1314,1646,1311,1367,1506,2001,1518,1296,1745,1314,1464,0,1688,1818181,1550,1616,1935,1784,1590,1557,1536,1492,1529,1728,1494,1376,1830,1819,2157,1709,1434,1362,1875,0.1286,0.1286,0.1286,0.1286,0.1286,0.1286,0.1286,0.1286,0.1286,0.1286,0.1286,0.1286,0.1286,0.1286,0.1286,0.1286,0.1286,0.1286,0.1286,0.1286,0.0,0.1247,0.1247,0.1247,0.1247,0.1247,0.1247,0.1247,0.1247,0.1247,0.1247,0.1247,0.1247,0.1247,0.1247,0.1247,0.1247,0.1247,0.1247,0.1247,0.1247,0.0,0.1247,0.1247,0.1247,0.1247,0.1247,0.1247,0.1247,0.1247,0.1247,0.1247,0.1247,0.1247,0.1247,0.1247,0.1247,0.1247,0.1247,0.1247,0.1247,0.1247,0.0,0.1247,0.1327,0.1327,0.1327,0.1327,0.1327,0.1327,0.1327,0.1327,0.1327,0.1327,0.1327,0.1327,0.1327,0.1327,0.1327,0.1327,0.1327,0.1327,0.1327,0.0,0.1094,0.1094,0.1094,0.1094,0.1094,0.1094,0.1094,0.1094,0.1094,0.1094,0.1094,0.1094,0.1094,0.1094,0.1094,0.1094,0.1094,0.1094,0.1094,0.1094,0.0,0.1013,0.1037,0.1037,0.1037,0.1037,0.1037,0.1037,0.1037,0.1037,0.1037,0.1037,0.1037,0.1037,0.1037,0.1037,0.1037,0.1037,0.1037,0.1037,0.1037,0.1037,
37.980229139328,1667,1561,1617,1335,1622,1326,1816,1261,1847,1307,1203,1313,1260,1911,1343,1712,1342,1201,1553,1672,0,1768,1437,1632,1802,1437,1397,1466,1263,1516,2151,1261,1331,1765,1569,1960,1341,1691,2043,1269,1556,0,1469,1384,1407,1346,1838,1595,1383,1853,1439,1500,1538,1469,1415,1401,1830,1281,1460,1720,2121,1255,0,1337,2047,1476,1309,1892,1303,2344,1541,1865,2233,1534,1580,2055,1518,1444,1262,1935,0,1635,2318,0,1626,1561,1443,1705,1830,1486,1344,2051,1812,1314,1646,1311,1367,1506,2001,1518,1296,1745,1314,1464,0,1688,1818181,1550,1616,1935,1784,1590,1557,1536,1492,1529,1728,1494,1376,1830,1819,2157,1709,1434,1362,1875,0.1286,0.1286,0.1286,0.1286,0.1286,0.1286,0.1286,0.1286,0.1286,0.1286,0.1286,0.1286,0.1286,0.1286,0.1286,0.1286,0.1286,0.1286,0.1286,0.1286,0.0,0.1247,0.1247,0.1247,0.1247,0.1247,0.1247,0.1247,0.1247,0.1247,0.1247,0.1247,0.1247,0.1247,0.1247,0.1247,0.1247,0.1247,0.1247,0.1247,0.1247,0.0,0.1247,0.1247,0.1247,0.1247,0.1247,0.1247,0.1247,0.1247,0.1247,0.1247,0.1247,0.1247,0.1247,0.1247,0.1247,0.1247,0.1247,0.1247,0.1247,0.1247,0.0,0.1247,0.1327,0.1327,0.1327,0.1327,0.1327,0.1327,0.1327,0.1327,0.1327,0.1327,0.1327,0.1327,0.1327,0.1327,0.1327,0.1327,0.1327,0.1327,0.1327,0.0,0.1094,0.1094,0.1094,0.1094,0.1094,0.1094,0.1094,0.1094,0.1094,0.1094,0.1094,0.1094,0.1094,0.1094,0.1094,0.1094,0.1094,0.1094,0.1094,0.1094,0.0,0.1013,0.1037,0.1037,0.1037,0.1037,0.1037,0.1037,0.1037,0.1037,0.1037,0.1037,0.1037,0.1037,0.1037,0.1037,0.1037,0.1037,0.1037,0.1037,0.1037,0.1037,
38.08303165435791,1667,1561,1617,1335,1622,1326,1816,1261,1847,1307,1203,1313,1260,1911,1343,1712,1342,1201,1553,1672,0,1768,1437,1632,1802,1437,1397,1466,1263,1516,2151,1261,1331,1765,1569,1960,1341,1691,2043,1269,1556,0,1469,1384,1407,1346,1838,1595,1383,1853,1439,1500,1538,1469,1415,1401,1830,1281,1460,1720,2121,1255,0,1337,2047,1476,1309,1892,1303,2344,1541,1865,2233,1534,1580,2055,1518,1444,1262,1935,0,1635,2318,0,1626,1561,1443,1705,1830,1486,1344,2051,1812,1314,1646,1311,1367,1506,2001,1518,1296,1745,1314,1464,0,1377,1217,1738,1791,1526,1200,1364,1245,1228,1991,1227,2076,1391,2036,1310,1708,1494,1639,1414,2133,1523,0.1286,0.1286,0.1286,0.1286,0.1286,0.1286,0.1286,0.1286,0.1286,0.1286,0.1286,0.1286,0.1286,0.1286,0.1286,0.1286,0.1286,0.1286,0.1286,0.1286,0.0,0.1247,0.1247,0.1247,0.1247,0.1247,0.1247,0.1247,0.1247,0.1247,0.1247,0.1247,0.1247,0.1247,0.1247,0.1247,0.1247,0.1247,0.1247,0.1247,0.1247,0.0,0.1247,0.1247,0.1247,0.1247,0.1247,0.1247,0.1247,0.1247,0.1247,0.1247,0.1247,0.1247,0.1247,0.1247,0.1247,0.1247,0.1247,0.1247,0.1247,0.1247,0.0,0.1247,0.1327,0.1327,0.1327,0.1327,0.1327,0.1327,0.1327,0.1327,0.1327,0.1327,0.1327,0.1327,0.1327,0.1327,0.1327,0.1327,0.1327,0.1327,0.1327,0.0,0.1094,0.1094,0.1094,0.1094,0.1094,0.1094,0.1094,0.1094,0.1094,0.1094,0.1094,0.1094,0.1094,0.1094,0.1094,0.1094,0.1094,0.1094,0.1094,0.1094,0.0,0.1371,0.1371,0.1371,0.1371,0.1371,0.1371,0.1371,0.1371,0.1371,0.1371,0.1371,0.1371,0.1371,0.1371,0.1371,0.1371,0.1371,0.1371,0.1371,0.1371,0.1371,
38.235992670059204,1667,1561,1617,1335,1622,1326,1816,1261,1847,1307,1203,1313,1260,1911,1343,1712,1342,1201,1553,1672,0,1768,1437,1632,1802,1437,1397,1466,1263,1516,2151,1261,1331,1765,1569,1960,1341,1691,2043,1269,1556,0,1469,1384,1407,1346,1838,1595,1383,1853,1439,1500,1538,1469,1415,1401,1830,1281,1460,1720,2121,1255,0,1337,2047,1476,1309,1892,1303,2344,1541,1865,2233,1534,1580,2055,1518,1444,1262,1935,0,1635,2318,0,1626,1561,1443,1705,1830,1486,1344,2051,1812,1314,1646,1311,1367,1506,2001,1518,1296,1745,1314,1464,0,1377,1217,1738,1791,1526,1200,1364,1245,1228,1991,1227,2076,1391,2036,1310,1708,1494,1639,1414,2133,1523,0.1286,0.1286,0.1286,0.1286,0.1286,0.1286,0.1286,0.1286,0.1286,0.1286,0.1286,0.1286,0.1286,0.1286,0.1286,0.1286,0.1286,0.1286,0.1286,0.1286,0.0,0.1247,0.1247,0.1247,0.1247,0.1247,0.1247,0.1247,0.1247,0.1247,0.1247,0.1247,0.1247,0.1247,0.1247,0.1247,0.1247,0.1247,0.1247,0.1247,0.1247,0.0,0.1247,0.1247,0.1247,0.1247,0.1247,0.1247,0.1247,0.1247,0.1247,0.1247,0.1247,0.1247,0.1247,0.1247,0.1247,0.1247,0.1247,0.1247,0.1247,0.1247,0.0,0.1247,0.1327,0.1327,0.1327,0.1327,0.1327,0.1327,0.1327,0.1327,0.1327,0.1327,0.1327,0.1327,0.1327,0.1327,0.1327,0.1327,0.1327,0.1327,0.1327,0.0,0.1094,0.1094,0.1094,0.1094,0.1094,0.1094,0.1094,0.1094,0.1094,0.1094,0.1094,0.1094,0.1094,0.1094,0.1094,0.1094,0.1094,0.1094,0.1094,0.1094,0.0,0.1371,0.1371,0.1371,0.1371,0.1371,0.1371,0.1371,0.1371,0.1371,0.1371,0.1371,0.1371,0.1371,0.1371,0.1371,0.1371,0.1371,0.1371,0.1371,0.1371,0.1371,
38.38893699645996,1667,1561,1617,1335,1622,1326,1816,1261,1847,1307,1203,1313,1260,1911,1343,1712,1342,1201,1553,1672,0,1768,1437,1632,1802,1437,1397,1466,1263,1516,2151,1261,1331,1765,1569,1960,1341,1691,2043,1269,1556,0,1469,1384,1407,1346,1838,1595,1383,1853,1439,1500,1538,1469,1415,1401,1830,1281,1460,1720,2121,1255,0,1337,2047,1476,1309,1892,1303,2344,1541,1865,2233,1534,1580,2055,1518,1444,1262,1935,0,1635,2318,0,1626,1561,1443,1705,1830,1486,1344,2051,1812,1314,1646,1311,1367,1506,2001,1518,1296,1745,1314,1464,0,1377,1217,1738,1791,1526,1200,1364,1245,1228,1991,1227,2076,1391,2036,1310,1708,1494,1639,1414,2133,1523,0.1286,0.1286,0.1286,0.1286,0.1286,0.1286,0.1286,0.1286,0.1286,0.1286,0.1286,0.1286,0.1286,0.1286,0.1286,0.1286,0.1286,0.1286,0.1286,0.1286,0.0,0.1247,0.1247,0.1247,0.1247,0.1247,0.1247,0.1247,0.1247,0.1247,0.1247,0.1247,0.1247,0.1247,0.1247,0.1247,0.1247,0.1247,0.1247,0.1247,0.1247,0.0,0.1247,0.1247,0.1247,0.1247,0.1247,0.1247,0.1247,0.1247,0.1247,0.1247,0.1247,0.1247,0.1247,0.1247,0.1247,0.1247,0.1247,0.1247,0.1247,0.1247,0.0,0.1247,0.1327,0.1327,0.1327,0.1327,0.1327,0.1327,0.1327,0.1327,0.1327,0.1327,0.1327,0.1327,0.1327,0.1327,0.1327,0.1327,0.1327,0.1327,0.1327,0.0,0.1094,0.1094,0.1094,0.1094,0.1094,0.1094,0.1094,0.1094,0.1094,0.1094,0.1094,0.1094,0.1094,0.1094,0.1094,0.1094,0.1094,0.1094,0.1094,0.1094,0.0,0.1371,0.1371,0.1371,0.1371,0.1371,0.1371,0.1371,0.1371,0.1371,0.1371,0.1371,0.1371,0.1371,0.1371,0.1371,0.1371,0.1371,0.1371,0.1371,0.1371,0.1371,
38.49178504943848,1667,1561,1617,1335,1622,1326,1816,1261,1847,1307,1203,1313,1260,1911,1343,1712,1342,1201,1553,1672,0,1768,1437,1632,1802,1437,1397,1466,1263,1516,2151,1261,1331,1765,1569,1960,1341,1691,2043,1269,1556,0,1469,1384,1407,1346,1838,1595,1383,1853,1439,1500,1538,1469,1415,1401,1830,1281,1460,1720,2121,1255,0,1337,2047,1476,1309,1892,1303,2344,1541,1865,2233,1534,1580,2055,1518,1444,1262,1935,0,1635,2318,0,1626,1561,1443,1705,1830,1486,1344,2051,1812,1314,1646,1311,1367,1506,2001,1518,1296,1745,1314,1464,0,1377,1217,1738,1791,1526,1200,1364,1245,1228,1991,1227,2076,1391,2036,1310,1708,1494,1639,1414,2133,1523,0.1286,0.1286,0.1286,0.1286,0.1286,0.1286,0.1286,0.1286,0.1286,0.1286,0.1286,0.1286,0.1286,0.1286,0.1286,0.1286,0.1286,0.1286,0.1286,0.1286,0.0,0.1247,0.1247,0.1247,0.1247,0.1247,0.1247,0.1247,0.1247,0.1247,0.1247,0.1247,0.1247,0.1247,0.1247,0.1247,0.1247,0.1247,0.1247,0.1247,0.1247,0.0,0.1247,0.1247,0.1247,0.1247,0.1247,0.1247,0.1247,0.1247,0.1247,0.1247,0.1247,0.1247,0.1247,0.1247,0.1247,0.1247,0.1247,0.1247,0.1247,0.1247,0.0,0.1247,0.1327,0.1327,0.1327,0.1327,0.1327,0.1327,0.1327,0.1327,0.1327,0.1327,0.1327,0.1327,0.1327,0.1327,0.1327,0.1327,0.1327,0.1327,0.1327,0.0,0.1094,0.1094,0.1094,0.1094,0.1094,0.1094,0.1094,0.1094,0.1094,0.1094,0.1094,0.1094,0.1094,0.1094,0.1094,0.1094,0.1094,0.1094,0.1094,0.1094,0.0,0.1371,0.1371,0.1371,0.1371,0.1371,0.1371,0.1371,0.1371,0.1371,0.1371,0.1371,0.1371,0.1371,0.1371,0.1371,0.1371,0.1371,0.1371,0.1371,0.1371,0.1371,
38.59460473060608,1667,1561,1617,1335,1622,1326,1816,1261,1847,1307,1203,1313,1260,1911,1343,1712,1342,1201,1553,1672,0,1768,1437,1632,1802,1437,1397,1466,1263,1516,2151,1261,1331,1765,1569,1960,1341,1691,2043,1269,1556,0,1469,1384,1407,1346,1838,1595,1383,1853,1439,1500,1538,1469,1415,1401,1830,1281,1460,1720,2121,1255,0,1337,2047,1476,1309,1892,1303,2344,1541,1865,2233,1534,1580,2055,1518,1444,1262,1935,0,1635,2318,0,2024,1355,1702,1457,0,1264,1547,1461,1515,0,2034,1433,1613,1765,1298,1787,0,1355,1208,2010,0,1377,1217,1738,1791,1526,1200,1364,1245,1228,1991,1227,2076,1391,2036,1310,1708,1494,1639,1414,2133,1523,0.1286,0.1286,0.1286,0.1286,0.1286,0.1286,0.1286,0.1286,0.1286,0.1286,0.1286,0.1286,0.1286,0.1286,0.1286,0.1286,0.1286,0.1286,0.1286,0.1286,0.0,0.1247,0.1247,0.1247,0.1247,0.1247,0.1247,0.1247,0.1247,0.1247,0.1247,0.1247,0.1247,0.1247,0.1247,0.1247,0.1247,0.1247,0.1247,0.1247,0.1247,0.0,0.1247,0.1247,0.1247,0.1247,0.1247,0.1247,0.1247,0.1247,0.1247,0.1247,0.1247,0.1247,0.1247,0.1247,0.1247,0.1247,0.1247,0.1247,0.1247,0.1247,0.0,0.1247,0.1327,0.1327,0.1327,0.1327,0.1327,0.1327,0.1327,0.1327,0.1327,0.1327,0.1327,0.1327,0.1327,0.1327,0.1327,0.1327,0.1327,0.1327,0.1327,0.0,0.1519,0.1519,0.1519,0.1519,0.1519,0.1519,0.1519,0.1519,0.1519,0.1519,0.1519,0.1519,0.1519,0.1519,0.1519,0.1519,0.1519,0.1519,0.1519,0.1519,0.0,0.1371,0.1371,0.1371,0.1371,0.1371,0.1371,0.1371,0.1371,0.1371,0.1371,0.1371,0.1371,0.1371,0.1371,0.1371,0.1371,0.1371,0.1371,0.1371,0.1371,0.1371,
38.79775142669678,1667,1561,1617,1335,1622,1326,1816,1261,1847,1307,1203,1313,1260,1911,1343,1712,1342,1201,1553,1672,0,1768,1437,1632,1802,1437,1397,1466,1263,1516,2151,1261,1331,1765,1569,1960,1341,1691,2043,1269,1556,0,1469,1384,1407,1346,1838,1595,1383,1853,1439,1500,1538,1469,1415,1401,1830,1281,1460,1720,2121,1255,0,1337,2047,1476,1309,1892,1303,2344,1541,1865,2233,1534,1580,2055,1518,1444,1262,1935,0,1635,2318,0,2024,1355,1702,1457,0,1264,1547,1461,1515,0,2034,1433,1613,1765,1298,1787,0,1355,1208,2010,0,1377,1217,1738,1791,1526,1200,1364,1245,1228,1991,1227,2076,1391,2036,1310,1708,1494,1639,1414,2133,1523,0.1286,0.1286,0.1286,0.1286,0.1286,0.1286,0.1286,0.1286,0.1286,0.1286,0.1286,0.1286,0.1286,0.1286,0.1286,0.1286,0.1286,0.1286,0.1286,0.1286,0.0,0.1247,0.1247,0.1247,0.1247,0.1247,0.1247,0.1247,0.1247,0.1247,0.1247,0.1247,0.1247,0.1247,0.1247,0.1247,0.1247,0.1247,0.1247,0.1247,0.1247,0.0,0.1247,0.1247,0.1247,0.1247,0.1247,0.1247,0.1247,0.1247,0.1247,0.1247,0.1247,0.1247,0.1247,0.1247,0.1247,0.1247,0.1247,0.1247,0.1247,0.1247,0.0,0.1247,0.1327,0.1327,0.1327,0.1327,0.1327,0.1327,0.1327,0.1327,0.1327,0.1327,0.1327,0.1327,0.1327,0.1327,0.1327,0.1327,0.1327,0.1327,0.1327,0.0,0.1519,0.1519,0.1519,0.1519,0.1519,0.1519,0.1519,0.1519,0.1519,0.1519,0.1519,0.1519,0.1519,0.1519,0.1519,0.1519,0.1519,0.1519,0.1519,0.1519,0.0,0.1371,0.1371,0.1371,0.1371,0.1371,0.1371,0.1371,0.1371,0.1371,0.1371,0.1371,0.1371,0.1371,0.1371,0.1371,0.1371,0.1371,0.1371,0.1371,0.1371,0.1371,
38.90057396888733,1667,1561,1617,1335,1622,1326,1816,1261,1847,1307,1203,1313,1260,1911,1343,1712,1342,1201,1553,1672,0,1498,1412,1262,1549,1302,1445,1889,1691,1303,0,1280,1442,1279,1204,1909,1735,1446,1205,1843,1584,0,2092,0,2223,1773,0,0,1549,0,0,0,0,1403,1862,1832,1437,1765,1615,2097,1819,1688,0,1361,1233,0,1321,1719,0,1816,0,1797,1952,2053,0,1448,1923,2010,1222,1715,1686,1870,1663,0,2024,1355,1702,1457,0,1264,1547,1461,1515,0,2034,1433,1613,1765,1298,1787,0,1355,1208,2010,0,1377,1217,1738,1791,1526,1200,1364,1245,1228,1991,1227,2076,1391,2036,1310,1708,1494,1639,1414,2133,1523,0.1286,0.1286,0.1286,0.1286,0.1286,0.1286,0.1286,0.1286,0.1286,0.1286,0.1286,0.1286,0.1286,0.1286,0.1286,0.1286,0.1286,0.1286,0.1286,0.1286,0.0,0.1813,0.1813,0.1813,0.1813,0.1813,0.1813,0.1813,0.1813,0.1813,0.1813,0.1813,0.1813,0.1813,0.1813,0.1813,0.1813,0.1813,0.1813,0.1813,0.1813,0.0,0.175,0.175,0.175,0.175,0.175,0.175,0.175,0.175,0.175,0.175,0.175,0.175,0.175,0.175,0.175,0.175,0.175,0.175,0.175,0.175,0.0,0.175,0.175,0.175,0.175,0.175,0.175,0.175,0.175,0.175,0.175,0.175,0.175,0.175,0.175,0.175,0.175,0.175,0.175,0.175,0.175,0.0,0.1519,0.1519,0.1519,0.1519,0.1519,0.1519,0.1519,0.1519,0.1519,0.1519,0.1519,0.1519,0.1519,0.1519,0.1519,0.1519,0.1519,0.1519,0.1519,0.1519,0.0,0.1371,0.1371,0.1371,0.1371,0.1371,0.1371,0.1371,0.1371,0.1371,0.1371,0.1371,0.1371,0.1371,0.1371,0.1371,0.1371,0.1371,0.1371,0.1371,0.1371,0.1371,
39.05357003211975,0,0,1640,1771,0,1410,1493,1383,1684,1254,2218,1881,1415,1719,1726,1701,1368,1790,1729,1779,0,1498,1412,1262,1549,1302,1445,1889,1691,1303,0,1280,1442,1279,1204,1909,1735,1446,1205,1843,1584,0,2092,0,2223,1773,0,0,1549,0,0,0,0,1403,1862,1832,1437,1765,1615,2097,1819,1688,0,1361,1233,0,1321,1719,0,1816,0,1797,1952,2053,0,1448,1923,2010,1222,1715,1686,1870,1663,0,2024,1355,1702,1457,0,1264,1547,1461,1515,0,2034,1433,1613,1765,1298,1787,0,1355,1208,2010,0,1377,1217,1738,1791,1526,1200,1364,1245,1228,1991,1227,2076,1391,2036,1310,1708,1494,1639,1414,2133,1523,0.1879,0.1879,0.1879,0.1879,0.1879,0.1879,0.1879,0.1879,0.1879,0.1879,0.1879,0.1879,0.1879,0.1879,0.1879,0.1879,0.1879,0.1879,0.1879,0.1879,0.0,0.1813,0.1813,0.1813,0.1813,0.1813,0.1813,0.1813,0.1813,0.1813,0.1813,0.1813,0.1813,0.1813,0.1813,0.1813,0.1813,0.1813,0.1813,0.1813,0.1813,0.0,0.175,0.175,0.175,0.175,0.175,0.175,0.175,0.175,0.175,0.175,0.175,0.175,0.175,0.175,0.175,0.175,0.175,0.175,0.175,0.175,0.0,0.175,0.175,0.175,0.175,0.175,0.175,0.175,0.175,0.175,0.175,0.175,0.175,0.175,0.175,0.175,0.175,0.175,0.175,0.175,0.175,0.0,0.1519,0.1519,0.1519,0.1519,0.1519,0.1519,0.1519,0.1519,0.1519,0.1519,0.1519,0.1519,0.1519,0.1519,0.1519,0.1519,0.1519,0.1519,0.1519,0.1519,0.0,0.1371,0.1371,0.1371,0.1371,0.1371,0.1371,0.1371,0.1371,0.1371,0.1371,0.1371,0.1371,0.1371,0.1371,0.1371,0.1371,0.1371,0.1371,0.1371,0.1371,0.1371,
39.20655608177185,0,0,1640,1771,0,1410,1493,1383,1684,1254,2218,1881,1415,1719,1726,1701,1368,1790,1729,1779,0,1498,1412,1262,1549,1302,1445,1889,1691,1303,0,1280,1442,1279,1204,1909,1735,1446,1205,1843,1584,0,2092,0,2223,1773,0,0,1549,0,0,0,0,1403,1862,1832,1437,1765,1615,2097,1819,1688,0,1361,1233,0,1321,1719,0,1816,0,1797,1952,2053,0,1448,1923,2010,1222,1715,1686,1870,1663,0,2024,1355,1702,1457,0,1264,1547,1461,1515,0,2034,1433,1613,1765,1298,1787,0,1355,1208,2010,0,0,1535,1436,1944,0,1226,1964,1428,1255,1491,1765,1747,1883,1823,1779,1788,1979,1831,2051,1779,1989,0.1879,0.1879,0.1879,0.1879,0.1879,0.1879,0.1879,0.1879,0.1879,0.1879,0.1879,0.1879,0.1879,0.1879,0.1879,0.1879,0.1879,0.1879,0.1879,0.1879,0.0,0.1813,0.1813,0.1813,0.1813,0.1813,0.1813,0.1813,0.1813,0.1813,0.1813,0.1813,0.1813,0.1813,0.1813,0.1813,0.1813,0.1813,0.1813,0.1813,0.1813,0.0,0.175,0.175,0.175,0.175,0.175,0.175,0.175,0.175,0.175,0.175,0.175,0.175,0.175,0.175,0.175,0.175,0.175,0.175,0.175,0.175,0.0,0.175,0.175,0.175,0.175,0.175,0.175,0.175,0.175,0.175,0.175,0.175,0.175,0.175,0.175,0.175,0.175,0.175,0.175,0.175,0.175,0.0,0.1519,0.1519,0.1519,0.1519,0.1519,0.1519,0.1519,0.1519,0.1519,0.1519,0.1519,0.1519,0.1519,0.1519,0.1519,0.1519,0.1519,0.1519,0.1519,0.1519,0.0,0.2016,0.2016,0.2016,0.2016,0.2016,0.2016,0.2016,0.2016,0.2016,0.2016,0.2016,0.2016,0.2016,0.2016,0.2016,0.2016,0.2016,0.2016,0.2016,0.2016,0.2016,
39.51011323928833,0,0,1640,1771,0,1410,1493,1383,1684,1254,2218,1881,1415,1719,1726,1701,1368,1790,1729,1779,0,1498,1412,1262,1549,1302,1445,1889,1691,1303,0,1280,1442,1279,1204,1909,1735,1446,1205,1843,1584,0,2092,0,2223,1773,0,0,1549,0,0,0,0,1403,1862,1832,1437,1765,1615,2097,1819,1688,0,1361,1233,0,1321,1719,0,1816,0,1797,1952,2053,0,1448,1923,2010,1222,1715,1686,1870,1663,0,2024,1355,1702,1457,0,1264,1547,1461,1515,0,2034,1433,1613,1765,1298,1787,0,1355,1208,2010,0,0,1535,1436,1944,0,1226,1964,1428,1255,1491,1765,1747,1883,1823,1779,1788,1979,1831,2051,1779,1989,0.1879,0.1879,0.1879,0.1879,0.1879,0.1879,0.1879,0.1879,0.1879,0.1879,0.1879,0.1879,0.1879,0.1879,0.1879,0.1879,0.1879,0.1879,0.1879,0.1879,0.0,0.1813,0.1813,0.1813,0.1813,0.1813,0.1813,0.1813,0.1813,0.1813,0.1813,0.1813,0.1813,0.1813,0.1813,0.1813,0.1813,0.1813,0.1813,0.1813,0.1813,0.0,0.175,0.175,0.175,0.175,0.175,0.175,0.175,0.175,0.175,0.175,0.175,0.175,0.175,0.175,0.175,0.175,0.175,0.175,0.175,0.175,0.0,0.175,0.175,0.175,0.175,0.175,0.175,0.175,0.175,0.175,0.175,0.175,0.175,0.175,0.175,0.175,0.175,0.175,0.175,0.175,0.175,0.0,0.1519,0.1519,0.1519,0.1519,0.1519,0.1519,0.1519,0.1519,0.1519,0.1519,0.1519,0.1519,0.1519,0.1519,0.1519,0.1519,0.1519,0.1519,0.1519,0.1519,0.0,0.2016,0.2016,0.2016,0.2016,0.2016,0.2016,0.2016,0.2016,0.2016,0.2016,0.2016,0.2016,0.2016,0.2016,0.2016,0.2016,0.2016,0.2016,0.2016,0.2016,0.2016,
39.61292624473572,0,0,1640,1771,0,1410,1493,1383,1684,1254,2218,1881,1415,1719,1726,1701,1368,1790,1729,1779,0,1498,1412,1262,1549,1302,1445,1889,1691,1303,0,1280,1442,1279,1204,1909,1735,1446,1205,1843,1584,0,2092,0,2223,1773,0,0,1549,0,0,0,0,1403,1862,1832,1437,1765,1615,2097,1819,1688,0,1361,1233,0,1321,1719,0,1816,0,1797,1952,2053,0,1448,1923,2010,1222,1715,1686,1870,1663,0,1228,1343,1640,1327,1715,1375,1745,1806,1708,1848,2095,2008,1847,2121,1967,2116,2216,2262,2225,1981,0,0,1535,1436,1944,0,1226,1964,1428,1255,1491,1765,1747,1883,1823,1779,1788,1979,1831,2051,1779,1989,0.1879,0.1879,0.1879,0.1879,0.1879,0.1879,0.1879,0.1879,0.1879,0.1879,0.1879,0.1879,0.1879,0.1879,0.1879,0.1879,0.1879,0.1879,0.1879,0.1879,0.0,0.1813,0.1813,0.1813,0.1813,0.1813,0.1813,0.1813,0.1813,0.1813,0.1813,0.1813,0.1813,0.1813,0.1813,0.1813,0.1813,0.1813,0.1813,0.1813,0.1813,0.0,0.175,0.175,0.175,0.175,0.175,0.175,0.175,0.175,0.175,0.175,0.175,0.175,0.175,0.175,0.175,0.175,0.175,0.175,0.175,0.175,0.0,0.175,0.175,0.175,0.175,0.175,0.175,0.175,0.175,0.175,0.175,0.175,0.175,0.175,0.175,0.175,0.175,0.175,0.175,0.175,0.175,0.0,0.2237,0.2237,0.2237,0.2237,0.2237,0.2237,0.2237,0.2237,0.2237,0.2237,0.2237,0.2237,0.2237,0.2237,0.2237,0.2237,0.2237,0.2237,0.2237,0.2237,0.0,0.2016,0.2016,0.2016,0.2016,0.2016,0.2016,0.2016,0.2016,0.2016,0.2016,0.2016,0.2016,0.2016,0.2016,0.2016,0.2016,0.2016,0.2016,0.2016,0.2016,0.2016,
39.71570110321045,0,0,1640,1771,0,1410,1493,1383,1684,1254,2218,1881,1415,1719,1726,1701,1368,1790,1729,1779,0,1504,1744,1987,2024,1829,1880,2131,2159,2033,2071,1928,2148,2106,2234,2006,2292,2278,2304,2189,2300,0,1762,2046,1977,2120,2112,1954,2130,1839,2009,2261,2207,2167,2083,2095,2208,2197,2202,2254,2095,2137,0,1361,1233,0,1321,1719,0,1816,0,1797,1952,2053,0,1448,1923,2010,1222,1715,1686,1870,1663,0,1228,1343,1640,1327,1715,1375,1745,1806,1708,1848,2095,2008,1847,2121,1967,2116,2216,2262,2225,1981,0,0,1535,1436,1944,0,1226,1964,1428,1255,1491,1765,1747,1883,1823,1779,1788,1979,1831,2051,1779,1989,0.1879,0.1879,0.1879,0.1879,0.1879,0.1879,0.1879,0.1879,0.1879,0.1879,0.1879,0.1879,0.1879,0.1879,0.1879,0.1879,0.1879,0.1879,0.1879,0.1879,0.0,0.2237,0.2237,0.2237,0.2237,0.2237,0.2237,0.2237,0.2237,0.2237,0.2237,0.2237,0.2237,0.2237,0.2237,0.2237,0.2237,0.2237,0.2237,0.2237,0.2237,0.0,0.2393,0.2393,0.2393,0.2393,0.2393,0.2393,0.2393,0.2393,0.2393,0.2393,0.2393,0.2393,0.2393,0.2393,0.2393,0.2393,0.2393,0.2393,0.2393,0.2393,0.0,0.175,0.175,0.175,0.175,0.175,0.175,0.175,0.175,0.175,0.175,0.175,0.175,0.175,0.175,0.175,0.175,0.175,0.175,0.175,0.175,0.0,0.2237,0.2237,0.2237,0.2237,0.2237,0.2237,0.2237,0.2237,0.2237,0.2237,0.2237,0.2237,0.2237,0.2237,0.2237,0.2237,0.2237,0.2237,0.2237,0.2237,0.0,0.2016,0.2016,0.2016,0.2016,0.2016,0.2016,0.2016,0.2016,0.2016,0.2016,0.2016,0.2016,0.2016,0.2016,0.2016,0.2016,0.2016,0.2016,0.2016,0.2016,0.2016,
39.86866307258606,2050,2020,2071,2095,2020,2198,2097,1841,2291,2031,2230,1966,2171,2173,2153,2316,2393,2263,2292,2320,0,1504,1744,1987,2024,1829,1880,2131,2159,2033,2071,1928,2148,2106,2234,2006,2292,2278,2304,2189,2300,0,1762,2046,1977,2120,2112,1954,2130,1839,2009,2261,2207,2167,2083,2095,2208,2197,2202,2254,2095,2137,0,1937,2052,1922,2079,1822,1989,2230,1945,2164,2182,1898,2226,2275,2048,2252,2313,2229,2308,2251,2352,0,1228,1343,1640,1327,1715,1375,1745,1806,1708,1848,2095,2008,1847,2121,1967,2116,2216,2262,2225,1981,0,0,1535,1436,1944,0,1226,1964,1428,1255,1491,1765,1747,1883,1823,1779,1788,1979,1831,2051,1779,1989,0.2393,0.2393,0.2393,0.2393,0.2393,0.2393,0.2393,0.2393,0.2393,0.2393,0.2393,0.2393,0.2393,0.2393,0.2393,0.2393,0.2393,0.2393,0.2393,0.2393,0.0,0.2237,0.2237,0.2237,0.2237,0.2237,0.2237,0.2237,0.2237,0.2237,0.2237,0.2237,0.2237,0.2237,0.2237,0.2237,0.2237,0.2237,0.2237,0.2237,0.2237,0.0,0.2393,0.2393,0.2393,0.2393,0.2393,0.2393,0.2393,0.2393,0.2393,0.2393,0.2393,0.2393,0.2393,0.2393,0.2393,0.2393,0.2393,0.2393,0.2393,0.2393,0.0,0.2393,0.2638,0.2638,0.2638,0.2638,0.2638,0.2638,0.2638,0.2638,0.2638,0.2638,0.2638,0.2638,0.2638,0.2638,0.2638,0.2638,0.2638,0.2638,0.2638,0.0,0.2237,0.2237,0.2237,0.2237,0.2237,0.2237,0.2237,0.2237,0.2237,0.2237,0.2237,0.2237,0.2237,0.2237,0.2237,0.2237,0.2237,0.2237,0.2237,0.2237,0.0,0.2016,0.2016,0.2016,0.2016,0.2016,0.2016,0.2016,0.2016,0.2016,0.2016,0.2016,0.2016,0.2016,0.2016,0.2016,0.2016,0.2016,0.2016,0.2016,0.2016,0.2016,
39.97028636932373,2050,2020,2071,2095,2020,2198,2097,1841,2291,2031,2230,1966,2171,2173,2153,2316,2393,2263,2292,2320,0,1504,1744,1987,2024,1829,1880,2131,2159,2033,2071,1928,2148,2106,2234,2006,2292,2278,2304,2189,2300,0,1762,2046,1977,2120,2112,1954,2130,1839,2009,2261,2207,2167,2083,2095,2208,2197,2202,2254,2095,2137,0,1937,2052,1922,2079,1822,1989,2230,1945,2164,2182,1898,2226,2275,2048,2252,2313,2229,2308,2251,2352,0,1228,1343,1640,1327,1715,1375,1745,1806,1708,1848,2095,2008,1847,2121,1967,2116,2216,2262,2225,1981,0,2104,1934,1803,1848,2145,2004,2181,2084,2192,2032,2293,2368,2269,2164,2333,2251,2289,2371,2281,2419,2387,0.2393,0.2393,0.2393,0.2393,0.2393,0.2393,0.2393,0.2393,0.2393,0.2393,0.2393,0.2393,0.2393,0.2393,0.2393,0.2393,0.2393,0.2393,0.2393,0.2393,0.0,0.2237,0.2237,0.2237,0.2237,0.2237,0.2237,0.2237,0.2237,0.2237,0.2237,0.2237,0.2237,0.2237,0.2237,0.2237,0.2237,0.2237,0.2237,0.2237,0.2237,0.0,0.2393,0.2393,0.2393,0.2393,0.2393,0.2393,0.2393,0.2393,0.2393,0.2393,0.2393,0.2393,0.2393,0.2393,0.2393,0.2393,0.2393,0.2393,0.2393,0.2393,0.0,0.2393,0.2638,0.2638,0.2638,0.2638,0.2638,0.2638,0.2638,0.2638,0.2638,0.2638,0.2638,0.2638,0.2638,0.2638,0.2638,0.2638,0.2638,0.2638,0.2638,0.0,0.2237,0.2237,0.2237,0.2237,0.2237,0.2237,0.2237,0.2237,0.2237,0.2237,0.2237,0.2237,0.2237,0.2237,0.2237,0.2237,0.2237,0.2237,0.2237,0.2237,0.0,0.2638,0.2638,0.2638,0.2638,0.2638,0.2638,0.2638,0.2638,0.2638,0.2638,0.2638,0.2638,0.2638,0.2638,0.2638,0.2638,0.2638,0.2638,0.2638,0.2638,0.2638,
40.12201189994812,2050,2020,2071,2095,2020,2198,2097,1841,2291,2031,2230,1966,2171,2173,2153,2316,2393,2263,2292,2320,0,1504,1744,1987,2024,1829,1880,2131,2159,2033,2071,1928,2148,2106,2234,2006,2292,2278,2304,2189,2300,0,1762,2046,1977,2120,2112,1954,2130,1839,2009,2261,2207,2167,2083,2095,2208,2197,2202,2254,2095,2137,0,1937,2052,1922,2079,1822,1989,2230,1945,2164,2182,1898,2226,2275,2048,2252,2313,2229,2308,2251,2352,0,2308,2277,2051,2234,2217,2405,2341,2317,2344,2229,2298,2226,2494,2400,2375,2446,2434,2456,2524,2640,0,2104,1934,1803,1848,2145,2004,2181,2084,2192,2032,2293,2368,2269,2164,2333,2251,2289,2371,2281,2419,2387,0.2393,0.2393,0.2393,0.2393,0.2393,0.2393,0.2393,0.2393,0.2393,0.2393,0.2393,0.2393,0.2393,0.2393,0.2393,0.2393,0.2393,0.2393,0.2393,0.2393,0.0,0.2237,0.2237,0.2237,0.2237,0.2237,0.2237,0.2237,0.2237,0.2237,0.2237,0.2237,0.2237,0.2237,0.2237,0.2237,0.2237,0.2237,0.2237,0.2237,0.2237,0.0,0.2393,0.2393,0.2393,0.2393,0.2393,0.2393,0.2393,0.2393,0.2393,0.2393,0.2393,0.2393,0.2393,0.2393,0.2393,0.2393,0.2393,0.2393,0.2393,0.2393,0.0,0.2393,0.2638,0.2638,0.2638,0.2638,0.2638,0.2638,0.2638,0.2638,0.2638,0.2638,0.2638,0.2638,0.2638,0.2638,0.2638,0.2638,0.2638,0.2638,0.2638,0.0,0.2809,0.2809,0.2809,0.2809,0.2809,0.2809,0.2809,0.2809,0.2809,0.2809,0.2809,0.2809,0.2809,0.2809,0.2809,0.2809,0.2809,0.2809,0.2809,0.2809,0.0,0.2638,0.2638,0.2638,0.2638,0.2638,0.2638,0.2638,0.2638,0.2638,0.2638,0.2638,0.2638,0.2638,0.2638,0.2638,0.2638,0.2638,0.2638,0.2638,0.2638,0.2638,
40.22351408004761,2050,2020,2071,2095,2020,2198,2097,1841,2291,2031,2230,1966,2171,2173,2153,2316,2393,2263,2292,2320,0,1504,1744,1987,2024,1829,1880,2131,2159,2033,2071,1928,2148,2106,2234,2006,2292,2278,2304,2189,2300,0,1762,2046,1977,2120,2112,1954,2130,1839,2009,2261,2207,2167,2083,2095,2208,2197,2202,2254,2095,2137,0,1937,2052,1922,2079,1822,1989,2230,1945,2164,2182,1898,2226,2275,2048,2252,2313,2229,2308,2251,2352,0,2308,2277,2051,2234,2217,2405,2341,2317,2344,2229,2298,2226,2494,2400,2375,2446,2434,2456,2524,2640,0,2104,1934,1803,1848,2145,2004,2181,2084,2192,2032,2293,2368,2269,2164,2333,2251,2289,2371,2281,2419,2387,0.2393,0.2393,0.2393,0.2393,0.2393,0.2393,0.2393,0.2393,0.2393,0.2393,0.2393,0.2393,0.2393,0.2393,0.2393,0.2393,0.2393,0.2393,0.2393,0.2393,0.0,0.2237,0.2237,0.2237,0.2237,0.2237,0.2237,0.2237,0.2237,0.2237,0.2237,0.2237,0.2237,0.2237,0.2237,0.2237,0.2237,0.2237,0.2237,0.2237,0.2237,0.0,0.2393,0.2393,0.2393,0.2393,0.2393,0.2393,0.2393,0.2393,0.2393,0.2393,0.2393,0.2393,0.2393,0.2393,0.2393,0.2393,0.2393,0.2393,0.2393,0.2393,0.0,0.2393,0.2638,0.2638,0.2638,0.2638,0.2638,0.2638,0.2638,0.2638,0.2638,0.2638,0.2638,0.2638,0.2638,0.2638,0.2638,0.2638,0.2638,0.2638,0.2638,0.0,0.2809,0.2809,0.2809,0.2809,0.2809,0.2809,0.2809,0.2809,0.2809,0.2809,0.2809,0.2809,0.2809,0.2809,0.2809,0.2809,0.2809,0.2809,0.2809,0.2809,0.0,0.2638,0.2638,0.2638,0.2638,0.2638,0.2638,0.2638,0.2638,0.2638,0.2638,0.2638,0.2638,0.2638,0.2638,0.2638,0.2638,0.2638,0.2638,0.2638,0.2638,0.2638,
40.37521719932556,2050,2020,2071,2095,2020,2198,2097,1841,2291,2031,2230,1966,2171,2173,2153,2316,2393,2263,2292,2320,0,2382,2230,2320,2191,2471,2410,2310,2346,2281,2281,2547,2390,2430,2567,2672,2634,2716,2723,2709,2735,0,1762,2046,1977,2120,2112,1954,2130,1839,2009,2261,2207,2167,2083,2095,2208,2197,2202,2254,2095,2137,0,1937,2052,1922,2079,1822,1989,2230,1945,2164,2182,1898,2226,2275,2048,2252,2313,2229,2308,2251,2352,0,2308,2277,2051,2234,2217,2405,2341,2317,2344,2229,2298,2226,2494,2400,2375,2446,2434,2456,2524,2640,0,2104,1934,1803,1848,2145,2004,2181,2084,2192,2032,2293,2368,2269,2164,2333,2251,2289,2371,2281,2419,2387,0.2393,0.2393,0.2393,0.2393,0.2393,0.2393,0.2393,0.2393,0.2393,0.2393,0.2393,0.2393,0.2393,0.2393,0.2393,0.2393,0.2393,0.2393,0.2393,0.2393,0.0,0.3073,0.3073,0.3073,0.3073,0.3073,0.3073,0.3073,0.3073,0.3073,0.3073,0.3073,0.3073,0.3073,0.3073,0.3073,0.3073,0.3073,0.3073,0.3073,0.3073,0.0,0.2393,0.2393,0.2393,0.2393,0.2393,0.2393,0.2393,0.2393,0.2393,0.2393,0.2393,0.2393,0.2393,0.2393,0.2393,0.2393,0.2393,0.2393,0.2393,0.2393,0.0,0.2393,0.2638,0.2638,0.2638,0.2638,0.2638,0.2638,0.2638,0.2638,0.2638,0.2638,0.2638,0.2638,0.2638,0.2638,0.2638,0.2638,0.2638,0.2638,0.2638,0.0,0.2809,0.2809,0.2809,0.2809,0.2809,0.2809,0.2809,0.2809,0.2809,0.2809,0.2809,0.2809,0.2809,0.2809,0.2809,0.2809,0.2809,0.2809,0.2809,0.2809,0.0,0.2638,0.2638,0.2638,0.2638,0.2638,0.2638,0.2638,0.2638,0.2638,0.2638,0.2638,0.2638,0.2638,0.2638,0.2638,0.2638,0.2638,0.2638,0.2638,0.2638,0.2638,
40.47682762145996,2333,2334,2377,2439,2454,2410,2503,2679,2520,2719,2519,2791,2765,2773,2793,2716,2865,2964,2851,2926,0,2382,2230,2320,2191,2471,2410,2310,2346,2281,2281,2547,2390,2430,2567,2672,2634,2716,2723,2709,2735,0,2448,2316,2321,2353,2373,2465,2472,2644,2541,2536,2513,2660,2730,2800,2725,2779,2873,2741,2931,2903,0,2227,2353,2307,2443,2648,2446,2432,2505,2584,2742,2859,2566,2655,2883,2941,2959,2963,3074,3066,3028,0,2308,2277,2051,2234,2217,2405,2341,2317,2344,2229,2298,2226,2494,2400,2375,2446,2434,2456,2524,2640,0,2104,1934,1803,1848,2145,2004,2181,2084,2192,2032,2293,2368,2269,2164,2333,2251,2289,2371,2281,2419,2387,0.3073,0.3073,0.3073,0.3073,0.3073,0.3073,0.3073,0.3073,0.3073,0.3073,0.3073,0.3073,0.3073,0.3073,0.3073,0.3073,0.3073,0.3073,0.3073,0.3073,0.0,0.3073,0.3073,0.3073,0.3073,0.3073,0.3073,0.3073,0.3073,0.3073,0.3073,0.3073,0.3073,0.3073,0.3073,0.3073,0.3073,0.3073,0.3073,0.3073,0.3073,0.0,0.3073,0.3073,0.3073,0.3073,0.3073,0.3073,0.3073,0.3073,0.3073,0.3073,0.3073,0.3073,0.3073,0.3073,0.3073,0.3073,0.3073,0.3073,0.3073,0.3073,0.0,0.3073,0.3073,0.3073,0.3073,0.3073,0.3073,0.3073,0.3073,0.3073,0.3073,0.3073,0.3073,0.3073,0.3073,0.3073,0.3073,0.3073,0.3073,0.3073,0.3073,0.0,0.2809,0.2809,0.2809,0.2809,0.2809,0.2809,0.2809,0.2809,0.2809,0.2809,0.2809,0.2809,0.2809,0.2809,0.2809,0.2809,0.2809,0.2809,0.2809,0.2809,0.0,0.2638,0.2638,0.2638,0.2638,0.2638,0.2638,0.2638,0.2638,0.2638,0.2638,0.2638,0.2638,0.2638,0.2638,0.2638,0.2638,0.2638,0.2638,0.2638,0.2638,0.2638,
40.6286141872406,2333,2334,2377,2439,2454,2410,2503,2679,2520,2719,2519,2791,2765,2773,2793,2716,2865,2964,2851,2926,0,2382,2230,2320,2191,2471,2410,2310,2346,2281,2281,2547,2390,2430,2567,2672,2634,2716,2723,2709,2735,0,2448,2316,2321,2353,2373,2465,2472,2644,2541,2536,2513,2660,2730,2800,2725,2779,2873,2741,2931,2903,0,2227,2353,2307,2443,2648,2446,2432,2505,2584,2742,2859,2566,2655,2883,2941,2959,2963,3074,3066,3028,0,2308,2277,2051,2234,2217,2405,2341,2317,2344,2229,2298,2226,2494,2400,2375,2446,2434,2456,2524,2640,0,2367,2378,2452,2481,2404,2512,2501,2606,2545,2697,2666,2868,2727,2923,2854,2968,2902,3020,2979,3099,3140,0.3073,0.3073,0.3073,0.3073,0.3073,0.3073,0.3073,0.3073,0.3073,0.3073,0.3073,0.3073,0.3073,0.3073,0.3073,0.3073,0.3073,0.3073,0.3073,0.3073,0.0,0.3073,0.3073,0.3073,0.3073,0.3073,0.3073,0.3073,0.3073,0.3073,0.3073,0.3073,0.3073,0.3073,0.3073,0.3073,0.3073,0.3073,0.3073,0.3073,0.3073,0.0,0.3073,0.3073,0.3073,0.3073,0.3073,0.3073,0.3073,0.3073,0.3073,0.3073,0.3073,0.3073,0.3073,0.3073,0.3073,0.3073,0.3073,0.3073,0.3073,0.3073,0.0,0.3073,0.3073,0.3073,0.3073,0.3073,0.3073,0.3073,0.3073,0.3073,0.3073,0.3073,0.3073,0.3073,0.3073,0.3073,0.3073,0.3073,0.3073,0.3073,0.3073,0.0,0.2809,0.2809,0.2809,0.2809,0.2809,0.2809,0.2809,0.2809,0.2809,0.2809,0.2809,0.2809,0.2809,0.2809,0.2809,0.2809,0.2809,0.2809,0.2809,0.2809,0.0,0.3163,0.3163,0.3163,0.3163,0.3163,0.3163,0.3163,0.3163,0.3163,0.3163,0.3163,0.3163,0.3163,0.3163,0.3163,0.3163,0.3163,0.3163,0.3163,0.3163,0.3163,
40.88071393966675,2333,2334,2377,2439,2454,2410,2503,2679,2520,2719,2519,2791,2765,2773,2793,2716,2865,2964,2851,2926,0,2382,2230,2320,2191,2471,2410,2310,2346,2281,2281,2547,2390,2430,2567,2672,2634,2716,2723,2709,2735,0,2448,2316,2321,2353,2373,2465,2472,2644,2541,2536,2513,2660,2730,2800,2725,2779,2873,2741,2931,2903,0,2227,2353,2307,2443,2648,2446,2432,2505,2584,2742,2859,2566,2655,2883,2941,2959,2963,3074,3066,3028,0,2710,2650,2768,2673,2741,2913,2831,2970,2940,3076,2949,3181,3113,3192,3254,3192,3269,3223,3338,3256,0,2367,2378,2452,2481,2404,2512,2501,2606,2545,2697,2666,2868,2727,2923,2854,2968,2902,3020,2979,3099,3140,0.3073,0.3073,0.3073,0.3073,0.3073,0.3073,0.3073,0.3073,0.3073,0.3073,0.3073,0.3073,0.3073,0.3073,0.3073,0.3073,0.3073,0.3073,0.3073,0.3073,0.0,0.3073,0.3073,0.3073,0.3073,0.3073,0.3073,0.3073,0.3073,0.3073,0.3073,0.3073,0.3073,0.3073,0.3073,0.3073,0.3073,0.3073,0.3073,0.3073,0.3073,0.0,0.3073,0.3073,0.3073,0.3073,0.3073,0.3073,0.3073,0.3073,0.3073,0.3073,0.3073,0.3073,0.3073,0.3073,0.3073,0.3073,0.3073,0.3073,0.3073,0.3073,0.0,0.3073,0.3073,0.3073,0.3073,0.3073,0.3073,0.3073,0.3073,0.3073,0.3073,0.3073,0.3073,0.3073,0.3073,0.3073,0.3073,0.3073,0.3073,0.3073,0.3073,0.0,0.3346,0.3346,0.3346,0.3346,0.3346,0.3346,0.3346,0.3346,0.3346,0.3346,0.3346,0.3346,0.3346,0.3346,0.3346,0.3346,0.3346,0.3346,0.3346,0.3346,0.0,0.3163,0.3163,0.3163,0.3163,0.3163,0.3163,0.3163,0.3163,0.3163,0.3163,0.3163,0.3163,0.3163,0.3163,0.3163,0.3163,0.3163,0.3163,0.3163,0.3163,0.3163,
41.03253626823425,3086,3040,3107,3011,3169,3225,3200,3117,3314,3161,3446,3338,3348,3460,3436,3520,3431,3415,3582,3528,0,2680,2970,2994,2940,2910,3069,3130,3176,3231,3316,3224,3073,3420,3394,3386,3435,3537,3507,3532,3304,0,2766,3105,3047,3084,3132,3068,3119,3060,3162,3200,3401,3350,3385,3347,3396,3363,3438,3513,3565,3542,0,3223,3184,3276,3215,3271,3356,3401,3299,3324,3339,3302,3479,3461,3373,3352,3370,3468,3431,3519,3510,0,2710,2650,2768,2673,2741,2913,2831,2970,2940,3076,2949,3181,3113,3192,3254,3192,3269,3223,3338,3256,0,3184,3179,3201,3244,3290,3304,3376,3383,3348,3338,3440,3353,3467,3382,3507,3532,3581,3533,3636,3617,3606,0.3438,0.3438,0.3438,0.3438,0.3438,0.3438,0.3438,0.3438,0.3438,0.3438,0.3438,0.3438,0.3438,0.3438,0.3438,0.3438,0.3438,0.3438,0.3438,0.3438,0.0,0.3531,0.3531,0.3531,0.3531,0.3531,0.3531,0.3531,0.3531,0.3531,0.3531,0.3531,0.3531,0.3531,0.3531,0.3531,0.3531,0.3531,0.3531,0.3531,0.3531,0.0,0.3438,0.3624,0.3624,0.3624,0.3624,0.3624,0.3624,0.3624,0.3624,0.3624,0.3624,0.3624,0.3624,0.3624,0.3624,0.3624,0.3624,0.3624,0.3624,0.3624,0.0,0.3438,0.3438,0.3438,0.3438,0.3438,0.3438,0.3438,0.3438,0.3438,0.3438,0.3438,0.3438,0.3438,0.3438,0.3438,0.3438,0.3438,0.3438,0.3438,0.3438,0.0,0.3346,0.3346,0.3346,0.3346,0.3346,0.3346,0.3346,0.3346,0.3346,0.3346,0.3346,0.3346,0.3346,0.3346,0.3346,0.3346,0.3346,0.3346,0.3346,0.3346,0.0,0.3531,0.3531,0.3531,0.3531,0.3531,0.3531,0.3531,0.3531,0.3531,0.3531,0.3531,0.3531,0.3531,0.3531,0.3531,0.3531,0.3531,0.3531,0.3531,0.3531,0.3531,
41.13416004180908,3086,3040,3107,3011,3169,3225,3200,3117,3314,3161,3446,3338,3348,3460,3436,3520,3431,3415,3582,3528,0,2680,2970,2994,2940,2910,3069,3130,3176,3231,3316,3224,3073,3420,3394,3386,3435,3537,3507,3532,3304,0,2766,3105,3047,3084,3132,3068,3119,3060,3162,3200,3401,3350,3385,3347,3396,3363,3438,3513,3565,3542,0,3223,3184,3276,3215,3271,3356,3401,3299,3324,3339,3302,3479,3461,3373,3352,3370,3468,3431,3519,3510,0,2710,2650,2768,2673,2741,2913,2831,2970,2940,3076,2949,3181,3113,3192,3254,3192,3269,3223,3338,3256,0,3184,3179,3201,3244,3290,3304,3376,3383,3348,3338,3440,3353,3467,3382,3507,3532,3581,3533,3636,3617,3606,0.3438,0.3438,0.3438,0.3438,0.3438,0.3438,0.3438,0.3438,0.3438,0.3438,0.3438,0.3438,0.3438,0.3438,0.3438,0.3438,0.3438,0.3438,0.3438,0.3438,0.0,0.3531,0.3531,0.3531,0.3531,0.3531,0.3531,0.3531,0.3531,0.3531,0.3531,0.3531,0.3531,0.3531,0.3531,0.3531,0.3531,0.3531,0.3531,0.3531,0.3531,0.0,0.3438,0.3624,0.3624,0.3624,0.3624,0.3624,0.3624,0.3624,0.3624,0.3624,0.3624,0.3624,0.3624,0.3624,0.3624,0.3624,0.3624,0.3624,0.3624,0.3624,0.0,0.3438,0.3438,0.3438,0.3438,0.3438,0.3438,0.3438,0.3438,0.3438,0.3438,0.3438,0.3438,0.3438,0.3438,0.3438,0.3438,0.3438,0.3438,0.3438,0.3438,0.0,0.3346,0.3346,0.3346,0.3346,0.3346,0.3346,0.3346,0.3346,0.3346,0.3346,0.3346,0.3346,0.3346,0.3346,0.3346,0.3346,0.3346,0.3346,0.3346,0.3346,0.0,0.3531,0.3531,0.3531,0.3531,0.3531,0.3531,0.3531,0.3531,0.3531,0.3531,0.3531,0.3531,0.3531,0.3531,0.3531,0.3531,0.3531,0.3531,0.3531,0.3531,0.3531,
41.2357439994812,3086,3040,3107,3011,3169,3225,3200,3117,3314,3161,3446,3338,3348,3460,3436,3520,3431,3415,3582,3528,0,2680,2970,2994,2940,2910,3069,3130,3176,3231,3316,3224,3073,3420,3394,3386,3435,3537,3507,3532,3304,0,2766,3105,3047,3084,3132,3068,3119,3060,3162,3200,3401,3350,3385,3347,3396,3363,3438,3513,3565,3542,0,3223,3184,3276,3215,3271,3356,3401,3299,3324,3339,3302,3479,3461,3373,3352,3370,3468,3431,3519,3510,0,3348,3491,3366,3437,3437,3441,3502,3520,3609,3465,3609,3569,3573,3547,3697,3678,3644,3758,3765,3798,0,3184,3179,3201,3244,3290,3304,3376,3383,3348,3338,3440,3353,3467,3382,3507,3532,3581,3533,3636,3617,3606,0.3438,0.3438,0.3438,0.3438,0.3438,0.3438,0.3438,0.3438,0.3438,0.3438,0.3438,0.3438,0.3438,0.3438,0.3438,0.3438,0.3438,0.3438,0.3438,0.3438,0.0,0.3531,0.3531,0.3531,0.3531,0.3531,0.3531,0.3531,0.3531,0.3531,0.3531,0.3531,0.3531,0.3531,0.3531,0.3531,0.3531,0.3531,0.3531,0.3531,0.3531,0.0,0.3438,0.3624,0.3624,0.3624,0.3624,0.3624,0.3624,0.3624,0.3624,0.3624,0.3624,0.3624,0.3624,0.3624,0.3624,0.3624,0.3624,0.3624,0.3624,0.3624,0.0,0.3438,0.3438,0.3438,0.3438,0.3438,0.3438,0.3438,0.3438,0.3438,0.3438,0.3438,0.3438,0.3438,0.3438,0.3438,0.3438,0.3438,0.3438,0.3438,0.3438,0.0,0.3718,0.3718,0.3718,0.3718,0.3718,0.3718,0.3718,0.3718,0.3718,0.3718,0.3718,0.3718,0.3718,0.3718,0.3718,0.3718,0.3718,0.3718,0.3718,0.3718,0.0,0.3531,0.3531,0.3531,0.3531,0.3531,0.3531,0.3531,0.3531,0.3531,0.3531,0.3531,0.3531,0.3531,0.3531,0.3531,0.3531,0.3531,0.3531,0.3531,0.3531,0.3531,
41.337289810180664,3086,3040,3107,3011,3169,3225,3200,3117,3314,3161,3446,3338,3348,3460,3436,3520,3431,3415,3582,3528,0,2680,2970,2994,2940,2910,3069,3130,3176,3231,3316,3224,3073,3420,3394,3386,3435,3537,3507,3532,3304,0,2766,3105,3047,3084,3132,3068,3119,3060,3162,3200,3401,3350,3385,3347,3396,3363,3438,3513,3565,3542,0,3223,3184,3276,3215,3271,3356,3401,3299,3324,3339,3302,3479,3461,3373,3352,3370,3468,3431,3519,3510,0,3348,3491,3366,3437,3437,3441,3502,3520,3609,3465,3609,3569,3573,3547,3697,3678,3644,3758,3765,3798,0,3184,3179,3201,3244,3290,3304,3376,3383,3348,3338,3440,3353,3467,3382,3507,3532,3581,3533,3636,3617,3606,0.3438,0.3438,0.3438,0.3438,0.3438,0.3438,0.3438,0.3438,0.3438,0.3438,0.3438,0.3438,0.3438,0.3438,0.3438,0.3438,0.3438,0.3438,0.3438,0.3438,0.0,0.3531,0.3531,0.3531,0.3531,0.3531,0.3531,0.3531,0.3531,0.3531,0.3531,0.3531,0.3531,0.3531,0.3531,0.3531,0.3531,0.3531,0.3531,0.3531,0.3531,0.0,0.3438,0.3624,0.3624,0.3624,0.3624,0.3624,0.3624,0.3624,0.3624,0.3624,0.3624,0.3624,0.3624,0.3624,0.3624,0.3624,0.3624,0.3624,0.3624,0.3624,0.0,0.3438,0.3438,0.3438,0.3438,0.3438,0.3438,0.3438,0.3438,0.3438,0.3438,0.3438,0.3438,0.3438,0.3438,0.3438,0.3438,0.3438,0.3438,0.3438,0.3438,0.0,0.3718,0.3718,0.3718,0.3718,0.3718,0.3718,0.3718,0.3718,0.3718,0.3718,0.3718,0.3718,0.3718,0.3718,0.3718,0.3718,0.3718,0.3718,0.3718,0.3718,0.0,0.3531,0.3531,0.3531,0.3531,0.3531,0.3531,0.3531,0.3531,0.3531,0.3531,0.3531,0.3531,0.3531,0.3531,0.3531,0.3531,0.3531,0.3531,0.3531,0.3531,0.3531,
41.5893611907959,3579,3667,3580,3675,3677,3637,3740,3846,3672,3853,3742,3767,3723,3750,3754,3810,3865,3904,3839,3864,0,3612,3691,3632,3723,3757,3662,3731,3722,3792,3775,3754,3829,3763,3859,3849,3849,3929,3879,3908,4091,0,3710,3686,3678,3693,3764,3751,3801,3842,3813,3848,3816,3916,3892,3920,3926,4023,4008,3943,4078,4002,0,3223,3184,3276,3215,3271,3356,3401,3299,3324,3339,3302,3479,3461,3373,3352,3370,3468,3431,3519,3510,0,3348,3491,3366,3437,3437,3441,3502,3520,3609,3465,3609,3569,3573,3547,3697,3678,3644,3758,3765,3798,0,3699,3654,3704,3725,3700,3787,3750,3759,3794,3864,3878,3931,3914,3947,3893,3951,4023,3981,3947,4109,4099,0.3906,0.3906,0.3906,0.3906,0.3906,0.3906,0.3906,0.3906,0.3906,0.3906,0.3906,0.3906,0.3906,0.3906,0.3906,0.3906,0.3906,0.3906,0.3906,0.3906,0.0,0.3906,0.3906,0.3906,0.3906,0.3906,0.3906,0.3906,0.3906,0.3906,0.3906,0.3906,0.3906,0.3906,0.3906,0.3906,0.3906,0.3906,0.3906,0.3906,0.3906,0.0,0.3906,0.3906,0.3906,0.3906,0.3906,0.3906,0.3906,0.3906,0.3906,0.3906,0.3906,0.3906,0.3906,0.3906,0.3906,0.3906,0.3906,0.3906,0.3906,0.3906,0.0,0.3438,0.3438,0.3438,0.3438,0.3438,0.3438,0.3438,0.3438,0.3438,0.3438,0.3438,0.3438,0.3438,0.3438,0.3438,0.3438,0.3438,0.3438,0.3438,0.3438,0.0,0.3718,0.3718,0.3718,0.3718,0.3718,0.3718,0.3718,0.3718,0.3718,0.3718,0.3718,0.3718,0.3718,0.3718,0.3718,0.3718,0.3718,0.3718,0.3718,0.3718,0.0,0.4094,0.4094,0.4094,0.4094,0.4094,0.4094,0.4094,0.4094,0.4094,0.4094,0.4094,0.4094,0.4094,0.4094,0.4094,0.4094,0.4094,0.4094,0.4094,0.4094,0.4094,
41.69094753265381,3579,3667,3580,3675,3677,3637,3740,3846,3672,3853,3742,3767,3723,3750,3754,3810,3865,3904,3839,3864,0,3612,3691,3632,3723,3757,3662,3731,3722,3792,3775,3754,3829,3763,3859,3849,3849,3929,3879,3908,4091,0,3710,3686,3678,3693,3764,3751,3801,3842,3813,3848,3816,3916,3892,3920,3926,4023,4008,3943,4078,4002,0,3559,3619,3595,3690,3675,3646,3684,3696,3776,3783,3794,3823,3768,3871,3890,3948,3824,3966,3913,4012,0,3835,3842,3978,3994,3998,4017,3974,3945,3992,4054,3850,4179,4177,4194,4170,4240,4277,4218,4278,4302,0,3699,3654,3704,3725,3700,3787,3750,3759,3794,3864,3878,3931,3914,3947,3893,3951,4023,3981,3947,4109,4099,0.3906,0.3906,0.3906,0.3906,0.3906,0.3906,0.3906,0.3906,0.3906,0.3906,0.3906,0.3906,0.3906,0.3906,0.3906,0.3906,0.3906,0.3906,0.3906,0.3906,0.0,0.3906,0.3906,0.3906,0.3906,0.3906,0.3906,0.3906,0.3906,0.3906,0.3906,0.3906,0.3906,0.3906,0.3906,0.3906,0.3906,0.3906,0.3906,0.3906,0.3906,0.0,0.3906,0.3906,0.3906,0.3906,0.3906,0.3906,0.3906,0.3906,0.3906,0.3906,0.3906,0.3906,0.3906,0.3906,0.3906,0.3906,0.3906,0.3906,0.3906,0.3906,0.0,0.4094,0.4094,0.4094,0.4094,0.4094,0.4094,0.4094,0.4094,0.4094,0.4094,0.4094,0.4094,0.4094,0.4094,0.4094,0.4094,0.4094,0.4094,0.4094,0.4094,0.0,0.4282,0.4282,0.4282,0.4282,0.4282,0.4282,0.4282,0.4282,0.4282,0.4282,0.4282,0.4282,0.4282,0.4282,0.4282,0.4282,0.4282,0.4282,0.4282,0.4282,0.0,0.4094,0.4094,0.4094,0.4094,0.4094,0.4094,0.4094,0.4094,0.4094,0.4094,0.4094,0.4094,0.4094,0.4094,0.4094,0.4094,0.4094,0.4094,0.4094,0.4094,0.4094,
41.89418959617615,3579,3667,3580,3675,3677,3637,3740,3846,3672,3853,3742,3767,3723,3750,3754,3810,3865,3904,3839,3864,0,3612,3691,3632,3723,3757,3662,3731,3722,3792,3775,3754,3829,3763,3859,3849,3849,3929,3879,3908,4091,0,3710,3686,3678,3693,3764,3751,3801,3842,3813,3848,3816,3916,3892,3920,3926,4023,4008,3943,4078,4002,0,3559,3619,3595,3690,3675,3646,3684,3696,3776,3783,3794,3823,3768,3871,3890,3948,3824,3966,3913,4012,0,3835,3842,3978,3994,3998,4017,3974,3945,3992,4054,3850,4179,4177,4194,4170,4240,4277,4218,4278,4302,0,3699,3654,3704,3725,3700,3787,3750,3759,3794,3864,3878,3931,3914,3947,3893,3951,4023,3981,3947,4109,4099,0.3906,0.3906,0.3906,0.3906,0.3906,0.3906,0.3906,0.3906,0.3906,0.3906,0.3906,0.3906,0.3906,0.3906,0.3906,0.3906,0.3906,0.3906,0.3906,0.3906,0.0,0.3906,0.3906,0.3906,0.3906,0.3906,0.3906,0.3906,0.3906,0.3906,0.3906,0.3906,0.3906,0.3906,0.3906,0.3906,0.3906,0.3906,0.3906,0.3906,0.3906,0.0,0.3906,0.3906,0.3906,0.3906,0.3906,0.3906,0.3906,0.3906,0.3906,0.3906,0.3906,0.3906,0.3906,0.3906,0.3906,0.3906,0.3906,0.3906,0.3906,0.3906,0.0,0.4094,0.4094,0.4094,0.4094,0.4094,0.4094,0.4094,0.4094,0.4094,0.4094,0.4094,0.4094,0.4094,0.4094,0.4094,0.4094,0.4094,0.4094,0.4094,0.4094,0.0,0.4282,0.4282,0.4282,0.4282,0.4282,0.4282,0.4282,0.4282,0.4282,0.4282,0.4282,0.4282,0.4282,0.4282,0.4282,0.4282,0.4282,0.4282,0.4282,0.4282,0.0,0.4094,0.4094,0.4094,0.4094,0.4094,0.4094,0.4094,0.4094,0.4094,0.4094,0.4094,0.4094,0.4094,0.4094,0.4094,0.4094,0.4094,0.4094,0.4094,0.4094,0.4094,
41.99591636657715,3939,4058,4126,4104,4157,4102,4201,4168,4220,4281,4288,4230,4342,4366,4433,4501,4462,4465,4472,4563,0,4028,4068,4120,4115,4157,4081,4147,4126,4145,4242,4269,4248,4346,4301,4342,4376,4413,4393,4460,4414,0,4052,4083,4173,4181,4063,4214,4104,4156,4146,4201,4268,4270,4264,4281,4312,4300,4318,4325,4348,4347,0,4146,4146,4175,4290,4187,4184,4235,4354,4360,4355,4373,4437,4443,4513,4433,4482,4521,4501,4642,4603,0,3835,3842,3978,3994,3998,4017,3974,3945,3992,4054,3850,4179,4177,4194,4170,4240,4277,4218,4278,4302,0,4149,4140,4168,4130,4241,4247,4232,4316,4322,4330,4411,4377,4436,4428,4466,4520,4484,4531,4549,4515,4574,0.4282,0.4282,0.4282,0.4282,0.4282,0.4282,0.4282,0.4282,0.4282,0.4282,0.4282,0.4282,0.4282,0.4282,0.4282,0.4282,0.4282,0.4282,0.4282,0.4282,0.0,0.4376,0.4376,0.4376,0.4376,0.4376,0.4376,0.4376,0.4376,0.4376,0.4376,0.4376,0.4376,0.4376,0.4376,0.4376,0.4376,0.4376,0.4376,0.4376,0.4376,0.0,0.4469,0.4469,0.4469,0.4469,0.4469,0.4469,0.4469,0.4469,0.4469,0.4469,0.4469,0.4469,0.4469,0.4469,0.4469,0.4469,0.4469,0.4469,0.4469,0.4469,0.0,0.4469,0.4469,0.4469,0.4469,0.4469,0.4469,0.4469,0.4469,0.4469,0.4469,0.4469,0.4469,0.4469,0.4469,0.4469,0.4469,0.4469,0.4469,0.4469,0.4469,0.0,0.4282,0.4282,0.4282,0.4282,0.4282,0.4282,0.4282,0.4282,0.4282,0.4282,0.4282,0.4282,0.4282,0.4282,0.4282,0.4282,0.4282,0.4282,0.4282,0.4282,0.0,0.4282,0.4282,0.4282,0.4282,0.4282,0.4282,0.4282,0.4282,0.4282,0.4282,0.4282,0.4282,0.4282,0.4282,0.4282,0.4282,0.4282,0.4282,0.4282,0.4282,0.4282,
42.097458839416504,3939,4058,4126,4104,4157,4102,4201,4168,4220,4281,4288,4230,4342,4366,4433,4501,4462,4465,4472,4563,0,4028,4068,4120,4115,4157,4081,4147,4126,4145,4242,4269,4248,4346,4301,4342,4376,4413,4393,4460,4414,0,4052,4083,4173,4181,4063,4214,4104,4156,4146,4201,4268,4270,4264,4281,4312,4300,4318,4325,4348,4347,0,4146,4146,4175,4290,4187,4184,4235,4354,4360,4355,4373,4437,4443,4513,4433,4482,4521,4501,4642,4603,0,3835,3842,3978,3994,3998,4017,3974,3945,3992,4054,3850,4179,4177,4194,4170,4240,4277,4218,4278,4302,0,4149,4140,4168,4130,4241,4247,4232,4316,4322,4330,4411,4377,4436,4428,4466,4520,4484,4531,4549,4515,4574,0.4282,0.4282,0.4282,0.4282,0.4282,0.4282,0.4282,0.4282,0.4282,0.4282,0.4282,0.4282,0.4282,0.4282,0.4282,0.4282,0.4282,0.4282,0.4282,0.4282,0.0,0.4376,0.4376,0.4376,0.4376,0.4376,0.4376,0.4376,0.4376,0.4376,0.4376,0.4376,0.4376,0.4376,0.4376,0.4376,0.4376,0.4376,0.4376,0.4376,0.4376,0.0,0.4469,0.4469,0.4469,0.4469,0.4469,0.4469,0.4469,0.4469,0.4469,0.4469,0.4469,0.4469,0.4469,0.4469,0.4469,0.4469,0.4469,0.4469,0.4469,0.4469,0.0,0.4469,0.4469,0.4469,0.4469,0.4469,0.4469,0.4469,0.4469,0.4469,0.4469,0.4469,0.4469,0.4469,0.4469,0.4469,0.4469,0.4469,0.4469,0.4469,0.4469,0.0,0.4282,0.4282,0.4282,0.4282,0.4282,0.4282,0.4282,0.4282,0.4282,0.4282,0.4282,0.4282,0.4282,0.4282,0.4282,0.4282,0.4282,0.4282,0.4282,0.4282,0.0,0.4282,0.4282,0.4282,0.4282,0.4282,0.4282,0.4282,0.4282,0.4282,0.4282,0.4282,0.4282,0.4282,0.4282,0.4282,0.4282,0.4282,0.4282,0.4282,0.4282,0.4282,
42.198968172073364,3939,4058,4126,4104,4157,4102,4201,4168,4220,4281,4288,4230,4342,4366,4433,4501,4462,4465,4472,4563,0,4028,4068,4120,4115,4157,4081,4147,4126,4145,4242,4269,4248,4346,4301,4342,4376,4413,4393,4460,4414,0,4052,4083,4173,4181,4063,4214,4104,4156,4146,4201,4268,4270,4264,4281,4312,4300,4318,4325,4348,4347,0,4146,4146,4175,4290,4187,4184,4235,4354,4360,4355,4373,4437,4443,4513,4433,4482,4521,4501,4642,4603,0,4367,4363,4389,4466,4441,4479,4493,4537,4596,4536,4525,4666,4635,4637,4711,4702,4741,4756,4730,4779,0,4149,4140,4168,4130,4241,4247,4232,4316,4322,4330,4411,4377,4436,4428,4466,4520,4484,4531,4549,4515,4574,0.4282,0.4282,0.4282,0.4282,0.4282,0.4282,0.4282,0.4282,0.4282,0.4282,0.4282,0.4282,0.4282,0.4282,0.4282,0.4282,0.4282,0.4282,0.4282,0.4282,0.0,0.4376,0.4376,0.4376,0.4376,0.4376,0.4376,0.4376,0.4376,0.4376,0.4376,0.4376,0.4376,0.4376,0.4376,0.4376,0.4376,0.4376,0.4376,0.4376,0.4376,0.0,0.4469,0.4469,0.4469,0.4469,0.4469,0.4469,0.4469,0.4469,0.4469,0.4469,0.4469,0.4469,0.4469,0.4469,0.4469,0.4469,0.4469,0.4469,0.4469,0.4469,0.0,0.4469,0.4469,0.4469,0.4469,0.4469,0.4469,0.4469,0.4469,0.4469,0.4469,0.4469,0.4469,0.4469,0.4469,0.4469,0.4469,0.4469,0.4469,0.4469,0.4469,0.0,0.4654,0.4654,0.4654,0.4654,0.4654,0.4654,0.4654,0.4654,0.4654,0.4654,0.4654,0.4654,0.4654,0.4654,0.4654,0.4654,0.4654,0.4654,0.4654,0.4654,0.0,0.4282,0.4282,0.4282,0.4282,0.4282,0.4282,0.4282,0.4282,0.4282,0.4282,0.4282,0.4282,0.4282,0.4282,0.4282,0.4282,0.4282,0.4282,0.4282,0.4282,0.4282,
42.40086364746094,3939,4058,4126,4104,4157,4102,4201,4168,4220,4281,4288,4230,4342,4366,4433,4501,4462,4465,4472,4563,0,4473,4559,4526,4567,4575,4653,4687,4710,4703,4771,4716,4764,4803,4795,4804,4863,4873,4903,4879,4851,0,4442,4519,4565,4607,4603,4636,4572,4586,4587,4693,4780,4707,4766,4872,4887,4870,4897,4927,4948,4936,0,4146,4146,4175,4290,4187,4184,4235,4354,4360,4355,4373,4437,4443,4513,4433,4482,4521,4501,4642,4603,0,4367,4363,4389,4466,4441,4479,4493,4537,4596,4536,4525,4666,4635,4637,4711,4702,4741,4756,4730,4779,0,4646,4596,4591,4653,4669,4695,4746,4738,4725,4780,4740,4748,4804,4767,4920,4881,4847,4913,4932,4901,4932,0.4282,0.4282,0.4282,0.4282,0.4282,0.4282,0.4282,0.4282,0.4282,0.4282,0.4282,0.4282,0.4282,0.4282,0.4282,0.4282,0.4282,0.4282,0.4282,0.4282,0.0,0.4746,0.4746,0.4746,0.4746,0.4746,0.4746,0.4746,0.4746,0.4746,0.4746,0.4746,0.4746,0.4746,0.4746,0.4746,0.4746,0.4746,0.4746,0.4746,0.4746,0.0,0.4746,0.4746,0.4746,0.4746,0.4746,0.4746,0.4746,0.4746,0.4746,0.4746,0.4746,0.4746,0.4746,0.4746,0.4746,0.4746,0.4746,0.4746,0.4746,0.4746,0.0,0.4469,0.4469,0.4469,0.4469,0.4469,0.4469,0.4469,0.4469,0.4469,0.4469,0.4469,0.4469,0.4469,0.4469,0.4469,0.4469,0.4469,0.4469,0.4469,0.4469,0.0,0.4654,0.4654,0.4654,0.4654,0.4654,0.4654,0.4654,0.4654,0.4654,0.4654,0.4654,0.4654,0.4654,0.4654,0.4654,0.4654,0.4654,0.4654,0.4654,0.4654,0.0,0.4654,0.4654,0.4654,0.4654,0.4654,0.4654,0.4654,0.4654,0.4654,0.4654,0.4654,0.4654,0.4654,0.4654,0.4654,0.4654,0.4654,0.4654,0.4654,0.4654,0.4654,
42.50249695777893,4678,4652,4623,4669,4687,4716,4774,4704,4813,4750,4786,4816,4783,4800,4850,4914,4822,4880,4908,4922,0,4473,4559,4526,4567,4575,4653,4687,4710,4703,4771,4716,4764,4803,4795,4804,4863,4873,4903,4879,4851,0,4442,4519,4565,4607,4603,4636,4572,4586,4587,4693,4780,4707,4766,4872,4887,4870,4897,4927,4948,4936,0,4685,4689,4651,4688,4788,4868,4839,4788,4758,4866,4882,4855,4898,4917,4870,4968,4978,5003,4974,5066,0,4852,4890,4891,4889,4911,4969,5050,5021,5077,5034,5064,5049,5074,5053,5149,5162,5184,5146,5188,5192,0,4646,4596,4591,4653,4669,4695,4746,4738,4725,4780,4740,4748,4804,4767,4920,4881,4847,4913,4932,4901,4932,0.4837,0.4837,0.4837,0.4837,0.4837,0.4837,0.4837,0.4837,0.4837,0.4837,0.4837,0.4837,0.4837,0.4837,0.4837,0.4837,0.4837,0.4837,0.4837,0.4837,0.0,0.4746,0.4746,0.4746,0.4746,0.4746,0.4746,0.4746,0.4746,0.4746,0.4746,0.4746,0.4746,0.4746,0.4746,0.4746,0.4746,0.4746,0.4746,0.4746,0.4746,0.0,0.4746,0.4746,0.4746,0.4746,0.4746,0.4746,0.4746,0.4746,0.4746,0.4746,0.4746,0.4746,0.4746,0.4746,0.4746,0.4746,0.4746,0.4746,0.4746,0.4746,0.0,0.4837,0.4837,0.4837,0.4837,0.4837,0.4837,0.4837,0.4837,0.4837,0.4837,0.4837,0.4837,0.4837,0.4837,0.4837,0.4837,0.4837,0.4837,0.4837,0.4837,0.0,0.5016,0.5016,0.5016,0.5016,0.5016,0.5016,0.5016,0.5016,0.5016,0.5016,0.5016,0.5016,0.5016,0.5016,0.5016,0.5016,0.5016,0.5016,0.5016,0.5016,0.0,0.4654,0.4654,0.4654,0.4654,0.4654,0.4654,0.4654,0.4654,0.4654,0.4654,0.4654,0.4654,0.4654,0.4654,0.4654,0.4654,0.4654,0.4654,0.4654,0.4654,0.4654,
42.604172468185425,4678,4652,4623,4669,4687,4716,4774,4704,4813,4750,4786,4816,4783,4800,4850,4914,4822,4880,4908,4922,0,4995,5000,4978,5012,5062,5033,5055,5089,5070,5064,5093,5200,5095,5201,5171,5188,5227,5212,5195,5273,0,4442,4519,4565,4607,4603,4636,4572,4586,4587,4693,4780,4707,4766,4872,4887,4870,4897,4927,4948,4936,0,4685,4689,4651,4688,4788,4868,4839,4788,4758,4866,4882,4855,4898,4917,4870,4968,4978,5003,4974,5066,0,4852,4890,4891,4889,4911,4969,5050,5021,5077,5034,5064,5049,5074,5053,5149,5162,5184,5146,5188,5192,0,4954,5005,4980,5005,5017,5036,5131,5095,5057,5120,5106,5117,5190,5133,5206,5247,5275,5233,5269,5299,5291,0.4837,0.4837,0.4837,0.4837,0.4837,0.4837,0.4837,0.4837,0.4837,0.4837,0.4837,0.4837,0.4837,0.4837,0.4837,0.4837,0.4837,0.4837,0.4837,0.4837,0.0,0.5016,0.5016,0.5016,0.5016,0.5016,0.5016,0.5016,0.5016,0.5016,0.5016,0.5016,0.5016,0.5016,0.5016,0.5016,0.5016,0.5016,0.5016,0.5016,0.5016,0.0,0.4746,0.4746,0.4746,0.4746,0.4746,0.4746,0.4746,0.4746,0.4746,0.4746,0.4746,0.4746,0.4746,0.4746,0.4746,0.4746,0.4746,0.4746,0.4746,0.4746,0.0,0.4837,0.4837,0.4837,0.4837,0.4837,0.4837,0.4837,0.4837,0.4837,0.4837,0.4837,0.4837,0.4837,0.4837,0.4837,0.4837,0.4837,0.4837,0.4837,0.4837,0.0,0.5016,0.5016,0.5016,0.5016,0.5016,0.5016,0.5016,0.5016,0.5016,0.5016,0.5016,0.5016,0.5016,0.5016,0.5016,0.5016,0.5016,0.5016,0.5016,0.5016,0.0,0.4927,0.4927,0.4927,0.4927,0.4927,0.4927,0.4927,0.4927,0.4927,0.4927,0.4927,0.4927,0.4927,0.4927,0.4927,0.4927,0.4927,0.4927,0.4927,0.4927,0.4927,
42.75589156150818,5012,4937,4882,4947,4998,4979,5044,5072,5102,5117,5070,5177,5127,5084,5196,5205,5161,5256,5268,5262,0,4995,5000,4978,5012,5062,5033,5055,5089,5070,5064,5093,5200,5095,5201,5171,5188,5227,5212,5195,5273,0,5065,5110,5112,5122,5175,5175,5150,5159,5185,5197,5233,5263,5251,5270,5266,5305,5352,5297,5412,5373,0,5050,5016,5067,5073,5110,5126,5134,5139,5178,5210,5225,5188,5184,5291,5225,5299,5260,5333,5266,5309,0,4852,4890,4891,4889,4911,4969,5050,5021,5077,5034,5064,5049,5074,5053,5149,5162,5184,5146,5188,5192,0,4954,5005,4980,5005,5017,5036,5131,5095,5057,5120,5106,5117,5190,5133,5206,5247,5275,5233,5269,5299,5291,0.5016,0.5016,0.5016,0.5016,0.5016,0.5016,0.5016,0.5016,0.5016,0.5016,0.5016,0.5016,0.5016,0.5016,0.5016,0.5016,0.5016,0.5016,0.5016,0.5016,0.0,0.5016,0.5016,0.5016,0.5016,0.5016,0.5016,0.5016,0.5016,0.5016,0.5016,0.5016,0.5016,0.5016,0.5016,0.5016,0.5016,0.5016,0.5016,0.5016,0.5016,0.0,0.5016,0.5016,0.5016,0.5016,0.5016,0.5016,0.5016,0.5016,0.5016,0.5016,0.5016,0.5016,0.5016,0.5016,0.5016,0.5016,0.5016,0.5016,0.5016,0.5016,0.0,0.5016,0.5191,0.5191,0.5191,0.5191,0.5191,0.5191,0.5191,0.5191,0.5191,0.5191,0.5191,0.5191,0.5191,0.5191,0.5191,0.5191,0.5191,0.5191,0.5191,0.0,0.5016,0.5016,0.5016,0.5016,0.5016,0.5016,0.5016,0.5016,0.5016,0.5016,0.5016,0.5016,0.5016,0.5016,0.5016,0.5016,0.5016,0.5016,0.5016,0.5016,0.0,0.4927,0.4927,0.4927,0.4927,0.4927,0.4927,0.4927,0.4927,0.4927,0.4927,0.4927,0.4927,0.4927,0.4927,0.4927,0.4927,0.4927,0.4927,0.4927,0.4927,0.4927,
42.90760636329651,5012,4937,4882,4947,4998,4979,5044,5072,5102,5117,5070,5177,5127,5084,5196,5205,5161,5256,5268,5262,0,4995,5000,4978,5012,5062,5033,5055,5089,5070,5064,5093,5200,5095,5201,5171,5188,5227,5212,5195,5273,0,5065,5110,5112,5122,5175,5175,5150,5159,5185,5197,5233,5263,5251,5270,5266,5305,5352,5297,5412,5373,0,5050,5016,5067,5073,5110,5126,5134,5139,5178,5210,5225,5188,5184,5291,5225,5299,5260,5333,5266,5309,0,5266,5299,5326,5305,5324,5328,5359,5359,5377,5368,5398,5455,5418,5456,5480,5463,5486,5483,5504,5530,0,5326,5329,5376,5351,5407,5443,5408,5446,5430,5452,5494,5468,5482,5514,5501,5571,5579,5551,5572,5572,5634,0.5016,0.5016,0.5016,0.5016,0.5016,0.5016,0.5016,0.5016,0.5016,0.5016,0.5016,0.5016,0.5016,0.5016,0.5016,0.5016,0.5016,0.5016,0.5016,0.5016,0.0,0.5016,0.5016,0.5016,0.5016,0.5016,0.5016,0.5016,0.5016,0.5016,0.5016,0.5016,0.5016,0.5016,0.5016,0.5016,0.5016,0.5016,0.5016,0.5016,0.5016,0.0,0.5016,0.5016,0.5016,0.5016,0.5016,0.5016,0.5016,0.5016,0.5016,0.5016,0.5016,0.5016,0.5016,0.5016,0.5016,0.5016,0.5016,0.5016,0.5016,0.5016,0.0,0.5016,0.5191,0.5191,0.5191,0.5191,0.5191,0.5191,0.5191,0.5191,0.5191,0.5191,0.5191,0.5191,0.5191,0.5191,0.5191,0.5191,0.5191,0.5191,0.5191,0.0,0.5277,0.5277,0.5277,0.5277,0.5277,0.5277,0.5277,0.5277,0.5277,0.5277,0.5277,0.5277,0.5277,0.5277,0.5277,0.5277,0.5277,0.5277,0.5277,0.5277,0.0,0.5362,0.5362,0.5362,0.5362,0.5362,0.5362,0.5362,0.5362,0.5362,0.5362,0.5362,0.5362,0.5362,0.5362,0.5362,0.5362,0.5362,0.5362,0.5362,0.5362,0.5362,
43.05933713912964,5381,5353,5317,5314,5405,5462,5470,5491,5458,5451,5529,5511,5588,5575,5590,5576,5583,5641,5646,5627,0,5344,5339,5353,5303,5354,5284,5388,5368,5397,5382,5455,5475,5473,5498,5456,5510,5519,5548,5535,5574,0,5065,5110,5112,5122,5175,5175,5150,5159,5185,5197,5233,5263,5251,5270,5266,5305,5352,5297,5412,5373,0,5050,5016,5067,5073,5110,5126,5134,5139,5178,5210,5225,5188,5184,5291,5225,5299,5260,5333,5266,5309,0,5266,5299,5326,5305,5324,5328,5359,5359,5377,5368,5398,5455,5418,5456,5480,5463,5486,5483,5504,5530,0,5326,5329,5376,5351,5407,5443,5408,5446,5430,5452,5494,5468,5482,5514,5501,5571,5579,5551,5572,5572,5634,0.5277,0.5277,0.5277,0.5277,0.5277,0.5277,0.5277,0.5277,0.5277,0.5277,0.5277,0.5277,0.5277,0.5277,0.5277,0.5277,0.5277,0.5277,0.5277,0.5277,0.0,0.5191,0.5527,0.5527,0.5527,0.5527,0.5527,0.5527,0.5527,0.5527,0.5527,0.5527,0.5527,0.5527,0.5527,0.5527,0.5527,0.5527,0.5527,0.5527,0.5527,0.0,0.5016,0.5016,0.5016,0.5016,0.5016,0.5016,0.5016,0.5016,0.5016,0.5016,0.5016,0.5016,0.5016,0.5016,0.5016,0.5016,0.5016,0.5016,0.5016,0.5016,0.0,0.5016,0.5191,0.5191,0.5191,0.5191,0.5191,0.5191,0.5191,0.5191,0.5191,0.5191,0.5191,0.5191,0.5191,0.5191,0.5191,0.5191,0.5191,0.5191,0.5191,0.0,0.5277,0.5277,0.5277,0.5277,0.5277,0.5277,0.5277,0.5277,0.5277,0.5277,0.5277,0.5277,0.5277,0.5277,0.5277,0.5277,0.5277,0.5277,0.5277,0.5277,0.0,0.5362,0.5362,0.5362,0.5362,0.5362,0.5362,0.5362,0.5362,0.5362,0.5362,0.5362,0.5362,0.5362,0.5362,0.5362,0.5362,0.5362,0.5362,0.5362,0.5362,0.5362,
43.21133589744568,5381,5353,5317,5314,5405,5462,5470,5491,5458,5451,5529,5511,5588,5575,5590,5576,5583,5641,5646,5627,0,5344,5339,5353,5303,5354,5284,5388,5368,5397,5382,5455,5475,5473,5498,5456,5510,5519,5548,5535,5574,0,5433,5412,5428,5427,5471,5497,5489,5513,5567,5485,5559,5508,5549,5496,5571,5648,5594,5634,5670,5653,0,5374,5436,5458,5545,5476,5481,5484,5526,5552,5550,5554,5607,5620,5641,5633,5675,5664,5636,5717,5593,0,5266,5299,5326,5305,5324,5328,5359,5359,5377,5368,5398,5455,5418,5456,5480,5463,5486,5483,5504,5530,0,5326,5329,5376,5351,5407,5443,5408,5446,5430,5452,5494,5468,5482,5514,5501,5571,5579,5551,5572,5572,5634,0.5277,0.5277,0.5277,0.5277,0.5277,0.5277,0.5277,0.5277,0.5277,0.5277,0.5277,0.5277,0.5277,0.5277,0.5277,0.5277,0.5277,0.5277,0.5277,0.5277,0.0,0.5191,0.5527,0.5527,0.5527,0.5527,0.5527,0.5527,0.5527,0.5527,0.5527,0.5527,0.5527,0.5527,0.5527,0.5527,0.5527,0.5527,0.5527,0.5527,0.5527,0.0,0.5445,0.5445,0.5445,0.5445,0.5445,0.5445,0.5445,0.5445,0.5445,0.5445,0.5445,0.5445,0.5445,0.5445,0.5445,0.5445,0.5445,0.5445,0.5445,0.5445,0.0,0.5527,0.5527,0.5527,0.5527,0.5527,0.5527,0.5527,0.5527,0.5527,0.5527,0.5527,0.5527,0.5527,0.5527,0.5527,0.5527,0.5527,0.5527,0.5527,0.5527,0.0,0.5277,0.5277,0.5277,0.5277,0.5277,0.5277,0.5277,0.5277,0.5277,0.5277,0.5277,0.5277,0.5277,0.5277,0.5277,0.5277,0.5277,0.5277,0.5277,0.5277,0.0,0.5362,0.5362,0.5362,0.5362,0.5362,0.5362,0.5362,0.5362,0.5362,0.5362,0.5362,0.5362,0.5362,0.5362,0.5362,0.5362,0.5362,0.5362,0.5362,0.5362,0.5362,
43.31294345855713,5381,5353,5317,5314,5405,5462,5470,5491,5458,5451,5529,5511,5588,5575,5590,5576,5583,5641,5646,5627,0,5344,5339,5353,5303,5354,5284,5388,5368,5397,5382,5455,5475,5473,5498,5456,5510,5519,5548,5535,5574,0,5433,5412,5428,5427,5471,5497,5489,5513,5567,5485,5559,5508,5549,5496,5571,5648,5594,5634,5670,5653,0,5374,5436,5458,5545,5476,5481,5484,5526,5552,5550,5554,5607,5620,5641,5633,5675,5664,5636,5717,5593,0,5615,5609,5574,5666,5700,5716,5709,5721,5676,5713,5690,5749,5751,5775,5812,5793,5823,5853,5832,5888,0,5681,5585,5664,5658,5703,5714,5701,5681,5697,5741,5774,5767,5775,5790,5844,5826,5871,5854,5858,5865,5903,0.5277,0.5277,0.5277,0.5277,0.5277,0.5277,0.5277,0.5277,0.5277,0.5277,0.5277,0.5277,0.5277,0.5277,0.5277,0.5277,0.5277,0.5277,0.5277,0.5277,0.0,0.5191,0.5527,0.5527,0.5527,0.5527,0.5527,0.5527,0.5527,0.5527,0.5527,0.5527,0.5527,0.5527,0.5527,0.5527,0.5527,0.5527,0.5527,0.5527,0.5527,0.0,0.5445,0.5445,0.5445,0.5445,0.5445,0.5445,0.5445,0.5445,0.5445,0.5445,0.5445,0.5445,0.5445,0.5445,0.5445,0.5445,0.5445,0.5445,0.5445,0.5445,0.0,0.5527,0.5527,0.5527,0.5527,0.5527,0.5527,0.5527,0.5527,0.5527,0.5527,0.5527,0.5527,0.5527,0.5527,0.5527,0.5527,0.5527,0.5527,0.5527,0.5527,0.0,0.5607,0.5607,0.5607,0.5607,0.5607,0.5607,0.5607,0.5607,0.5607,0.5607,0.5607,0.5607,0.5607,0.5607,0.5607,0.5607,0.5607,0.5607,0.5607,0.5607,0.0,0.5607,0.5607,0.5607,0.5607,0.5607,0.5607,0.5607,0.5607,0.5607,0.5607,0.5607,0.5607,0.5607,0.5607,0.5607,0.5607,0.5607,0.5607,0.5607,0.5607,0.5607,
43.41450619697571,5693,5715,5761,5773,5782,5757,5780,5774,5815,5803,5833,5879,5816,5889,5932,5936,5931,5936,5954,5994,0,5624,5612,5692,5668,5661,5676,5720,5639,5703,5730,5692,5763,5807,5753,5714,5785,5793,5848,5821,5822,0,5433,5412,5428,5427,5471,5497,5489,5513,5567,5485,5559,5508,5549,5496,5571,5648,5594,5634,5670,5653,0,5755,5802,5789,5885,5885,5863,5944,5940,5940,5944,5975,5969,6022,6001,5984,6035,6060,6080,6095,6049,0,5615,5609,5574,5666,5700,5716,5709,5721,5676,5713,5690,5749,5751,5775,5812,5793,5823,5853,5832,5888,0,5681,5585,5664,5658,5703,5714,5701,5681,5697,5741,5774,5767,5775,5790,5844,5826,5871,5854,5858,5865,5903,0.5686,0.5686,0.5686,0.5686,0.5686,0.5686,0.5686,0.5686,0.5686,0.5686,0.5686,0.5686,0.5686,0.5686,0.5686,0.5686,0.5686,0.5686,0.5686,0.5686,0.0,0.5527,0.5763,0.5763,0.5763,0.5763,0.5763,0.5763,0.5763,0.5763,0.5763,0.5763,0.5763,0.5763,0.5763,0.5763,0.5763,0.5763,0.5763,0.5763,0.5763,0.0,0.5445,0.5445,0.5445,0.5445,0.5445,0.5445,0.5445,0.5445,0.5445,0.5445,0.5445,0.5445,0.5445,0.5445,0.5445,0.5445,0.5445,0.5445,0.5445,0.5445,0.0,0.5763,0.5763,0.5763,0.5763,0.5763,0.5763,0.5763,0.5763,0.5763,0.5763,0.5763,0.5763,0.5763,0.5763,0.5763,0.5763,0.5763,0.5763,0.5763,0.5763,0.0,0.5607,0.5607,0.5607,0.5607,0.5607,0.5607,0.5607,0.5607,0.5607,0.5607,0.5607,0.5607,0.5607,0.5607,0.5607,0.5607,0.5607,0.5607,0.5607,0.5607,0.0,0.5607,0.5607,0.5607,0.5607,0.5607,0.5607,0.5607,0.5607,0.5607,0.5607,0.5607,0.5607,0.5607,0.5607,0.5607,0.5607,0.5607,0.5607,0.5607,0.5607,0.5607,
43.5665717124939,5693,5715,5761,5773,5782,5757,5780,5774,5815,5803,5833,5879,5816,5889,5932,5936,5931,5936,5954,5994,0,5624,5612,5692,5668,5661,5676,5720,5639,5703,5730,5692,5763,5807,5753,5714,5785,5793,5848,5821,5822,0,5733,5743,5808,5780,5798,5815,5842,5903,5832,5878,5926,5947,5965,5960,5967,5966,6027,5989,6088,6065,0,5755,5802,5789,5885,5885,5863,5944,5940,5940,5944,5975,5969,6022,6001,5984,6035,6060,6080,6095,6049,0,5926,5966,5996,5995,5949,6016,6059,5992,6080,6022,6049,6101,6143,6088,6119,6151,6188,6126,6170,6174,0,5963,5946,5926,5937,5978,5972,6033,5983,5989,6066,6093,6077,6132,6051,6196,6129,6157,6134,6148,6200,6197,0.5686,0.5686,0.5686,0.5686,0.5686,0.5686,0.5686,0.5686,0.5686,0.5686,0.5686,0.5686,0.5686,0.5686,0.5686,0.5686,0.5686,0.5686,0.5686,0.5686,0.0,0.5527,0.5763,0.5763,0.5763,0.5763,0.5763,0.5763,0.5763,0.5763,0.5763,0.5763,0.5763,0.5763,0.5763,0.5763,0.5763,0.5763,0.5763,0.5763,0.5763,0.0,0.5607,0.5763,0.5763,0.5763,0.5763,0.5763,0.5763,0.5763,0.5763,0.5763,0.5763,0.5763,0.5763,0.5763,0.5763,0.5763,0.5763,0.5763,0.5763,0.5763,0.0,0.5763,0.5763,0.5763,0.5763,0.5763,0.5763,0.5763,0.5763,0.5763,0.5763,0.5763,0.5763,0.5763,0.5763,0.5763,0.5763,0.5763,0.5763,0.5763,0.5763,0.0,0.5912,0.5912,0.5912,0.5912,0.5912,0.5912,0.5912,0.5912,0.5912,0.5912,0.5912,0.5912,0.5912,0.5912,0.5912,0.5912,0.5912,0.5912,0.5912,0.5912,0.0,0.5686,0.5686,0.5686,0.5686,0.5686,0.5686,0.5686,0.5686,0.5686,0.5686,0.5686,0.5686,0.5686,0.5686,0.5686,0.5686,0.5686,0.5686,0.5686,0.5686,0.5686,
43.66815495491028,6039,6019,6061,6060,6077,6103,6130,6158,6167,6245,6168,6213,6157,6176,6248,6261,6262,6281,6274,6287,0,5624,5612,5692,5668,5661,5676,5720,5639,5703,5730,5692,5763,5807,5753,5714,5785,5793,5848,5821,5822,0,5733,5743,5808,5780,5798,5815,5842,5903,5832,5878,5926,5947,5965,5960,5967,5966,6027,5989,6088,6065,0,5755,5802,5789,5885,5885,5863,5944,5940,5940,5944,5975,5969,6022,6001,5984,6035,6060,6080,6095,6049,0,5926,5966,5996,5995,5949,6016,6059,5992,6080,6022,6049,6101,6143,6088,6119,6151,6188,6126,6170,6174,0,5963,5946,5926,5937,5978,5972,6033,5983,5989,6066,6093,6077,6132,6051,6196,6129,6157,6134,6148,6200,6197,0.5763,0.5984,0.5984,0.5984,0.5984,0.5984,0.5984,0.5984,0.5984,0.5984,0.5984,0.5984,0.5984,0.5984,0.5984,0.5984,0.5984,0.5984,0.5984,0.5984,0.0,0.5527,0.5763,0.5763,0.5763,0.5763,0.5763,0.5763,0.5763,0.5763,0.5763,0.5763,0.5763,0.5763,0.5763,0.5763,0.5763,0.5763,0.5763,0.5763,0.5763,0.0,0.5607,0.5763,0.5763,0.5763,0.5763,0.5763,0.5763,0.5763,0.5763,0.5763,0.5763,0.5763,0.5763,0.5763,0.5763,0.5763,0.5763,0.5763,0.5763,0.5763,0.0,0.5763,0.5763,0.5763,0.5763,0.5763,0.5763,0.5763,0.5763,0.5763,0.5763,0.5763,0.5763,0.5763,0.5763,0.5763,0.5763,0.5763,0.5763,0.5763,0.5763,0.0,0.5912,0.5912,0.5912,0.5912,0.5912,0.5912,0.5912,0.5912,0.5912,0.5912,0.5912,0.5912,0.5912,0.5912,0.5912,0.5912,0.5912,0.5912,0.5912,0.5912,0.0,0.5686,0.5686,0.5686,0.5686,0.5686,0.5686,0.5686,0.5686,0.5686,0.5686,0.5686,0.5686,0.5686,0.5686,0.5686,0.5686,0.5686,0.5686,0.5686,0.5686,0.5686,
43.81989669799805,6039,6019,6061,6060,6077,6103,6130,6158,6167,6245,6168,6213,6157,6176,6248,6261,6262,6281,6274,6287,0,5946,5986,6043,6008,6074,6054,6091,6047,6061,6131,6059,6192,6190,6168,6155,6170,6226,6272,6257,6289,0,6123,6205,6116,6098,6204,6061,6177,6200,6162,6216,6227,6285,6218,6281,6206,6238,6317,6298,6335,6299,0,6191,6147,6164,6206,6252,6230,6251,6229,6255,6287,6324,6276,6272,6335,6295,6353,6319,6432,6359,6416,0,5926,5966,5996,5995,5949,6016,6059,5992,6080,6022,6049,6101,6143,6088,6119,6151,6188,6126,6170,6174,0,5963,5946,5926,5937,5978,5972,6033,5983,5989,6066,6093,6077,6132,6051,6196,6129,6157,6134,6148,6200,6197,0.5763,0.5984,0.5984,0.5984,0.5984,0.5984,0.5984,0.5984,0.5984,0.5984,0.5984,0.5984,0.5984,0.5984,0.5984,0.5984,0.5984,0.5984,0.5984,0.5984,0.0,0.5839,0.5984,0.5984,0.5984,0.5984,0.5984,0.5984,0.5984,0.5984,0.5984,0.5984,0.5984,0.5984,0.5984,0.5984,0.5984,0.5984,0.5984,0.5984,0.5984,0.0,0.5912,0.5912,0.5912,0.5912,0.5912,0.5912,0.5912,0.5912,0.5912,0.5912,0.5912,0.5912,0.5912,0.5912,0.5912,0.5912,0.5912,0.5912,0.5912,0.5912,0.0,0.6054,0.6054,0.6054,0.6054,0.6054,0.6054,0.6054,0.6054,0.6054,0.6054,0.6054,0.6054,0.6054,0.6054,0.6054,0.6054,0.6054,0.6054,0.6054,0.6054,0.0,0.5912,0.5912,0.5912,0.5912,0.5912,0.5912,0.5912,0.5912,0.5912,0.5912,0.5912,0.5912,0.5912,0.5912,0.5912,0.5912,0.5912,0.5912,0.5912,0.5912,0.0,0.5686,0.5686,0.5686,0.5686,0.5686,0.5686,0.5686,0.5686,0.5686,0.5686,0.5686,0.5686,0.5686,0.5686,0.5686,0.5686,0.5686,0.5686,0.5686,0.5686,0.5686,
43.92154383659363,6039,6019,6061,6060,6077,6103,6130,6158,6167,6245,6168,6213,6157,6176,6248,6261,6262,6281,6274,6287,0,5946,5986,6043,6008,6074,6054,6091,6047,6061,6131,6059,6192,6190,6168,6155,6170,6226,6272,6257,6289,0,6123,6205,6116,6098,6204,6061,6177,6200,6162,6216,6227,6285,6218,6281,6206,6238,6317,6298,6335,6299,0,6191,6147,6164,6206,6252,6230,6251,6229,6255,6287,6324,6276,6272,6335,6295,6353,6319,6432,6359,6416,0,5926,5966,5996,5995,5949,6016,6059,5992,6080,6022,6049,6101,6143,6088,6119,6151,6188,6126,6170,6174,0,5963,5946,5926,5937,5978,5972,6033,5983,5989,6066,6093,6077,6132,6051,6196,6129,6157,6134,6148,6200,6197,0.5763,0.5984,0.5984,0.5984,0.5984,0.5984,0.5984,0.5984,0.5984,0.5984,0.5984,0.5984,0.5984,0.5984,0.5984,0.5984,0.5984,0.5984,0.5984,0.5984,0.0,0.5839,0.5984,0.5984,0.5984,0.5984,0.5984,0.5984,0.5984,0.5984,0.5984,0.5984,0.5984,0.5984,0.5984,0.5984,0.5984,0.5984,0.5984,0.5984,0.5984,0.0,0.5912,0.5912,0.5912,0.5912,0.5912,0.5912,0.5912,0.5912,0.5912,0.5912,0.5912,0.5912,0.5912,0.5912,0.5912,0.5912,0.5912,0.5912,0.5912,0.5912,0.0,0.6054,0.6054,0.6054,0.6054,0.6054,0.6054,0.6054,0.6054,0.6054,0.6054,0.6054,0.6054,0.6054,0.6054,0.6054,0.6054,0.6054,0.6054,0.6054,0.6054,0.0,0.5912,0.5912,0.5912,0.5912,0.5912,0.5912,0.5912,0.5912,0.5912,0.5912,0.5912,0.5912,0.5912,0.5912,0.5912,0.5912,0.5912,0.5912,0.5912,0.5912,0.0,0.5686,0.5686,0.5686,0.5686,0.5686,0.5686,0.5686,0.5686,0.5686,0.5686,0.5686,0.5686,0.5686,0.5686,0.5686,0.5686,0.5686,0.5686,0.5686,0.5686,0.5686,
44.1235671043396,6039,6019,6061,6060,6077,6103,6130,6158,6167,6245,6168,6213,6157,6176,6248,6261,6262,6281,6274,6287,0,6395,6457,6435,6435,6485,6434,6501,6478,7734,6525,6429,6575,6525,6562,6544,6570,6591,6556,6572,6639,0,6366,6421,6320,6387,6412,6373,6400,6423,6405,6385,6480,6488,6424,6493,6446,6543,6517,6497,6525,6559,0,6191,6147,6164,6206,6252,6230,6251,6229,6255,6287,6324,6276,6272,6335,6295,6353,6319,6432,6359,6416,0,6256,6267,6331,6334,6250,6357,6369,6300,6343,6315,6354,6415,6413,6429,6420,6415,6470,6360,6466,6459,0,6521,6542,6500,6514,6521,6589,6581,6598,6584,6600,6640,6575,6686,6634,6700,6700,6737,6675,6746,6745,6761,0.5763,0.5984,0.5984,0.5984,0.5984,0.5984,0.5984,0.5984,0.5984,0.5984,0.5984,0.5984,0.5984,0.5984,0.5984,0.5984,0.5984,0.5984,0.5984,0.5984,0.0,0.6054,0.6054,0.6054,0.6054,0.6054,0.6054,0.6054,0.6054,0.6054,0.6054,0.6054,0.6054,0.6054,0.6054,0.6054,0.6054,0.6054,0.6054,0.6054,0.6054,0.0,0.6054,0.6187,0.6187,0.6187,0.6187,0.6187,0.6187,0.6187,0.6187,0.6187,0.6187,0.6187,0.6187,0.6187,0.6187,0.6187,0.6187,0.6187,0.6187,0.6187,0.0,0.6054,0.6054,0.6054,0.6054,0.6054,0.6054,0.6054,0.6054,0.6054,0.6054,0.6054,0.6054,0.6054,0.6054,0.6054,0.6054,0.6054,0.6054,0.6054,0.6054,0.0,0.5984,0.6121,0.6121,0.6121,0.6121,0.6121,0.6121,0.6121,0.6121,0.6121,0.6121,0.6121,0.6121,0.6121,0.6121,0.6121,0.6121,0.6121,0.6121,0.6121,0.0,0.625,0.625,0.625,0.625,0.625,0.625,0.625,0.625,0.625,0.625,0.625,0.625,0.625,0.625,0.625,0.625,0.625,0.625,0.625,0.625,0.625,
44.27540564537048,6388,6314,6267,6247,6341,6331,6379,6428,6385,6489,6373,6464,6406,6351,6432,6489,6495,6530,6521,6553,0,6629,6715,6656,6660,6696,6605,6677,6675,1538461,6670,6709,6772,6703,6772,6738,6786,6778,6680,6748,6805,0,6366,6421,6320,6387,6412,6373,6400,6423,6405,6385,6480,6488,6424,6493,6446,6543,6517,6497,6525,6559,0,6468,6414,6433,6482,6445,6471,6448,6398,6504,6486,6538,6517,6445,6598,6543,6602,6547,6660,6617,6662,0,6598,6608,6609,6592,6600,6661,6676,6651,6645,6640,6654,6694,6695,6727,6720,6655,6698,6691,6720,6712,0,6521,6542,6500,6514,6521,6589,6581,6598,6584,6600,6640,6575,6686,6634,6700,6700,6737,6675,6746,6745,6761,0.6054,0.6187,0.6187,0.6187,0.6187,0.6187,0.6187,0.6187,0.6187,0.6187,0.6187,0.6187,0.6187,0.6187,0.6187,0.6187,0.6187,0.6187,0.6187,0.6187,0.0,0.6312,0.6312,0.6312,0.6312,0.6312,0.6312,0.6312,0.6312,0.6312,0.6312,0.6312,0.6312,0.6312,0.6312,0.6312,0.6312,0.6312,0.6312,0.6312,0.6312,0.0,0.6054,0.6187,0.6187,0.6187,0.6187,0.6187,0.6187,0.6187,0.6187,0.6187,0.6187,0.6187,0.6187,0.6187,0.6187,0.6187,0.6187,0.6187,0.6187,0.6187,0.0,0.6121,0.625,0.625,0.625,0.625,0.625,0.625,0.625,0.625,0.625,0.625,0.625,0.625,0.625,0.625,0.625,0.625,0.625,0.625,0.625,0.0,0.6187,0.6187,0.6187,0.6187,0.6187,0.6187,0.6187,0.6187,0.6187,0.6187,0.6187,0.6187,0.6187,0.6187,0.6187,0.6187,0.6187,0.6187,0.6187,0.6187,0.0,0.625,0.625,0.625,0.625,0.625,0.625,0.625,0.625,0.625,0.625,0.625,0.625,0.625,0.625,0.625,0.625,0.625,0.625,0.625,0.625,0.625,
44.427130699157715,6595,6604,6537,6523,6640,6605,6668,6667,6678,6634,6663,6705,6691,6694,6738,6745,6718,6724,6743,6794,0,6629,6715,6656,6660,6696,6605,6677,6675,1538461,6670,6709,6772,6703,6772,6738,6786,6778,6680,6748,6805,0,6610,6577,6582,6641,6660,6692,6595,6653,6657,6615,6698,6674,13434,6721,6683,6812,6746,6685,6790,6791,0,6668,6705,6653,6712,6753,6778,6722,6715,6771,6776,6796,6753,6762,6870,6751,6828,6829,6781,6880,6852,0,6598,6608,6609,6592,6600,6661,6676,6651,6645,6640,6654,6694,6695,6727,6720,6655,6698,6691,6720,6712,0,6521,6542,6500,6514,6521,6589,6581,6598,6584,6600,6640,6575,6686,6634,6700,6700,6737,6675,6746,6745,6761,0.637,0.637,0.637,0.637,0.637,0.637,0.637,0.637,0.637,0.637,0.637,0.637,0.637,0.637,0.637,0.637,0.637,0.637,0.637,0.637,0.0,0.6312,0.6312,0.6312,0.6312,0.6312,0.6312,0.6312,0.6312,0.6312,0.6312,0.6312,0.6312,0.6312,0.6312,0.6312,0.6312,0.6312,0.6312,0.6312,0.6312,0.0,0.625,0.625,0.625,0.625,0.625,0.625,0.625,0.625,0.625,0.625,0.625,0.625,0.625,0.625,0.625,0.625,0.625,0.625,0.625,0.625,0.0,0.637,0.637,0.637,0.637,0.637,0.637,0.637,0.637,0.637,0.637,0.637,0.637,0.637,0.637,0.637,0.637,0.637,0.637,0.637,0.637,0.0,0.6187,0.6187,0.6187,0.6187,0.6187,0.6187,0.6187,0.6187,0.6187,0.6187,0.6187,0.6187,0.6187,0.6187,0.6187,0.6187,0.6187,0.6187,0.6187,0.6187,0.0,0.625,0.625,0.625,0.625,0.625,0.625,0.625,0.625,0.625,0.625,0.625,0.625,0.625,0.625,0.625,0.625,0.625,0.625,0.625,0.625,0.625,
44.57940340042114,6787,6832,6843,6861,6891,6834,6922,6879,6962,6887,6960,6938,6971,6982,7007,6997,6981,7003,7004,7041,0,6770,6893,6782,6827,6832,6785,6862,6822,1538461,6858,6894,6947,6846,6952,6913,6946,6946,6864,6940,6952,0,6819,6795,6915,6820,6938,6891,6864,6924,6858,6914,6926,6941,6993,6983,6933,6975,7029,6946,7040,7015,0,6668,6705,6653,6712,6753,6778,6722,6715,6771,6776,6796,6753,6762,6870,6751,6828,6829,6781,6880,6852,0,6765,6816,6787,6735,6815,6864,6799,6849,6828,6834,6838,6818,6868,6916,6892,6828,6798,6938,6902,6888,0,6954,6860,6918,6914,6988,7031,6988,6968,7006,6943,6966,6967,6984,7068,7007,7008,7066,6930,7045,6990,7082,0.6427,0.6533,0.6533,0.6533,0.6533,0.6533,0.6533,0.6533,0.6533,0.6533,0.6533,0.6533,0.6533,0.6533,0.6533,0.6533,0.6533,0.6533,0.6533,0.6533,0.0,0.6427,0.6533,0.6533,0.6533,0.6533,0.6533,0.6533,0.6533,0.6533,0.6533,0.6533,0.6533,0.6533,0.6533,0.6533,0.6533,0.6533,0.6533,0.6533,0.6533,0.0,0.6427,0.6533,0.6533,0.6533,0.6533,0.6533,0.6533,0.6533,0.6533,0.6533,0.6533,0.6533,0.6533,0.6533,0.6533,0.6533,0.6533,0.6533,0.6533,0.6533,0.0,0.637,0.637,0.637,0.637,0.637,0.637,0.637,0.637,0.637,0.637,0.637,0.637,0.637,0.637,0.637,0.637,0.637,0.637,0.637,0.637,0.0,0.6427,0.6427,0.6427,0.6427,0.6427,0.6427,0.6427,0.6427,0.6427,0.6427,0.6427,0.6427,0.6427,0.6427,0.6427,0.6427,0.6427,0.6427,0.6427,0.6427,0.0,0.6533,0.6533,0.6533,0.6533,0.6533,0.6533,0.6533,0.6533,0.6533,0.6533,0.6533,0.6533,0.6533,0.6533,0.6533,0.6533,0.6533,0.6533,0.6533,0.6533,0.6533,
44.68100881576538,6787,6832,6843,6861,6891,6834,6922,6879,6962,6887,6960,6938,6971,6982,7007,6997,6981,7003,7004,7041,0,6770,6893,6782,6827,6832,6785,6862,6822,1538461,6858,6894,6947,6846,6952,6913,6946,6946,6864,6940,6952,0,6819,6795,6915,6820,6938,6891,6864,6924,6858,6914,6926,6941,6993,6983,6933,6975,7029,6946,7040,7015,0,6798,6935,6845,6937,6993,7000,6962,6956,6963,6979,6997,6980,7020,7018,6966,6991,6974,7020,6994,7012,0,6765,6816,6787,6735,6815,6864,6799,6849,6828,6834,6838,6818,6868,6916,6892,6828,6798,6938,6902,6888,0,6954,6860,6918,6914,6988,7031,6988,6968,7006,6943,6966,6967,6984,7068,7007,7008,7066,6930,7045,6990,7082,0.6427,0.6533,0.6533,0.6533,0.6533,0.6533,0.6533,0.6533,0.6533,0.6533,0.6533,0.6533,0.6533,0.6533,0.6533,0.6533,0.6533,0.6533,0.6533,0.6533,0.0,0.6427,0.6533,0.6533,0.6533,0.6533,0.6533,0.6533,0.6533,0.6533,0.6533,0.6533,0.6533,0.6533,0.6533,0.6533,0.6533,0.6533,0.6533,0.6533,0.6533,0.0,0.6427,0.6533,0.6533,0.6533,0.6533,0.6533,0.6533,0.6533,0.6533,0.6533,0.6533,0.6533,0.6533,0.6533,0.6533,0.6533,0.6533,0.6533,0.6533,0.6533,0.0,0.6533,0.6533,0.6533,0.6533,0.6533,0.6533,0.6533,0.6533,0.6533,0.6533,0.6533,0.6533,0.6533,0.6533,0.6533,0.6533,0.6533,0.6533,0.6533,0.6533,0.0,0.6427,0.6427,0.6427,0.6427,0.6427,0.6427,0.6427,0.6427,0.6427,0.6427,0.6427,0.6427,0.6427,0.6427,0.6427,0.6427,0.6427,0.6427,0.6427,0.6427,0.0,0.6533,0.6533,0.6533,0.6533,0.6533,0.6533,0.6533,0.6533,0.6533,0.6533,0.6533,0.6533,0.6533,0.6533,0.6533,0.6533,0.6533,0.6533,0.6533,0.6533,0.6533,
44.83280372619629,6787,6832,6843,6861,6891,6834,6922,6879,6962,6887,6960,6938,6971,6982,7007,6997,6981,7003,7004,7041,0,6770,6893,6782,6827,6832,6785,6862,6822,1538461,6858,6894,6947,6846,6952,6913,6946,6946,6864,6940,6952,0,6819,6795,6915,6820,6938,6891,6864,6924,6858,6914,6926,6941,6993,6983,6933,6975,7029,6946,7040,7015,0,6798,6935,6845,6937,6993,7000,6962,6956,6963,6979,6997,6980,7020,7018,6966,6991,6974,7020,6994,7012,0,6940,7011,6988,6922,6952,6999,7005,7006,7035,7010,6976,7041,7067,7024,7083,7065,7053,7057,7068,7071,0,6954,6860,6918,6914,6988,7031,6988,6968,7006,6943,6966,6967,6984,7068,7007,7008,7066,6930,7045,6990,7082,0.6427,0.6533,0.6533,0.6533,0.6533,0.6533,0.6533,0.6533,0.6533,0.6533,0.6533,0.6533,0.6533,0.6533,0.6533,0.6533,0.6533,0.6533,0.6533,0.6533,0.0,0.6427,0.6533,0.6533,0.6533,0.6533,0.6533,0.6533,0.6533,0.6533,0.6533,0.6533,0.6533,0.6533,0.6533,0.6533,0.6533,0.6533,0.6533,0.6533,0.6533,0.0,0.6427,0.6533,0.6533,0.6533,0.6533,0.6533,0.6533,0.6533,0.6533,0.6533,0.6533,0.6533,0.6533,0.6533,0.6533,0.6533,0.6533,0.6533,0.6533,0.6533,0.0,0.6533,0.6533,0.6533,0.6533,0.6533,0.6533,0.6533,0.6533,0.6533,0.6533,0.6533,0.6533,0.6533,0.6533,0.6533,0.6533,0.6533,0.6533,0.6533,0.6533,0.0,0.6533,0.6673,0.6673,0.6673,0.6673,0.6673,0.6673,0.6673,0.6673,0.6673,0.6673,0.6673,0.6673,0.6673,0.6673,0.6673,0.6673,0.6673,0.6673,0.6673,0.0,0.6533,0.6533,0.6533,0.6533,0.6533,0.6533,0.6533,0.6533,0.6533,0.6533,0.6533,0.6533,0.6533,0.6533,0.6533,0.6533,0.6533,0.6533,0.6533,0.6533,0.6533,
45.08481168746948,7100,7039,7062,7103,7077,7081,7114,7136,7163,7178,7130,7158,7114,7140,7147,7187,7184,7228,7187,7204,0,6990,7024,7048,7004,7051,7001,7081,7012,22505,7103,7004,7086,7073,7045,7067,7066,7130,7177,7141,7131,0,7048,7068,7125,7033,7100,7017,7085,7093,7056,7117,7114,7153,7114,7142,7093,7084,7205,7152,7191,7172,0,7052,7038,7041,7072,7092,7103,7093,7084,7073,7066,7099,7086,7146,7110,7095,7106,7089,7195,7081,7106,0,7082,7118,7153,7159,7068,7104,7181,7118,7184,7125,7109,7219,7247,7137,7230,7263,7334,7175,7183,7257,0,7038,13937,7004,6993,7079,7139,7060,7043,7108,7044,7066,7062,7074,7174,7108,7117,7102,7202,7136,7128,7152,0.6582,0.6582,0.6582,0.6582,0.6582,0.6582,0.6582,0.6582,0.6582,0.6582,0.6582,0.6582,0.6582,0.6582,0.6582,0.6582,0.6582,0.6582,0.6582,0.6582,0.0,0.6582,0.6673,0.6673,0.6673,0.6673,0.6673,0.6673,0.6673,0.6673,0.6673,0.6673,0.6673,0.6673,0.6673,0.6673,0.6673,0.6673,0.6673,0.6673,0.6673,0.0,0.6582,0.6673,0.6673,0.6673,0.6673,0.6673,0.6673,0.6673,0.6673,0.6673,0.6673,0.6673,0.6673,0.6673,0.6673,0.6673,0.6673,0.6673,0.6673,0.6673,0.0,0.6629,0.6629,0.6629,0.6629,0.6629,0.6629,0.6629,0.6629,0.6629,0.6629,0.6629,0.6629,0.6629,0.6629,0.6629,0.6629,0.6629,0.6629,0.6629,0.6629,0.0,0.6673,0.6673,0.6673,0.6673,0.6673,0.6673,0.6673,0.6673,0.6673,0.6673,0.6673,0.6673,0.6673,0.6673,0.6673,0.6673,0.6673,0.6673,0.6673,0.6673,0.0,0.6582,0.6582,0.6582,0.6582,0.6582,0.6582,0.6582,0.6582,0.6582,0.6582,0.6582,0.6582,0.6582,0.6582,0.6582,0.6582,0.6582,0.6582,0.6582,0.6582,0.6582,
45.23655819892883,7287,7180,7172,7270,7205,7280,7251,7312,7328,7371,7265,7321,7226,7285,7274,7366,7354,7408,7333,7341,0,7201,7220,7288,7217,7309,7210,7267,7271,1714285,7287,7221,7326,7297,7238,7276,7286,7345,7401,7323,7343,0,7217,7217,7245,7235,7218,7232,7208,7233,7215,7272,7273,7286,7249,7297,7263,7334,7366,7314,7327,7329,0,7202,7124,7169,7195,7206,7214,7197,7202,7199,7186,7237,7203,7250,7249,7183,7301,7276,7355,7275,7282,0,7082,7118,7153,7159,7068,7104,7181,7118,7184,7125,7109,7219,7247,7137,7230,7263,7334,7175,7183,7257,0,7196,7143,7115,7164,7165,7228,7191,7178,7183,7222,7255,7221,7264,7286,7292,7278,7310,7406,7226,7308,7240,0.6753,0.6753,0.6753,0.6753,0.6753,0.6753,0.6753,0.6753,0.6753,0.6753,0.6753,0.6753,0.6753,0.6753,0.6753,0.6753,0.6753,0.6753,0.6753,0.6753,0.0,0.6753,0.6753,0.6753,0.6753,0.6753,0.6753,0.6753,0.6753,0.6753,0.6753,0.6753,0.6753,0.6753,0.6753,0.6753,0.6753,0.6753,0.6753,0.6753,0.6753,0.0,0.6753,0.6753,0.6753,0.6753,0.6753,0.6753,0.6753,0.6753,0.6753,0.6753,0.6753,0.6753,0.6753,0.6753,0.6753,0.6753,0.6753,0.6753,0.6753,0.6753,0.0,0.6753,0.6753,0.6753,0.6753,0.6753,0.6753,0.6753,0.6753,0.6753,0.6753,0.6753,0.6753,0.6753,0.6753,0.6753,0.6753,0.6753,0.6753,0.6753,0.6753,0.0,0.6673,0.6673,0.6673,0.6673,0.6673,0.6673,0.6673,0.6673,0.6673,0.6673,0.6673,0.6673,0.6673,0.6673,0.6673,0.6673,0.6673,0.6673,0.6673,0.6673,0.0,0.6753,0.6753,0.6753,0.6753,0.6753,0.6753,0.6753,0.6753,0.6753,0.6753,0.6753,0.6753,0.6753,0.6753,0.6753,0.6753,0.6753,0.6753,0.6753,0.6753,0.6753,
45.338181495666504,7287,7180,7172,7270,7205,7280,7251,7312,7328,7371,7265,7321,7226,7285,7274,7366,7354,7408,7333,7341,0,7201,7220,7288,7217,7309,7210,7267,7271,1714285,7287,7221,7326,7297,7238,7276,7286,7345,7401,7323,7343,0,7217,7217,7245,7235,7218,7232,7208,7233,7215,7272,7273,7286,7249,7297,7263,7334,7366,7314,7327,7329,0,7202,7124,7169,7195,7206,7214,7197,7202,7199,7186,7237,7203,7250,7249,7183,7301,7276,7355,7275,7282,0,7272,7301,7376,7380,7307,7352,7399,7345,7392,7330,7354,7426,7416,7393,7440,7443,7517,7390,7389,7447,0,7356,7316,7309,7309,7270,7313,7364,7370,7272,7364,7426,7344,7430,7360,7434,7405,7499,7508,7322,7420,7404,0.6753,0.6753,0.6753,0.6753,0.6753,0.6753,0.6753,0.6753,0.6753,0.6753,0.6753,0.6753,0.6753,0.6753,0.6753,0.6753,0.6753,0.6753,0.6753,0.6753,0.0,0.6753,0.6753,0.6753,0.6753,0.6753,0.6753,0.6753,0.6753,0.6753,0.6753,0.6753,0.6753,0.6753,0.6753,0.6753,0.6753,0.6753,0.6753,0.6753,0.6753,0.0,0.6753,0.6753,0.6753,0.6753,0.6753,0.6753,0.6753,0.6753,0.6753,0.6753,0.6753,0.6753,0.6753,0.6753,0.6753,0.6753,0.6753,0.6753,0.6753,0.6753,0.0,0.6753,0.6753,0.6753,0.6753,0.6753,0.6753,0.6753,0.6753,0.6753,0.6753,0.6753,0.6753,0.6753,0.6753,0.6753,0.6753,0.6753,0.6753,0.6753,0.6753,0.0,0.6753,0.6753,0.6753,0.6753,0.6753,0.6753,0.6753,0.6753,0.6753,0.6753,0.6753,0.6753,0.6753,0.6753,0.6753,0.6753,0.6753,0.6753,0.6753,0.6753,0.0,0.6789,0.6789,0.6789,0.6789,0.6789,0.6789,0.6789,0.6789,0.6789,0.6789,0.6789,0.6789,0.6789,0.6789,0.6789,0.6789,0.6789,0.6789,0.6789,0.6789,0.6789,
45.44027018547058,7412,7314,7291,7362,7317,7380,7368,7413,7417,7458,7371,7407,7356,7375,7379,7466,7433,7480,7405,7422,0,7340,7396,7434,7397,7476,7334,7403,7420,1621621,7419,7390,7521,7443,7415,7405,7449,7466,7526,7422,7458,0,7217,7217,7245,7235,7218,7232,7208,7233,7215,7272,7273,7286,7249,7297,7263,7334,7366,7314,7327,7329,0,7202,7124,7169,7195,7206,7214,7197,7202,7199,7186,7237,7203,7250,7249,7183,7301,7276,7355,7275,7282,0,7272,7301,7376,7380,7307,7352,7399,7345,7392,7330,7354,7426,7416,7393,7440,7443,7517,7390,7389,7447,0,7356,7316,7309,7309,7270,7313,7364,7370,7272,7364,7426,7344,7430,7360,7434,7405,7499,7508,7322,7420,7404,0.6823,0.6823,0.6823,0.6823,0.6823,0.6823,0.6823,0.6823,0.6823,0.6823,0.6823,0.6823,0.6823,0.6823,0.6823,0.6823,0.6823,0.6823,0.6823,0.6823,0.0,0.6789,0.6881,0.6881,0.6881,0.6881,0.6881,0.6881,0.6881,0.6881,0.6881,0.6881,0.6881,0.6881,0.6881,0.6881,0.6881,0.6881,0.6881,0.6881,0.6881,0.0,0.6753,0.6753,0.6753,0.6753,0.6753,0.6753,0.6753,0.6753,0.6753,0.6753,0.6753,0.6753,0.6753,0.6753,0.6753,0.6753,0.6753,0.6753,0.6753,0.6753,0.0,0.6753,0.6753,0.6753,0.6753,0.6753,0.6753,0.6753,0.6753,0.6753,0.6753,0.6753,0.6753,0.6753,0.6753,0.6753,0.6753,0.6753,0.6753,0.6753,0.6753,0.0,0.6753,0.6753,0.6753,0.6753,0.6753,0.6753,0.6753,0.6753,0.6753,0.6753,0.6753,0.6753,0.6753,0.6753,0.6753,0.6753,0.6753,0.6753,0.6753,0.6753,0.0,0.6789,0.6789,0.6789,0.6789,0.6789,0.6789,0.6789,0.6789,0.6789,0.6789,0.6789,0.6789,0.6789,0.6789,0.6789,0.6789,0.6789,0.6789,0.6789,0.6789,0.6789,
45.591980934143066,7412,7314,7291,7362,7317,7380,7368,7413,7417,7458,7371,7407,7356,7375,7379,7466,7433,7480,7405,7422,0,7340,7396,7434,7397,7476,7334,7403,7420,1621621,7419,7390,7521,7443,7415,7405,7449,7466,7526,7422,7458,0,7368,7359,7357,7389,7385,7393,7331,7358,7340,7380,7388,7408,7352,7401,7377,7471,7442,7372,7416,7417,0,7324,7312,7303,7353,7354,7325,7307,7323,7366,7372,7391,7322,7361,7401,7345,7415,7383,7438,7408,7411,0,7446,7463,7500,7502,7458,7509,7532,7484,7490,7442,7491,7520,7492,7550,7542,7543,7653,7494,7482,7549,0,7446,7431,7422,7392,7372,7348,7466,7461,7372,7420,7498,7403,7492,7407,7496,7474,7590,7593,7402,7506,7467,0.6823,0.6823,0.6823,0.6823,0.6823,0.6823,0.6823,0.6823,0.6823,0.6823,0.6823,0.6823,0.6823,0.6823,0.6823,0.6823,0.6823,0.6823,0.6823,0.6823,0.0,0.6789,0.6881,0.6881,0.6881,0.6881,0.6881,0.6881,0.6881,0.6881,0.6881,0.6881,0.6881,0.6881,0.6881,0.6881,0.6881,0.6881,0.6881,0.6881,0.6881,0.0,0.6823,0.6823,0.6823,0.6823,0.6823,0.6823,0.6823,0.6823,0.6823,0.6823,0.6823,0.6823,0.6823,0.6823,0.6823,0.6823,0.6823,0.6823,0.6823,0.6823,0.0,0.6823,0.6881,0.6881,0.6881,0.6881,0.6881,0.6881,0.6881,0.6881,0.6881,0.6881,0.6881,0.6881,0.6881,0.6881,0.6881,0.6881,0.6881,0.6881,0.6881,0.0,0.6853,0.6906,0.6906,0.6906,0.6906,0.6906,0.6906,0.6906,0.6906,0.6906,0.6906,0.6906,0.6906,0.6906,0.6906,0.6906,0.6906,0.6906,0.6906,0.6906,0.0,0.6881,0.6881,0.6881,0.6881,0.6881,0.6881,0.6881,0.6881,0.6881,0.6881,0.6881,0.6881,0.6881,0.6881,0.6881,0.6881,0.6881,0.6881,0.6881,0.6881,0.6881,
45.69365334510803,7412,7314,7291,7362,7317,7380,7368,7413,7417,7458,7371,7407,7356,7375,7379,7466,7433,7480,7405,7422,0,7340,7396,7434,7397,7476,7334,7403,7420,1621621,7419,7390,7521,7443,7415,7405,7449,7466,7526,7422,7458,0,7368,7359,7357,7389,7385,7393,7331,7358,7340,7380,7388,7408,7352,7401,7377,7471,7442,7372,7416,7417,0,7324,7312,7303,7353,7354,7325,7307,7323,7366,7372,7391,7322,7361,7401,7345,7415,7383,7438,7408,7411,0,7446,7463,7500,7502,7458,7509,7532,7484,7490,7442,7491,7520,7492,7550,7542,7543,7653,7494,7482,7549,0,7446,7431,7422,7392,7372,7348,7466,7461,7372,7420,7498,7403,7492,7407,7496,7474,7590,7593,7402,7506,7467,0.6823,0.6823,0.6823,0.6823,0.6823,0.6823,0.6823,0.6823,0.6823,0.6823,0.6823,0.6823,0.6823,0.6823,0.6823,0.6823,0.6823,0.6823,0.6823,0.6823,0.0,0.6789,0.6881,0.6881,0.6881,0.6881,0.6881,0.6881,0.6881,0.6881,0.6881,0.6881,0.6881,0.6881,0.6881,0.6881,0.6881,0.6881,0.6881,0.6881,0.6881,0.0,0.6823,0.6823,0.6823,0.6823,0.6823,0.6823,0.6823,0.6823,0.6823,0.6823,0.6823,0.6823,0.6823,0.6823,0.6823,0.6823,0.6823,0.6823,0.6823,0.6823,0.0,0.6823,0.6881,0.6881,0.6881,0.6881,0.6881,0.6881,0.6881,0.6881,0.6881,0.6881,0.6881,0.6881,0.6881,0.6881,0.6881,0.6881,0.6881,0.6881,0.6881,0.0,0.6853,0.6906,0.6906,0.6906,0.6906,0.6906,0.6906,0.6906,0.6906,0.6906,0.6906,0.6906,0.6906,0.6906,0.6906,0.6906,0.6906,0.6906,0.6906,0.6906,0.0,0.6881,0.6881,0.6881,0.6881,0.6881,0.6881,0.6881,0.6881,0.6881,0.6881,0.6881,0.6881,0.6881,0.6881,0.6881,0.6881,0.6881,0.6881,0.6881,0.6881,0.6881,
45.89552068710327,7466,7390,7390,7425,7435,7449,7420,7477,7476,7536,7419,7471,7416,7424,7461,7515,7499,7540,7462,7463,0,7423,7485,7506,7485,7559,7413,7467,7512,12000000,7488,7468,7647,7535,7487,7479,7518,7532,7608,7485,7525,0,7458,7436,7430,7446,7477,7493,7400,7430,7420,7435,7442,7468,7461,7471,7434,7584,7482,7417,7502,7474,0,7392,7436,7384,7432,7461,7449,7433,7419,7472,7475,7485,7434,7439,7532,7507,7483,7450,7498,7505,7484,0,7446,7463,7500,7502,7458,7509,7532,7484,7490,7442,7491,7520,7492,7550,7542,7543,7653,7494,7482,7549,0,7490,9011,7507,7442,7464,7447,7509,7530,7469,7517,7575,7481,7550,7518,7560,7603,7681,7673,7499,7559,7558,0.6881,0.6881,0.6881,0.6881,0.6881,0.6881,0.6881,0.6881,0.6881,0.6881,0.6881,0.6881,0.6881,0.6881,0.6881,0.6881,0.6881,0.6881,0.6881,0.6881,0.0,0.6881,0.6928,0.6928,0.6928,0.6928,0.6928,0.6928,0.6928,0.6928,0.6928,0.6928,0.6928,0.6928,0.6928,0.6928,0.6928,0.6928,0.6928,0.6928,0.6928,0.0,0.6906,0.6906,0.6906,0.6906,0.6906,0.6906,0.6906,0.6906,0.6906,0.6906,0.6906,0.6906,0.6906,0.6906,0.6906,0.6906,0.6906,0.6906,0.6906,0.6906,0.0,0.6928,0.6928,0.6928,0.6928,0.6928,0.6928,0.6928,0.6928,0.6928,0.6928,0.6928,0.6928,0.6928,0.6928,0.6928,0.6928,0.6928,0.6928,0.6928,0.6928,0.0,0.6853,0.6906,0.6906,0.6906,0.6906,0.6906,0.6906,0.6906,0.6906,0.6906,0.6906,0.6906,0.6906,0.6906,0.6906,0.6906,0.6906,0.6906,0.6906,0.6906,0.0,0.6928,0.6963,0.6963,0.6963,0.6963,0.6963,0.6963,0.6963,0.6963,0.6963,0.6963,0.6963,0.6963,0.6963,0.6963,0.6963,0.6963,0.6963,0.6963,0.6963,0.6963,
46.04736948013306,7547,7457,7472,7484,7517,7516,7509,7522,7513,7598,7472,7511,7478,7479,7535,7581,7579,7645,7550,7528,0,7473,7565,7567,7566,7620,7472,7515,7605,2727272,7550,7550,7767,7617,7594,7549,7590,7624,7705,7551,7605,0,7511,7473,7487,7533,7540,7593,7524,7488,7468,7502,7493,7506,7540,7514,7485,7708,7504,7565,7581,7536,0,7523,7528,7506,7536,7581,7600,7575,7582,7577,7560,7603,7562,7638,7614,7626,7595,7559,7636,7562,7608,0,7562,7593,7600,7598,7548,7630,7629,7607,7570,7538,7629,7608,7564,7681,7627,7648,7763,7598,7561,7655,0,7587,7571,7588,7530,7568,7647,7564,7602,7590,7600,7652,7569,7591,7632,7630,7720,7737,7699,7670,7644,7642,0.6963,0.6963,0.6963,0.6963,0.6963,0.6963,0.6963,0.6963,0.6963,0.6963,0.6963,0.6963,0.6963,0.6963,0.6963,0.6963,0.6963,0.6963,0.6963,0.6963,0.0,0.6963,0.6963,0.6963,0.6963,0.6963,0.6963,0.6963,0.6963,0.6963,0.6963,0.6963,0.6963,0.6963,0.6963,0.6963,0.6963,0.6963,0.6963,0.6963,0.6963,0.0,0.6963,0.6987,0.6987,0.6987,0.6987,0.6987,0.6987,0.6987,0.6987,0.6987,0.6987,0.6987,0.6987,0.6987,0.6987,0.6987,0.6987,0.6987,0.6987,0.6987,0.0,0.6963,0.6963,0.6963,0.6963,0.6963,0.6963,0.6963,0.6963,0.6963,0.6963,0.6963,0.6963,0.6963,0.6963,0.6963,0.6963,0.6963,0.6963,0.6963,0.6963,0.0,0.6928,0.6928,0.6928,0.6928,0.6928,0.6928,0.6928,0.6928,0.6928,0.6928,0.6928,0.6928,0.6928,0.6928,0.6928,0.6928,0.6928,0.6928,0.6928,0.6928,0.0,0.6963,0.6963,0.6963,0.6963,0.6963,0.6963,0.6963,0.6963,0.6963,0.6963,0.6963,0.6963,0.6963,0.6963,0.6963,0.6963,0.6963,0.6963,0.6963,0.6963,0.6963,
46.19931411743164,7547,7457,7472,7484,7517,7516,7509,7522,7513,7598,7472,7511,7478,7479,7535,7581,7579,7645,7550,7528,0,7534,7647,7636,7660,7716,7536,7616,7700,25380,7634,7637,7834,7695,7707,7629,7669,7718,7761,7637,7690,0,7511,7473,7487,7533,7540,7593,7524,7488,7468,7502,7493,7506,7540,7514,7485,7708,7504,7565,7581,7536,0,7523,7528,7506,7536,7581,7600,7575,7582,7577,7560,7603,7562,7638,7614,7626,7595,7559,7636,7562,7608,0,7666,7723,7711,7684,7656,7739,7729,7692,7642,7627,7721,7715,7641,7766,7724,7731,7823,7680,7646,7732,0,7587,7571,7588,7530,7568,7647,7564,7602,7590,7600,7652,7569,7591,7632,7630,7720,7737,7699,7670,7644,7642,0.6963,0.6963,0.6963,0.6963,0.6963,0.6963,0.6963,0.6963,0.6963,0.6963,0.6963,0.6963,0.6963,0.6963,0.6963,0.6963,0.6963,0.6963,0.6963,0.6963,0.0,0.6987,0.6987,0.6987,0.6987,0.6987,0.6987,0.6987,0.6987,0.6987,0.6987,0.6987,0.6987,0.6987,0.6987,0.6987,0.6987,0.6987,0.6987,0.6987,0.6987,0.0,0.6963,0.6987,0.6987,0.6987,0.6987,0.6987,0.6987,0.6987,0.6987,0.6987,0.6987,0.6987,0.6987,0.6987,0.6987,0.6987,0.6987,0.6987,0.6987,0.6987,0.0,0.6963,0.6963,0.6963,0.6963,0.6963,0.6963,0.6963,0.6963,0.6963,0.6963,0.6963,0.6963,0.6963,0.6963,0.6963,0.6963,0.6963,0.6963,0.6963,0.6963,0.0,0.6976,0.6976,0.6976,0.6976,0.6976,0.6976,0.6976,0.6976,0.6976,0.6976,0.6976,0.6976,0.6976,0.6976,0.6976,0.6976,0.6976,0.6976,0.6976,0.6976,0.0,0.6963,0.6963,0.6963,0.6963,0.6963,0.6963,0.6963,0.6963,0.6963,0.6963,0.6963,0.6963,0.6963,0.6963,0.6963,0.6963,0.6963,0.6963,0.6963,0.6963,0.6963,
46.30099606513977,7623,7535,7582,7556,7632,7598,7625,7597,7573,7702,7574,7566,7650,7566,7612,7663,7681,7735,7656,7671,0,7534,7647,7636,7660,7716,7536,7616,7700,25380,7634,7637,7834,7695,7707,7629,7669,7718,7761,7637,7690,0,7511,7473,7487,7533,7540,7593,7524,7488,7468,7502,7493,7506,7540,7514,7485,7708,7504,7565,7581,7536,0,7657,7614,7650,7725,7694,7723,7694,7703,7674,7678,7714,7705,7771,7715,7721,7708,7685,7772,7634,7730,0,7666,7723,7711,7684,7656,7739,7729,7692,7642,7627,7721,7715,7641,7766,7724,7731,7823,7680,7646,7732,0,7664,7625,7677,7639,7672,7787,7637,7674,7684,7661,7722,7672,7666,7716,7734,7785,7780,7721,7801,7707,7710,0.6987,0.6987,0.6987,0.6987,0.6987,0.6987,0.6987,0.6987,0.6987,0.6987,0.6987,0.6987,0.6987,0.6987,0.6987,0.6987,0.6987,0.6987,0.6987,0.6987,0.0,0.6987,0.6987,0.6987,0.6987,0.6987,0.6987,0.6987,0.6987,0.6987,0.6987,0.6987,0.6987,0.6987,0.6987,0.6987,0.6987,0.6987,0.6987,0.6987,0.6987,0.0,0.6963,0.6987,0.6987,0.6987,0.6987,0.6987,0.6987,0.6987,0.6987,0.6987,0.6987,0.6987,0.6987,0.6987,0.6987,0.6987,0.6987,0.6987,0.6987,0.6987,0.0,0.6987,0.6987,0.6987,0.6987,0.6987,0.6987,0.6987,0.6987,0.6987,0.6987,0.6987,0.6987,0.6987,0.6987,0.6987,0.6987,0.6987,0.6987,0.6987,0.6987,0.0,0.6976,0.6976,0.6976,0.6976,0.6976,0.6976,0.6976,0.6976,0.6976,0.6976,0.6976,0.6976,0.6976,0.6976,0.6976,0.6976,0.6976,0.6976,0.6976,0.6976,0.0,0.6987,0.6987,0.6987,0.6987,0.6987,0.6987,0.6987,0.6987,0.6987,0.6987,0.6987,0.6987,0.6987,0.6987,0.6987,0.6987,0.6987,0.6987,0.6987,0.6987,0.6987,
46.45284104347229,7623,7535,7582,7556,7632,7598,7625,7597,7573,7702,7574,7566,7650,7566,7612,7663,7681,7735,7656,7671,0,7534,7647,7636,7660,7716,7536,7616,7700,25380,7634,7637,7834,7695,7707,7629,7669,7718,7761,7637,7690,0,7582,7563,7563,7634,7664,7690,7630,7638,7622,7592,7656,7652,7652,7640,7662,7802,7609,7687,7705,7603,0,7657,7614,7650,7725,7694,7723,7694,7703,7674,7678,7714,7705,7771,7715,7721,7708,7685,7772,7634,7730,0,7745,7812,7771,7743,7719,7798,7767,7764,7724,7718,7764,7776,7721,7816,7780,7787,7868,7731,7708,7780,0,7664,7625,7677,7639,7672,7787,7637,7674,7684,7661,7722,7672,7666,7716,7734,7785,7780,7721,7801,7707,7710,0.6987,0.6987,0.6987,0.6987,0.6987,0.6987,0.6987,0.6987,0.6987,0.6987,0.6987,0.6987,0.6987,0.6987,0.6987,0.6987,0.6987,0.6987,0.6987,0.6987,0.0,0.6987,0.6987,0.6987,0.6987,0.6987,0.6987,0.6987,0.6987,0.6987,0.6987,0.6987,0.6987,0.6987,0.6987,0.6987,0.6987,0.6987,0.6987,0.6987,0.6987,0.0,0.6987,0.6987,0.6987,0.6987,0.6987,0.6987,0.6987,0.6987,0.6987,0.6987,0.6987,0.6987,0.6987,0.6987,0.6987,0.6987,0.6987,0.6987,0.6987,0.6987,0.0,0.6987,0.6987,0.6987,0.6987,0.6987,0.6987,0.6987,0.6987,0.6987,0.6987,0.6987,0.6987,0.6987,0.6987,0.6987,0.6987,0.6987,0.6987,0.6987,0.6987,0.0,0.6994,0.6994,0.6994,0.6994,0.6994,0.6994,0.6994,0.6994,0.6994,0.6994,0.6994,0.6994,0.6994,0.6994,0.6994,0.6994,0.6994,0.6994,0.6994,0.6994,0.0,0.6987,0.6987,0.6987,0.6987,0.6987,0.6987,0.6987,0.6987,0.6987,0.6987,0.6987,0.6987,0.6987,0.6987,0.6987,0.6987,0.6987,0.6987,0.6987,0.6987,0.6987,
46.554394006729126,7720,7644,7691,7631,7697,7670,7723,7690,7662,7783,7689,7617,7762,7672,7691,7745,7756,7785,7719,7765,0,7652,7709,7716,7727,7789,7611,7732,7741,3333333,7735,7709,7881,7748,7776,7697,7733,7787,7802,7715,7741,0,7647,7719,7683,7711,7773,7767,7703,7776,7752,7679,7779,7799,7737,7733,7782,7850,7754,7747,7793,7703,0,7748,7701,7731,7840,7778,7800,7762,7776,7757,7792,7782,7787,7838,7780,7767,7770,7751,7857,7720,7806,0,7745,7812,7771,7743,7719,7798,7767,7764,7724,7718,7764,7776,7721,7816,7780,7787,7868,7731,7708,7780,0,7732,7706,7746,7705,7757,7878,7707,7732,7743,7693,7757,7751,7726,7781,7791,7810,7836,7774,7894,7752,7752,0.6999,0.6999,0.6999,0.6999,0.6999,0.6999,0.6999,0.6999,0.6999,0.6999,0.6999,0.6999,0.6999,0.6999,0.6999,0.6999,0.6999,0.6999,0.6999,0.6999,0.0,0.6999,0.6999,0.6999,0.6999,0.6999,0.6999,0.6999,0.6999,0.6999,0.6999,0.6999,0.6999,0.6999,0.6999,0.6999,0.6999,0.6999,0.6999,0.6999,0.6999,0.0,0.6999,0.6999,0.6999,0.6999,0.6999,0.6999,0.6999,0.6999,0.6999,0.6999,0.6999,0.6999,0.6999,0.6999,0.6999,0.6999,0.6999,0.6999,0.6999,0.6999,0.0,0.7,0.7,0.7,0.7,0.7,0.7,0.7,0.7,0.7,0.7,0.7,0.7,0.7,0.7,0.7,0.7,0.7,0.7,0.7,0.7,0.0,0.6994,0.6994,0.6994,0.6994,0.6994,0.6994,0.6994,0.6994,0.6994,0.6994,0.6994,0.6994,0.6994,0.6994,0.6994,0.6994,0.6994,0.6994,0.6994,0.6994,0.0,0.7,0.7,0.7,0.7,0.7,0.7,0.7,0.7,0.7,0.7,0.7,0.7,0.7,0.7,0.7,0.7,0.7,0.7,0.7,0.7,0.7,
46.70610213279724,7720,7644,7691,7631,7697,7670,7723,7690,7662,7783,7689,7617,7762,7672,7691,7745,7756,7785,7719,7765,0,7652,7709,7716,7727,7789,7611,7732,7741,3333333,7735,7709,7881,7748,7776,7697,7733,7787,7802,7715,7741,0,7647,7719,7683,7711,7773,7767,7703,7776,7752,7679,7779,7799,7737,7733,7782,7850,7754,7747,7793,7703,0,7748,7701,7731,7840,7778,7800,7762,7776,7757,7792,7782,7787,7838,7780,7767,7770,7751,7857,7720,7806,0,7786,7853,7813,7803,7761,7839,7810,7797,7769,7771,7788,7822,7782,7861,7832,7829,7900,7773,7745,7821,0,7732,7706,7746,7705,7757,7878,7707,7732,7743,7693,7757,7751,7726,7781,7791,7810,7836,7774,7894,7752,7752,0.6999,0.6999,0.6999,0.6999,0.6999,0.6999,0.6999,0.6999,0.6999,0.6999,0.6999,0.6999,0.6999,0.6999,0.6999,0.6999,0.6999,0.6999,0.6999,0.6999,0.0,0.6999,0.6999,0.6999,0.6999,0.6999,0.6999,0.6999,0.6999,0.6999,0.6999,0.6999,0.6999,0.6999,0.6999,0.6999,0.6999,0.6999,0.6999,0.6999,0.6999,0.0,0.6999,0.6999,0.6999,0.6999,0.6999,0.6999,0.6999,0.6999,0.6999,0.6999,0.6999,0.6999,0.6999,0.6999,0.6999,0.6999,0.6999,0.6999,0.6999,0.6999,0.0,0.7,0.7,0.7,0.7,0.7,0.7,0.7,0.7,0.7,0.7,0.7,0.7,0.7,0.7,0.7,0.7,0.7,0.7,0.7,0.7,0.0,0.6999,0.6987,0.6987,0.6987,0.6987,0.6987,0.6987,0.6987,0.6987,0.6987,0.6987,0.6987,0.6987,0.6987,0.6987,0.6987,0.6987,0.6987,0.6987,0.6987,0.0,0.7,0.7,0.7,0.7,0.7,0.7,0.7,0.7,0.7,0.7,0.7,0.7,0.7,0.7,0.7,0.7,0.7,0.7,0.7,0.7,0.7,
46.95813703536987,7774,7721,7740,7709,7752,7732,7786,7755,7740,7840,15475,7714,7819,7774,7762,7816,7801,7830,7752,7831,0,7732,7750,7772,7765,7845,7671,7794,7786,3333333,7787,7747,7893,7777,7829,7754,7794,7825,7832,7773,7784,0,7728,7813,7780,7779,7841,7807,7749,7856,7819,7742,7858,7883,7796,7787,7841,7872,7838,7794,7835,7773,0,7798,7761,7784,7905,7835,7838,7805,7822,7811,7831,7832,7826,7915,7823,7803,7816,7796,7909,7769,7849,0,7786,7853,7813,7803,7761,7839,7810,7797,7769,7771,7788,7822,7782,7861,7832,7829,7900,7773,7745,7821,0,7827,7797,7817,7795,7845,7979,7798,7803,7801,7759,7836,7814,7844,7834,7860,7894,7848,7856,7955,7803,7821,0.6994,0.6994,0.6994,0.6994,0.6994,0.6994,0.6994,0.6994,0.6994,0.6994,0.6994,0.6994,0.6994,0.6994,0.6994,0.6994,0.6994,0.6994,0.6994,0.6994,0.0,0.6994,0.6994,0.6994,0.6994,0.6994,0.6994,0.6994,0.6994,0.6994,0.6994,0.6994,0.6994,0.6994,0.6994,0.6994,0.6994,0.6994,0.6994,0.6994,0.6994,0.0,0.6987,0.6987,0.6987,0.6987,0.6987,0.6987,0.6987,0.6987,0.6987,0.6987,0.6987,0.6987,0.6987,0.6987,0.6987,0.6987,0.6987,0.6987,0.6987,0.6987,0.0,0.6987,0.6987,0.6987,0.6987,0.6987,0.6987,0.6987,0.6987,0.6987,0.6987,0.6987,0.6987,0.6987,0.6987,0.6987,0.6987,0.6987,0.6987,0.6987,0.6987,0.0,0.6999,0.6987,0.6987,0.6987,0.6987,0.6987,0.6987,0.6987,0.6987,0.6987,0.6987,0.6987,0.6987,0.6987,0.6987,0.6987,0.6987,0.6987,0.6987,0.6987,0.0,0.6963,0.6963,0.6963,0.6963,0.6963,0.6963,0.6963,0.6963,0.6963,0.6963,0.6963,0.6963,0.6963,0.6963,0.6963,0.6963,0.6963,0.6963,0.6963,0.6963,0.6963,
47.059752464294434,7816,7762,7767,7752,7790,7778,7829,7831,7792,7860,7791,7773,7870,7826,7809,7858,7842,7843,7797,7876,0,7777,7823,7814,7792,7883,7729,7829,7815,25828,7808,7784,7910,7813,7892,7791,7816,7844,7850,7790,7813,0,7773,7883,7833,7811,7885,7817,7788,7913,7874,7780,7924,7949,7830,7825,7902,7915,7869,7824,7871,7815,0,7847,7800,7827,8004,7869,7858,7833,7877,7839,7833,7861,7853,7985,7875,7851,7870,7836,7998,7800,7897,0,7826,7879,7854,7848,7820,7871,7857,7812,7825,7801,7814,7876,7819,7923,7869,7864,7964,7814,7796,7863,0,7827,7797,7817,7795,7845,7979,7798,7803,7801,7759,7836,7814,7844,7834,7860,7894,7848,7856,7955,7803,7821,0.6963,0.6963,0.6963,0.6963,0.6963,0.6963,0.6963,0.6963,0.6963,0.6963,0.6963,0.6963,0.6963,0.6963,0.6963,0.6963,0.6963,0.6963,0.6963,0.6963,0.0,0.6963,0.6963,0.6963,0.6963,0.6963,0.6963,0.6963,0.6963,0.6963,0.6963,0.6963,0.6963,0.6963,0.6963,0.6963,0.6963,0.6963,0.6963,0.6963,0.6963,0.0,0.6987,0.6947,0.6947,0.6947,0.6947,0.6947,0.6947,0.6947,0.6947,0.6947,0.6947,0.6947,0.6947,0.6947,0.6947,0.6947,0.6947,0.6947,0.6947,0.6947,0.0,0.6963,0.6963,0.6963,0.6963,0.6963,0.6963,0.6963,0.6963,0.6963,0.6963,0.6963,0.6963,0.6963,0.6963,0.6963,0.6963,0.6963,0.6963,0.6963,0.6963,0.0,0.6976,0.6976,0.6976,0.6976,0.6976,0.6976,0.6976,0.6976,0.6976,0.6976,0.6976,0.6976,0.6976,0.6976,0.6976,0.6976,0.6976,0.6976,0.6976,0.6976,0.0,0.6963,0.6963,0.6963,0.6963,0.6963,0.6963,0.6963,0.6963,0.6963,0.6963,0.6963,0.6963,0.6963,0.6963,0.6963,0.6963,0.6963,0.6963,0.6963,0.6963,0.6963,
47.21213221549988,7816,7762,7767,7752,7790,7778,7829,7831,7792,7860,7791,7773,7870,7826,7809,7858,7842,7843,7797,7876,0,7777,7823,7814,7792,7883,7729,7829,7815,25828,7808,7784,7910,7813,7892,7791,7816,7844,7850,7790,7813,0,7773,7883,7833,7811,7885,7817,7788,7913,7874,7780,7924,7949,7830,7825,7902,7915,7869,7824,7871,7815,0,7847,7800,7827,8004,7869,7858,7833,7877,7839,7833,7861,7853,7985,7875,7851,7870,7836,7998,7800,7897,0,7826,7879,7854,7848,7820,7871,7857,7812,7825,7801,7814,7876,7819,7923,7869,7864,7964,7814,7796,7863,0,7838,7828,7831,7824,7864,8004,7829,7834,7814,7792,7866,7830,7878,7846,7871,7972,7932,7880,7943,7848,7845,0.6963,0.6963,0.6963,0.6963,0.6963,0.6963,0.6963,0.6963,0.6963,0.6963,0.6963,0.6963,0.6963,0.6963,0.6963,0.6963,0.6963,0.6963,0.6963,0.6963,0.0,0.6963,0.6963,0.6963,0.6963,0.6963,0.6963,0.6963,0.6963,0.6963,0.6963,0.6963,0.6963,0.6963,0.6963,0.6963,0.6963,0.6963,0.6963,0.6963,0.6963,0.0,0.6987,0.6947,0.6947,0.6947,0.6947,0.6947,0.6947,0.6947,0.6947,0.6947,0.6947,0.6947,0.6947,0.6947,0.6947,0.6947,0.6947,0.6947,0.6947,0.6947,0.0,0.6963,0.6963,0.6963,0.6963,0.6963,0.6963,0.6963,0.6963,0.6963,0.6963,0.6963,0.6963,0.6963,0.6963,0.6963,0.6963,0.6963,0.6963,0.6963,0.6963,0.0,0.6976,0.6976,0.6976,0.6976,0.6976,0.6976,0.6976,0.6976,0.6976,0.6976,0.6976,0.6976,0.6976,0.6976,0.6976,0.6976,0.6976,0.6976,0.6976,0.6976,0.0,0.6928,0.6928,0.6928,0.6928,0.6928,0.6928,0.6928,0.6928,0.6928,0.6928,0.6928,0.6928,0.6928,0.6928,0.6928,0.6928,0.6928,0.6928,0.6928,0.6928,0.6928,
47.3137583732605,7829,7825,7798,7776,7854,7820,7862,7885,7841,7883,7811,7815,7967,7882,7835,7896,7865,7853,7851,7923,0,7815,7892,7855,7817,7929,7795,7869,7866,26258,7848,7815,7975,7863,7970,7814,7843,7857,7881,7834,7836,0,7809,7971,7864,7831,7933,7851,7807,7990,7960,7809,7985,7994,7868,7874,7923,7995,7894,7859,7910,7879,0,7847,7800,7827,8004,7869,7858,7833,7877,7839,7833,7861,7853,7985,7875,7851,7870,7836,7998,7800,7897,0,7855,7926,7886,7872,7870,7917,7899,7848,7871,7822,7834,7915,7860,7968,7921,7929,8003,7849,7830,7916,0,7872,7847,7845,7850,7909,8010,7858,7864,7823,7820,7886,7844,7877,7897,7917,7994,7943,7845,7985,7881,7843,0.6928,0.6881,0.6881,0.6881,0.6881,0.6881,0.6881,0.6881,0.6881,0.6881,0.6881,0.6881,0.6881,0.6881,0.6881,0.6881,0.6881,0.6881,0.6881,0.6881,0.0,0.6928,0.6928,0.6928,0.6928,0.6928,0.6928,0.6928,0.6928,0.6928,0.6928,0.6928,0.6928,0.6928,0.6928,0.6928,0.6928,0.6928,0.6928,0.6928,0.6928,0.0,0.6928,0.6853,0.6853,0.6853,0.6853,0.6853,0.6853,0.6853,0.6853,0.6853,0.6853,0.6853,0.6853,0.6853,0.6853,0.6853,0.6853,0.6853,0.6853,0.6853,0.0,0.6963,0.6963,0.6963,0.6963,0.6963,0.6963,0.6963,0.6963,0.6963,0.6963,0.6963,0.6963,0.6963,0.6963,0.6963,0.6963,0.6963,0.6963,0.6963,0.6963,0.0,0.6928,0.6881,0.6881,0.6881,0.6881,0.6881,0.6881,0.6881,0.6881,0.6881,0.6881,0.6881,0.6881,0.6881,0.6881,0.6881,0.6881,0.6881,0.6881,0.6881,0.0,0.6906,0.6906,0.6906,0.6906,0.6906,0.6906,0.6906,0.6906,0.6906,0.6906,0.6906,0.6906,0.6906,0.6906,0.6906,0.6906,0.6906,0.6906,0.6906,0.6906,0.6906,
47.41533541679382,7829,7825,7798,7776,7854,7820,7862,7885,7841,7883,7811,7815,7967,7882,7835,7896,7865,7853,7851,7923,0,7815,7892,7855,7817,7929,7795,7869,7866,26258,7848,7815,7975,7863,7970,7814,7843,7857,7881,7834,7836,0,7809,7971,7864,7831,7933,7851,7807,7990,7960,7809,7985,7994,7868,7874,7923,7995,7894,7859,7910,7879,0,7924,7827,7890,8027,7911,7893,7864,7933,7881,7863,7907,7874,7993,7920,7903,7918,7883,8043,7842,7972,0,7855,7926,7886,7872,7870,7917,7899,7848,7871,7822,7834,7915,7860,7968,7921,7929,8003,7849,7830,7916,0,7872,7847,7845,7850,7909,8010,7858,7864,7823,7820,7886,7844,7877,7897,7917,7994,7943,7845,7985,7881,7843,0.6928,0.6881,0.6881,0.6881,0.6881,0.6881,0.6881,0.6881,0.6881,0.6881,0.6881,0.6881,0.6881,0.6881,0.6881,0.6881,0.6881,0.6881,0.6881,0.6881,0.0,0.6928,0.6928,0.6928,0.6928,0.6928,0.6928,0.6928,0.6928,0.6928,0.6928,0.6928,0.6928,0.6928,0.6928,0.6928,0.6928,0.6928,0.6928,0.6928,0.6928,0.0,0.6928,0.6853,0.6853,0.6853,0.6853,0.6853,0.6853,0.6853,0.6853,0.6853,0.6853,0.6853,0.6853,0.6853,0.6853,0.6853,0.6853,0.6853,0.6853,0.6853,0.0,0.6906,0.6853,0.6853,0.6853,0.6853,0.6853,0.6853,0.6853,0.6853,0.6853,0.6853,0.6853,0.6853,0.6853,0.6853,0.6853,0.6853,0.6853,0.6853,0.6853,0.0,0.6928,0.6881,0.6881,0.6881,0.6881,0.6881,0.6881,0.6881,0.6881,0.6881,0.6881,0.6881,0.6881,0.6881,0.6881,0.6881,0.6881,0.6881,0.6881,0.6881,0.0,0.6906,0.6906,0.6906,0.6906,0.6906,0.6906,0.6906,0.6906,0.6906,0.6906,0.6906,0.6906,0.6906,0.6906,0.6906,0.6906,0.6906,0.6906,0.6906,0.6906,0.6906,
47.51698613166809,7829,7825,7798,7776,7854,7820,7862,7885,7841,7883,7811,7815,7967,7882,7835,7896,7865,7853,7851,7923,0,7815,7892,7855,7817,7929,7795,7869,7866,26258,7848,7815,7975,7863,7970,7814,7843,7857,7881,7834,7836,0,7852,8011,7923,7852,8001,7908,7840,8014,7975,7834,8006,8014,7917,7922,7916,8019,7929,7896,7966,7943,0,7924,7827,7890,8027,7911,7893,7864,7933,7881,7863,7907,7874,7993,7920,7903,7918,7883,8043,7842,7972,0,7894,7988,7947,7942,7923,7966,7951,7864,7914,7847,7904,7959,7888,7980,7939,7964,7995,7878,7853,7948,0,7872,7847,7845,7850,7909,8010,7858,7864,7823,7820,7886,7844,7877,7897,7917,7994,7943,7845,7985,7881,7843,0.6928,0.6881,0.6881,0.6881,0.6881,0.6881,0.6881,0.6881,0.6881,0.6881,0.6881,0.6881,0.6881,0.6881,0.6881,0.6881,0.6881,0.6881,0.6881,0.6881,0.0,0.6928,0.6928,0.6928,0.6928,0.6928,0.6928,0.6928,0.6928,0.6928,0.6928,0.6928,0.6928,0.6928,0.6928,0.6928,0.6928,0.6928,0.6928,0.6928,0.6928,0.0,0.6853,0.6853,0.6853,0.6853,0.6853,0.6853,0.6853,0.6853,0.6853,0.6853,0.6853,0.6853,0.6853,0.6853,0.6853,0.6853,0.6853,0.6853,0.6853,0.6853,0.0,0.6906,0.6853,0.6853,0.6853,0.6853,0.6853,0.6853,0.6853,0.6853,0.6853,0.6853,0.6853,0.6853,0.6853,0.6853,0.6853,0.6853,0.6853,0.6853,0.6853,0.0,0.6881,0.6881,0.6881,0.6881,0.6881,0.6881,0.6881,0.6881,0.6881,0.6881,0.6881,0.6881,0.6881,0.6881,0.6881,0.6881,0.6881,0.6881,0.6881,0.6881,0.0,0.6906,0.6906,0.6906,0.6906,0.6906,0.6906,0.6906,0.6906,0.6906,0.6906,0.6906,0.6906,0.6906,0.6906,0.6906,0.6906,0.6906,0.6906,0.6906,0.6906,0.6906,
47.619165897369385,7829,7825,7798,7776,7854,7820,7862,7885,7841,7883,7811,7815,7967,7882,7835,7896,7865,7853,7851,7923,0,7847,7985,7892,7826,7976,7816,7913,7909,1538461,7880,7853,8038,7928,7968,7847,7869,7899,7919,7835,7887,0,7852,8011,7923,7852,8001,7908,7840,8014,7975,7834,8006,8014,7917,7922,7916,8019,7929,7896,7966,7943,0,7963,7849,7910,8018,7951,7982,7887,7972,7944,7921,7969,7851,7992,7976,7919,7955,7914,8037,7854,7994,0,7894,7988,7947,7942,7923,7966,7951,7864,7914,7847,7904,7959,7888,7980,7939,7964,7995,7878,7853,7948,0,7888,7864,7865,7882,7951,8012,7887,7899,7831,7821,7906,7860,7880,7957,7950,8000,7968,7828,8007,7932,7851,0.6928,0.6881,0.6881,0.6881,0.6881,0.6881,0.6881,0.6881,0.6881,0.6881,0.6881,0.6881,0.6881,0.6881,0.6881,0.6881,0.6881,0.6881,0.6881,0.6881,0.0,0.6853,0.6853,0.6853,0.6853,0.6853,0.6853,0.6853,0.6853,0.6853,0.6853,0.6853,0.6853,0.6853,0.6853,0.6853,0.6853,0.6853,0.6853,0.6853,0.6853,0.0,0.6853,0.6853,0.6853,0.6853,0.6853,0.6853,0.6853,0.6853,0.6853,0.6853,0.6853,0.6853,0.6853,0.6853,0.6853,0.6853,0.6853,0.6853,0.6853,0.6853,0.0,0.6853,0.6753,0.6753,0.6753,0.6753,0.6753,0.6753,0.6753,0.6753,0.6753,0.6753,0.6753,0.6753,0.6753,0.6753,0.6753,0.6753,0.6753,0.6753,0.6753,0.0,0.6881,0.6881,0.6881,0.6881,0.6881,0.6881,0.6881,0.6881,0.6881,0.6881,0.6881,0.6881,0.6881,0.6881,0.6881,0.6881,0.6881,0.6881,0.6881,0.6881,0.0,0.6853,0.6853,0.6853,0.6853,0.6853,0.6853,0.6853,0.6853,0.6853,0.6853,0.6853,0.6853,0.6853,0.6853,0.6853,0.6853,0.6853,0.6853,0.6853,0.6853,0.6853,
47.82111978530884,7864,7857,7829,7802,7897,7850,7891,7944,7872,7926,7823,7860,7994,7947,7877,7943,7877,7887,7911,7967,0,7895,8013,7943,7828,8000,7855,7953,7929,2000000,7949,7888,8052,7941,7952,7899,7909,7956,7936,7835,7932,0,7852,8011,7923,7852,8001,7908,7840,8014,7975,7834,8006,8014,7917,7922,7916,8019,7929,7896,7966,7943,0,7963,7849,7910,8018,7951,7982,7887,7972,7944,7921,7969,7851,7992,7976,7919,7955,7914,8037,7854,7994,0,7922,8031,7970,7971,7943,7988,7978,7881,7937,7879,7904,7987,7914,7977,7948,7972,8018,7899,7860,7962,0,7888,7864,7865,7882,7951,8012,7887,7899,7831,7821,7906,7860,7880,7957,7950,8000,7968,7828,8007,7932,7851,0.6853,0.6853,0.6853,0.6853,0.6853,0.6853,0.6853,0.6853,0.6853,0.6853,0.6853,0.6853,0.6853,0.6853,0.6853,0.6853,0.6853,0.6853,0.6853,0.6853,0.0,0.6789,0.6789,0.6789,0.6789,0.6789,0.6789,0.6789,0.6789,0.6789,0.6789,0.6789,0.6789,0.6789,0.6789,0.6789,0.6789,0.6789,0.6789,0.6789,0.6789,0.0,0.6853,0.6853,0.6853,0.6853,0.6853,0.6853,0.6853,0.6853,0.6853,0.6853,0.6853,0.6853,0.6853,0.6853,0.6853,0.6853,0.6853,0.6853,0.6853,0.6853,0.0,0.6853,0.6753,0.6753,0.6753,0.6753,0.6753,0.6753,0.6753,0.6753,0.6753,0.6753,0.6753,0.6753,0.6753,0.6753,0.6753,0.6753,0.6753,0.6753,0.6753,0.0,0.6823,0.6714,0.6714,0.6714,0.6714,0.6714,0.6714,0.6714,0.6714,0.6714,0.6714,0.6714,0.6714,0.6714,0.6714,0.6714,0.6714,0.6714,0.6714,0.6714,0.0,0.6853,0.6853,0.6853,0.6853,0.6853,0.6853,0.6853,0.6853,0.6853,0.6853,0.6853,0.6853,0.6853,0.6853,0.6853,0.6853,0.6853,0.6853,0.6853,0.6853,0.6853,
47.922723054885864,7898,7897,7851,7824,7944,7904,7920,7977,7900,7989,7844,7862,7974,7962,7898,7975,7900,7960,7937,7956,0,7895,8013,7943,7828,8000,7855,7953,7929,2000000,7949,7888,8052,7941,7952,7899,7909,7956,7936,7835,7932,0,7878,7986,7956,7861,8020,7967,7868,8014,7941,7902,7994,8003,7964,8018,7938,8011,7976,7895,7986,7964,0,7955,7856,7911,8008,7972,8020,7923,7969,7964,7964,7988,7820,7973,7991,7902,7981,7914,8045,7848,8002,0,7922,8031,7970,7971,7943,7988,7978,7881,7937,7879,7904,7987,7914,7977,7948,7972,8018,7899,7860,7962,0,7891,7900,7903,7909,7968,8006,7919,7922,7838,7816,7931,7893,7878,7991,7971,7978,7990,7789,7994,7958,7858,0.6714,0.6714,0.6714,0.6714,0.6714,0.6714,0.6714,0.6714,0.6714,0.6714,0.6714,0.6714,0.6714,0.6714,0.6714,0.6714,0.6714,0.6714,0.6714,0.6714,0.0,0.6789,0.6789,0.6789,0.6789,0.6789,0.6789,0.6789,0.6789,0.6789,0.6789,0.6789,0.6789,0.6789,0.6789,0.6789,0.6789,0.6789,0.6789,0.6789,0.6789,0.0,0.6789,0.6714,0.6714,0.6714,0.6714,0.6714,0.6714,0.6714,0.6714,0.6714,0.6714,0.6714,0.6714,0.6714,0.6714,0.6714,0.6714,0.6714,0.6714,0.6714,0.0,0.6753,0.6753,0.6753,0.6753,0.6753,0.6753,0.6753,0.6753,0.6753,0.6753,0.6753,0.6753,0.6753,0.6753,0.6753,0.6753,0.6753,0.6753,0.6753,0.6753,0.0,0.6823,0.6714,0.6714,0.6714,0.6714,0.6714,0.6714,0.6714,0.6714,0.6714,0.6714,0.6714,0.6714,0.6714,0.6714,0.6714,0.6714,0.6714,0.6714,0.6714,0.0,0.6753,0.6753,0.6753,0.6753,0.6753,0.6753,0.6753,0.6753,0.6753,0.6753,0.6753,0.6753,0.6753,0.6753,0.6753,0.6753,0.6753,0.6753,0.6753,0.6753,0.6753,
48.024287939071655,7898,7897,7851,7824,7944,7904,7920,7977,7900,7989,7844,7862,7974,7962,7898,7975,7900,7960,7937,7956,0,7923,7970,7978,7847,7997,7911,7959,7920,1818181,7972,7907,8034,7941,7928,7931,7962,7968,7959,7847,7933,0,7878,7986,7956,7861,8020,7967,7868,8014,7941,7902,7994,8003,7964,8018,7938,8011,7976,7895,7986,7964,0,7955,7856,7911,8008,7972,8020,7923,7969,7964,7964,7988,7820,7973,7991,7902,7981,7914,8045,7848,8002,0,7931,8035,7974,7977,7943,7991,7980,7937,7952,7935,7938,7985,7940,7953,7972,7955,7997,7906,7859,7968,0,7900,7912,7938,7917,7957,8001,7918,7927,7828,7825,7926,7912,7874,7981,7982,7942,8000,7779,7967,7929,7852,0.6714,0.6714,0.6714,0.6714,0.6714,0.6714,0.6714,0.6714,0.6714,0.6714,0.6714,0.6714,0.6714,0.6714,0.6714,0.6714,0.6714,0.6714,0.6714,0.6714,0.0,0.6714,0.6714,0.6714,0.6714,0.6714,0.6714,0.6714,0.6714,0.6714,0.6714,0.6714,0.6714,0.6714,0.6714,0.6714,0.6714,0.6714,0.6714,0.6714,0.6714,0.0,0.6789,0.6714,0.6714,0.6714,0.6714,0.6714,0.6714,0.6714,0.6714,0.6714,0.6714,0.6714,0.6714,0.6714,0.6714,0.6714,0.6714,0.6714,0.6714,0.6714,0.0,0.6753,0.6753,0.6753,0.6753,0.6753,0.6753,0.6753,0.6753,0.6753,0.6753,0.6753,0.6753,0.6753,0.6753,0.6753,0.6753,0.6753,0.6753,0.6753,0.6753,0.0,0.6714,0.6714,0.6714,0.6714,0.6714,0.6714,0.6714,0.6714,0.6714,0.6714,0.6714,0.6714,0.6714,0.6714,0.6714,0.6714,0.6714,0.6714,0.6714,0.6714,0.0,0.6629,0.6629,0.6629,0.6629,0.6629,0.6629,0.6629,0.6629,0.6629,0.6629,0.6629,0.6629,0.6629,0.6629,0.6629,0.6629,0.6629,0.6629,0.6629,0.6629,0.6629,
48.17621183395386,7920,7923,7862,7825,7954,7928,7953,7962,7919,8011,7871,7865,7959,7950,7907,7972,7887,7995,7928,7936,0,7923,7970,7978,7847,7997,7911,7959,7920,1818181,7972,7907,8034,7941,7928,7931,7962,7968,7959,7847,7933,0,7909,7988,7957,7881,8001,7986,7890,7988,7897,7912,7968,7971,7976,8039,7959,7967,7994,7890,7974,7909,0,7944,7844,7911,8005,7966,8006,7961,7951,7964,7960,7988,7818,7974,7978,7888,7977,7887,8024,7850,7986,0,7931,8035,7974,7977,7943,7991,7980,7937,7952,7935,7938,7985,7940,7953,7972,7955,7997,7906,7859,7968,0,7900,7912,7938,7917,7957,8001,7918,7927,7828,7825,7926,7912,7874,7981,7982,7942,8000,7779,7967,7929,7852,0.6629,0.6629,0.6629,0.6629,0.6629,0.6629,0.6629,0.6629,0.6629,0.6629,0.6629,0.6629,0.6629,0.6629,0.6629,0.6629,0.6629,0.6629,0.6629,0.6629,0.0,0.6714,0.6714,0.6714,0.6714,0.6714,0.6714,0.6714,0.6714,0.6714,0.6714,0.6714,0.6714,0.6714,0.6714,0.6714,0.6714,0.6714,0.6714,0.6714,0.6714,0.0,0.6673,0.6582,0.6582,0.6582,0.6582,0.6582,0.6582,0.6582,0.6582,0.6582,0.6582,0.6582,0.6582,0.6582,0.6582,0.6582,0.6582,0.6582,0.6582,0.6582,0.0,0.6673,0.6533,0.6533,0.6533,0.6533,0.6533,0.6533,0.6533,0.6533,0.6533,0.6533,0.6533,0.6533,0.6533,0.6533,0.6533,0.6533,0.6533,0.6533,0.6533,0.0,0.6714,0.6714,0.6714,0.6714,0.6714,0.6714,0.6714,0.6714,0.6714,0.6714,0.6714,0.6714,0.6714,0.6714,0.6714,0.6714,0.6714,0.6714,0.6714,0.6714,0.0,0.6629,0.6629,0.6629,0.6629,0.6629,0.6629,0.6629,0.6629,0.6629,0.6629,0.6629,0.6629,0.6629,0.6629,0.6629,0.6629,0.6629,0.6629,0.6629,0.6629,0.6629,
48.278340339660645,7920,7923,7862,7825,7954,7928,7953,7962,7919,8011,7871,7865,7959,7950,7907,7972,7887,7995,7928,7936,0,7916,7927,7962,7887,7982,7894,7941,7909,4000000,7971,7895,8025,7911,7908,7922,7957,7966,7945,7858,7912,0,7909,7988,7957,7881,8001,7986,7890,7988,7897,7912,7968,7971,7976,8039,7959,7967,7994,7890,7974,7909,0,7944,7844,7911,8005,7966,8006,7961,7951,7964,7960,7988,7818,7974,7978,7888,7977,7887,8024,7850,7986,0,7922,8018,7978,7963,7936,7992,7968,7958,7948,7944,7944,7973,7933,7927,7963,7924,7961,7896,7840,7934,0,7910,7909,7943,7910,7938,7990,7888,7918,7818,7828,7912,7894,7863,7973,7993,7896,7980,7776,7908,7906,7843,0.6629,0.6629,0.6629,0.6629,0.6629,0.6629,0.6629,0.6629,0.6629,0.6629,0.6629,0.6629,0.6629,0.6629,0.6629,0.6629,0.6629,0.6629,0.6629,0.6629,0.0,0.6582,0.6582,0.6582,0.6582,0.6582,0.6582,0.6582,0.6582,0.6582,0.6582,0.6582,0.6582,0.6582,0.6582,0.6582,0.6582,0.6582,0.6582,0.6582,0.6582,0.0,0.6673,0.6582,0.6582,0.6582,0.6582,0.6582,0.6582,0.6582,0.6582,0.6582,0.6582,0.6582,0.6582,0.6582,0.6582,0.6582,0.6582,0.6582,0.6582,0.6582,0.0,0.6673,0.6533,0.6533,0.6533,0.6533,0.6533,0.6533,0.6533,0.6533,0.6533,0.6533,0.6533,0.6533,0.6533,0.6533,0.6533,0.6533,0.6533,0.6533,0.6533,0.0,0.6582,0.6582,0.6582,0.6582,0.6582,0.6582,0.6582,0.6582,0.6582,0.6582,0.6582,0.6582,0.6582,0.6582,0.6582,0.6582,0.6582,0.6582,0.6582,0.6582,0.0,0.6582,0.6582,0.6582,0.6582,0.6582,0.6582,0.6582,0.6582,0.6582,0.6582,0.6582,0.6582,0.6582,0.6582,0.6582,0.6582,0.6582,0.6582,0.6582,0.6582,0.6582,
48.43005728721619,7907,7932,7823,7802,7948,7927,7958,7934,7899,7995,7875,7852,7938,7928,7898,7949,7864,7995,7884,7915,0,7916,7927,7962,7887,7982,7894,7941,7909,4000000,7971,7895,8025,7911,7908,7922,7957,7966,7945,7858,7912,0,7923,7953,7947,7889,7975,7958,7933,7971,7842,7894,7932,7927,7955,8002,7951,7938,7975,7833,7970,7857,0,7919,7828,7890,8003,7934,7985,7953,7927,7953,7944,7961,7823,7959,7969,7884,7949,7865,7992,7826,7972,0,7922,8018,7978,7963,7936,7992,7968,7958,7948,7944,7944,7973,7933,7927,7963,7924,7961,7896,7840,7934,0,7910,7909,7943,7910,7938,7990,7888,7918,7818,7828,7912,7894,7863,7973,7993,7896,7980,7776,7908,7906,7843,0.6533,0.6533,0.6533,0.6533,0.6533,0.6533,0.6533,0.6533,0.6533,0.6533,0.6533,0.6533,0.6533,0.6533,0.6533,0.6533,0.6533,0.6533,0.6533,0.6533,0.0,0.6582,0.6582,0.6582,0.6582,0.6582,0.6582,0.6582,0.6582,0.6582,0.6582,0.6582,0.6582,0.6582,0.6582,0.6582,0.6582,0.6582,0.6582,0.6582,0.6582,0.0,0.6533,0.6533,0.6533,0.6533,0.6533,0.6533,0.6533,0.6533,0.6533,0.6533,0.6533,0.6533,0.6533,0.6533,0.6533,0.6533,0.6533,0.6533,0.6533,0.6533,0.0,0.6533,0.6533,0.6533,0.6533,0.6533,0.6533,0.6533,0.6533,0.6533,0.6533,0.6533,0.6533,0.6533,0.6533,0.6533,0.6533,0.6533,0.6533,0.6533,0.6533,0.0,0.6582,0.6582,0.6582,0.6582,0.6582,0.6582,0.6582,0.6582,0.6582,0.6582,0.6582,0.6582,0.6582,0.6582,0.6582,0.6582,0.6582,0.6582,0.6582,0.6582,0.0,0.6582,0.6582,0.6582,0.6582,0.6582,0.6582,0.6582,0.6582,0.6582,0.6582,0.6582,0.6582,0.6582,0.6582,0.6582,0.6582,0.6582,0.6582,0.6582,0.6582,0.6582,
48.53164792060852,7907,7932,7823,7802,7948,7927,7958,7934,7899,7995,7875,7852,7938,7928,7898,7949,7864,7995,7884,7915,0,7899,7857,7918,7893,7959,7896,7902,7902,1818181,7937,7866,7992,7846,7887,7905,7945,7956,7931,7849,7852,0,7923,7953,7947,7889,7975,7958,7933,7971,7842,7894,7932,7927,7955,8002,7951,7938,7975,7833,7970,7857,0,7919,7828,7890,8003,7934,7985,7953,7927,7953,7944,7961,7823,7959,7969,7884,7949,7865,7992,7826,7972,0,7904,7998,7970,7926,7912,7964,7950,7947,7922,7923,7920,7952,7907,7916,7924,7909,7913,7860,7826,7895,0,7903,7886,7926,7883,7897,7975,7838,7871,7808,7816,7875,7889,7846,7960,7954,7838,7966,7784,7834,7874,7853,0.6533,0.6533,0.6533,0.6533,0.6533,0.6533,0.6533,0.6533,0.6533,0.6533,0.6533,0.6533,0.6533,0.6533,0.6533,0.6533,0.6533,0.6533,0.6533,0.6533,0.0,0.6481,0.637,0.637,0.637,0.637,0.637,0.637,0.637,0.637,0.637,0.637,0.637,0.637,0.637,0.637,0.637,0.637,0.637,0.637,0.637,0.0,0.6533,0.6533,0.6533,0.6533,0.6533,0.6533,0.6533,0.6533,0.6533,0.6533,0.6533,0.6533,0.6533,0.6533,0.6533,0.6533,0.6533,0.6533,0.6533,0.6533,0.0,0.6533,0.6533,0.6533,0.6533,0.6533,0.6533,0.6533,0.6533,0.6533,0.6533,0.6533,0.6533,0.6533,0.6533,0.6533,0.6533,0.6533,0.6533,0.6533,0.6533,0.0,0.6481,0.637,0.637,0.637,0.637,0.637,0.637,0.637,0.637,0.637,0.637,0.637,0.637,0.637,0.637,0.637,0.637,0.637,0.637,0.637,0.0,0.6481,0.637,0.637,0.637,0.637,0.637,0.637,0.637,0.637,0.637,0.637,0.637,0.637,0.637,0.637,0.637,0.637,0.637,0.637,0.637,0.637,
48.63323783874512,7839,7912,7801,7782,7936,7905,7943,7880,7844,7980,7869,7817,7926,7900,7874,7921,7809,7937,7808,7879,0,7899,7857,7918,7893,7959,7896,7902,7902,1818181,7937,7866,7992,7846,7887,7905,7945,7956,7931,7849,7852,0,7910,7902,7913,7887,7958,7920,7921,7944,7766,7877,7879,7856,7915,7943,7931,7881,7900,7765,7926,7824,0,7919,7798,7850,7969,7889,7960,7912,7898,7947,7930,7932,7800,7932,7947,7852,7902,7829,7930,7806,7914,0,7904,7998,7970,7926,7912,7964,7950,7947,7922,7923,7920,7952,7907,7916,7924,7909,7913,7860,7826,7895,0,7903,7886,7926,7883,7897,7975,7838,7871,7808,7816,7875,7889,7846,7960,7954,7838,7966,7784,7834,7874,7853,0.6427,0.6427,0.6427,0.6427,0.6427,0.6427,0.6427,0.6427,0.6427,0.6427,0.6427,0.6427,0.6427,0.6427,0.6427,0.6427,0.6427,0.6427,0.6427,0.6427,0.0,0.6481,0.637,0.637,0.637,0.637,0.637,0.637,0.637,0.637,0.637,0.637,0.637,0.637,0.637,0.637,0.637,0.637,0.637,0.637,0.637,0.0,0.6427,0.6427,0.6427,0.6427,0.6427,0.6427,0.6427,0.6427,0.6427,0.6427,0.6427,0.6427,0.6427,0.6427,0.6427,0.6427,0.6427,0.6427,0.6427,0.6427,0.0,0.6427,0.6427,0.6427,0.6427,0.6427,0.6427,0.6427,0.6427,0.6427,0.6427,0.6427,0.6427,0.6427,0.6427,0.6427,0.6427,0.6427,0.6427,0.6427,0.6427,0.0,0.6481,0.637,0.637,0.637,0.637,0.637,0.637,0.637,0.637,0.637,0.637,0.637,0.637,0.637,0.637,0.637,0.637,0.637,0.637,0.637,0.0,0.6481,0.637,0.637,0.637,0.637,0.637,0.637,0.637,0.637,0.637,0.637,0.637,0.637,0.637,0.637,0.637,0.637,0.637,0.637,0.637,0.637,
48.73478865623474,7839,7912,7801,7782,7936,7905,7943,7880,7844,7980,7869,7817,7926,7900,7874,7921,7809,7937,7808,7879,0,7845,7794,7859,7872,7918,7889,7842,7874,2000000,7911,7804,7953,7793,7829,7852,7890,7880,7851,7821,7802,0,7910,7902,7913,7887,7958,7920,7921,7944,7766,7877,7879,7856,7915,7943,7931,7881,7900,7765,7926,7824,0,7919,7798,7850,7969,7889,7960,7912,7898,7947,7930,7932,7800,7932,7947,7852,7902,7829,7930,7806,7914,0,7904,7998,7970,7926,7912,7964,7950,7947,7922,7923,7920,7952,7907,7916,7924,7909,7913,7860,7826,7895,0,7885,7832,7898,7856,7842,7907,7802,7805,7795,7798,7830,7818,7825,7808,7923,7818,7889,7819,7727,7794,7815,0.6427,0.6427,0.6427,0.6427,0.6427,0.6427,0.6427,0.6427,0.6427,0.6427,0.6427,0.6427,0.6427,0.6427,0.6427,0.6427,0.6427,0.6427,0.6427,0.6427,0.0,0.6312,0.6312,0.6312,0.6312,0.6312,0.6312,0.6312,0.6312,0.6312,0.6312,0.6312,0.6312,0.6312,0.6312,0.6312,0.6312,0.6312,0.6312,0.6312,0.6312,0.0,0.6427,0.6427,0.6427,0.6427,0.6427,0.6427,0.6427,0.6427,0.6427,0.6427,0.6427,0.6427,0.6427,0.6427,0.6427,0.6427,0.6427,0.6427,0.6427,0.6427,0.0,0.6427,0.6427,0.6427,0.6427,0.6427,0.6427,0.6427,0.6427,0.6427,0.6427,0.6427,0.6427,0.6427,0.6427,0.6427,0.6427,0.6427,0.6427,0.6427,0.6427,0.0,0.6481,0.637,0.637,0.637,0.637,0.637,0.637,0.637,0.637,0.637,0.637,0.637,0.637,0.637,0.637,0.637,0.637,0.637,0.637,0.637,0.0,0.6312,0.6312,0.6312,0.6312,0.6312,0.6312,0.6312,0.6312,0.6312,0.6312,0.6312,0.6312,0.6312,0.6312,0.6312,0.6312,0.6312,0.6312,0.6312,0.6312,0.6312,
48.83663320541382,7839,7912,7801,7782,7936,7905,7943,7880,7844,7980,7869,7817,7926,7900,7874,7921,7809,7937,7808,7879,0,7845,7794,7859,7872,7918,7889,7842,7874,2000000,7911,7804,7953,7793,7829,7852,7890,7880,7851,7821,7802,0,7910,7902,7913,7887,7958,7920,7921,7944,7766,7877,7879,7856,7915,7943,7931,7881,7900,7765,7926,7824,0,7919,7798,7850,7969,7889,7960,7912,7898,7947,7930,7932,7800,7932,7947,7852,7902,7829,7930,7806,7914,0,7871,7906,7942,7868,7904,7945,7887,7889,7824,7857,7794,7934,7849,7865,7850,7829,7823,7782,7785,7785,0,7885,7832,7898,7856,7842,7907,7802,7805,7795,7798,7830,7818,7825,7808,7923,7818,7889,7819,7727,7794,7815,0.6427,0.6427,0.6427,0.6427,0.6427,0.6427,0.6427,0.6427,0.6427,0.6427,0.6427,0.6427,0.6427,0.6427,0.6427,0.6427,0.6427,0.6427,0.6427,0.6427,0.0,0.6312,0.6312,0.6312,0.6312,0.6312,0.6312,0.6312,0.6312,0.6312,0.6312,0.6312,0.6312,0.6312,0.6312,0.6312,0.6312,0.6312,0.6312,0.6312,0.6312,0.0,0.6427,0.6427,0.6427,0.6427,0.6427,0.6427,0.6427,0.6427,0.6427,0.6427,0.6427,0.6427,0.6427,0.6427,0.6427,0.6427,0.6427,0.6427,0.6427,0.6427,0.0,0.6427,0.6427,0.6427,0.6427,0.6427,0.6427,0.6427,0.6427,0.6427,0.6427,0.6427,0.6427,0.6427,0.6427,0.6427,0.6427,0.6427,0.6427,0.6427,0.6427,0.0,0.6312,0.6312,0.6312,0.6312,0.6312,0.6312,0.6312,0.6312,0.6312,0.6312,0.6312,0.6312,0.6312,0.6312,0.6312,0.6312,0.6312,0.6312,0.6312,0.6312,0.0,0.6312,0.6312,0.6312,0.6312,0.6312,0.6312,0.6312,0.6312,0.6312,0.6312,0.6312,0.6312,0.6312,0.6312,0.6312,0.6312,0.6312,0.6312,0.6312,0.6312,0.6312,
48.93884515762329,7804,7802,7759,7769,7816,7792,7831,7791,7803,7842,7835,7770,7746,7731,7809,7903,15455,7764,7728,7785,0,7845,7794,7859,7872,7918,7889,7842,7874,2000000,7911,7804,7953,7793,7829,7852,7890,7880,7851,7821,7802,0,7857,7836,7847,7871,7844,7773,7761,7796,7754,7744,7789,7790,7726,7762,7734,7779,7756,7722,7757,7769,0,7832,7770,7785,7826,7827,7845,7781,7797,7815,7794,7812,7796,7756,7795,7711,7777,7750,7755,15568,7723,0,7871,7906,7942,7868,7904,7945,7887,7889,7824,7857,7794,7934,7849,7865,7850,7829,7823,7782,7785,7785,0,7869,7772,7787,7727,7738,7734,7751,7731,7731,7778,7749,7656,7709,7584,7731,7736,7714,7754,7627,7668,7669,0.625,0.6121,0.6121,0.6121,0.6121,0.6121,0.6121,0.6121,0.6121,0.6121,0.6121,0.6121,0.6121,0.6121,0.6121,0.6121,0.6121,0.6121,0.6121,0.6121,0.0,0.6312,0.6312,0.6312,0.6312,0.6312,0.6312,0.6312,0.6312,0.6312,0.6312,0.6312,0.6312,0.6312,0.6312,0.6312,0.6312,0.6312,0.6312,0.6312,0.6312,0.0,0.625,0.6121,0.6121,0.6121,0.6121,0.6121,0.6121,0.6121,0.6121,0.6121,0.6121,0.6121,0.6121,0.6121,0.6121,0.6121,0.6121,0.6121,0.6121,0.6121,0.0,0.625,0.625,0.625,0.625,0.625,0.625,0.625,0.625,0.625,0.625,0.625,0.625,0.625,0.625,0.625,0.625,0.625,0.625,0.625,0.625,0.0,0.6312,0.6312,0.6312,0.6312,0.6312,0.6312,0.6312,0.6312,0.6312,0.6312,0.6312,0.6312,0.6312,0.6312,0.6312,0.6312,0.6312,0.6312,0.6312,0.6312,0.0,0.6187,0.6187,0.6187,0.6187,0.6187,0.6187,0.6187,0.6187,0.6187,0.6187,0.6187,0.6187,0.6187,0.6187,0.6187,0.6187,0.6187,0.6187,0.6187,0.6187,0.6187,
49.04055142402649,7804,7802,7759,7769,7816,7792,7831,7791,7803,7842,7835,7770,7746,7731,7809,7903,15455,7764,7728,7785,0,7766,7716,7810,7745,7747,7749,7730,7661,10000000,7724,7642,7717,7656,7624,7593,7654,7639,7622,7669,7639,0,7857,7836,7847,7871,7844,7773,7761,7796,7754,7744,7789,7790,7726,7762,7734,7779,7756,7722,7757,7769,0,7832,7770,7785,7826,7827,7845,7781,7797,7815,7794,7812,7796,7756,7795,7711,7777,7750,7755,15568,7723,0,7747,7693,7825,7736,7706,7784,7683,7678,7667,7629,7553,7705,7713,7614,7625,7568,7684,7648,7560,7526,0,7869,7772,7787,7727,7738,7734,7751,7731,7731,7778,7749,7656,7709,7584,7731,7736,7714,7754,7627,7668,7669,0.625,0.6121,0.6121,0.6121,0.6121,0.6121,0.6121,0.6121,0.6121,0.6121,0.6121,0.6121,0.6121,0.6121,0.6121,0.6121,0.6121,0.6121,0.6121,0.6121,0.0,0.6187,0.6187,0.6187,0.6187,0.6187,0.6187,0.6187,0.6187,0.6187,0.6187,0.6187,0.6187,0.6187,0.6187,0.6187,0.6187,0.6187,0.6187,0.6187,0.6187,0.0,0.625,0.6121,0.6121,0.6121,0.6121,0.6121,0.6121,0.6121,0.6121,0.6121,0.6121,0.6121,0.6121,0.6121,0.6121,0.6121,0.6121,0.6121,0.6121,0.6121,0.0,0.625,0.625,0.625,0.625,0.625,0.625,0.625,0.625,0.625,0.625,0.625,0.625,0.625,0.625,0.625,0.625,0.625,0.625,0.625,0.625,0.0,0.6121,0.6121,0.6121,0.6121,0.6121,0.6121,0.6121,0.6121,0.6121,0.6121,0.6121,0.6121,0.6121,0.6121,0.6121,0.6121,0.6121,0.6121,0.6121,0.6121,0.0,0.6187,0.6187,0.6187,0.6187,0.6187,0.6187,0.6187,0.6187,0.6187,0.6187,0.6187,0.6187,0.6187,0.6187,0.6187,0.6187,0.6187,0.6187,0.6187,0.6187,0.6187,
49.19227743148804,7733,7648,7636,7646,7511,7576,7598,7618,7661,7532,7638,7587,7436,7464,7576,7657,7499,7419,7478,7581,0,7766,7716,7810,7745,7747,7749,7730,7661,10000000,7724,7642,7717,7656,7624,7593,7654,7639,7622,7669,7639,0,7748,7730,7714,7717,7624,7542,7512,7527,7593,7497,7615,7617,7480,7465,7412,7525,7466,7481,7439,7536,0,7657,7689,7669,7606,7713,7603,7562,7562,7535,7517,7604,7630,7478,7524,7449,7515,7557,7445,7561,7350,0,7747,7693,7825,7736,7706,7784,7683,7678,7667,7629,7553,7705,7713,7614,7625,7568,7684,7648,7560,7526,0,7745,7605,7584,7535,7547,7503,7661,7560,7578,7653,7583,7437,7521,7361,7440,7485,7414,7539,7446,7402,7413,0.6054,0.5912,0.5912,0.5912,0.5912,0.5912,0.5912,0.5912,0.5912,0.5912,0.5912,0.5912,0.5912,0.5912,0.5912,0.5912,0.5912,0.5912,0.5912,0.5912,0.0,0.6187,0.6187,0.6187,0.6187,0.6187,0.6187,0.6187,0.6187,0.6187,0.6187,0.6187,0.6187,0.6187,0.6187,0.6187,0.6187,0.6187,0.6187,0.6187,0.6187,0.0,0.6054,0.5912,0.5912,0.5912,0.5912,0.5912,0.5912,0.5912,0.5912,0.5912,0.5912,0.5912,0.5912,0.5912,0.5912,0.5912,0.5912,0.5912,0.5912,0.5912,0.0,0.6054,0.5912,0.5912,0.5912,0.5912,0.5912,0.5912,0.5912,0.5912,0.5912,0.5912,0.5912,0.5912,0.5912,0.5912,0.5912,0.5912,0.5912,0.5912,0.5912,0.0,0.6121,0.6121,0.6121,0.6121,0.6121,0.6121,0.6121,0.6121,0.6121,0.6121,0.6121,0.6121,0.6121,0.6121,0.6121,0.6121,0.6121,0.6121,0.6121,0.6121,0.0,0.6054,0.6054,0.6054,0.6054,0.6054,0.6054,0.6054,0.6054,0.6054,0.6054,0.6054,0.6054,0.6054,0.6054,0.6054,0.6054,0.6054,0.6054,0.6054,0.6054,0.6054,
49.3440158367157,7733,7648,7636,7646,7511,7576,7598,7618,7661,7532,7638,7587,7436,7464,7576,7657,7499,7419,7478,7581,0,7592,7582,7602,7495,7490,7416,7500,7353,3333333,7442,7366,7428,7421,7324,7267,7358,7338,7343,7393,7333,0,7748,7730,7714,7717,7624,7542,7512,7527,7593,7497,7615,7617,7480,7465,7412,7525,7466,7481,7439,7536,0,7657,7689,7669,7606,7713,7603,7562,7562,7535,7517,7604,7630,7478,7524,7449,7515,7557,7445,7561,7350,0,7483,7404,7517,7458,7356,7417,7361,7366,7369,7303,7272,7337,7418,7240,7371,7233,7387,7311,7256,7195,0,7745,7605,7584,7535,7547,7503,7661,7560,7578,7653,7583,7437,7521,7361,7440,7485,7414,7539,7446,7402,7413,0.6054,0.5912,0.5912,0.5912,0.5912,0.5912,0.5912,0.5912,0.5912,0.5912,0.5912,0.5912,0.5912,0.5912,0.5912,0.5912,0.5912,0.5912,0.5912,0.5912,0.0,0.5984,0.5984,0.5984,0.5984,0.5984,0.5984,0.5984,0.5984,0.5984,0.5984,0.5984,0.5984,0.5984,0.5984,0.5984,0.5984,0.5984,0.5984,0.5984,0.5984,0.0,0.6054,0.5912,0.5912,0.5912,0.5912,0.5912,0.5912,0.5912,0.5912,0.5912,0.5912,0.5912,0.5912,0.5912,0.5912,0.5912,0.5912,0.5912,0.5912,0.5912,0.0,0.6054,0.5912,0.5912,0.5912,0.5912,0.5912,0.5912,0.5912,0.5912,0.5912,0.5912,0.5912,0.5912,0.5912,0.5912,0.5912,0.5912,0.5912,0.5912,0.5912,0.0,0.5912,0.5912,0.5912,0.5912,0.5912,0.5912,0.5912,0.5912,0.5912,0.5912,0.5912,0.5912,0.5912,0.5912,0.5912,0.5912,0.5912,0.5912,0.5912,0.5912,0.0,0.6054,0.6054,0.6054,0.6054,0.6054,0.6054,0.6054,0.6054,0.6054,0.6054,0.6054,0.6054,0.6054,0.6054,0.6054,0.6054,0.6054,0.6054,0.6054,0.6054,0.6054,
49.44560360908508,7427,7302,7360,7259,7200,7192,7247,7270,7281,7178,7271,7208,7112,7103,7169,7223,7129,7088,7112,7149,0,7592,7582,7602,7495,7490,7416,7500,7353,3333333,7442,7366,7428,7421,7324,7267,7358,7338,7343,7393,7333,0,7429,7426,7388,7400,7288,7238,7184,7211,7219,7135,7231,7257,7173,7144,7115,7137,7158,7112,7109,7142,0,7273,7389,7340,7288,7360,7276,7250,7203,7165,7189,7215,7279,7138,7185,7118,7129,7145,7108,7153,7054,0,7483,7404,7517,7458,7356,7417,7361,7366,7369,7303,7272,7337,7418,7240,7371,7233,7387,7311,7256,7195,0,7508,7336,7271,7244,7285,7309,7381,7273,7317,7395,7278,7240,7245,7228,7174,7165,7200,7185,7159,7135,7159,0.5839,0.5686,0.5686,0.5686,0.5686,0.5686,0.5686,0.5686,0.5686,0.5686,0.5686,0.5686,0.5686,0.5686,0.5686,0.5686,0.5686,0.5686,0.5686,0.5686,0.0,0.5984,0.5984,0.5984,0.5984,0.5984,0.5984,0.5984,0.5984,0.5984,0.5984,0.5984,0.5984,0.5984,0.5984,0.5984,0.5984,0.5984,0.5984,0.5984,0.5984,0.0,0.5839,0.5839,0.5839,0.5839,0.5839,0.5839,0.5839,0.5839,0.5839,0.5839,0.5839,0.5839,0.5839,0.5839,0.5839,0.5839,0.5839,0.5839,0.5839,0.5839,0.0,0.5839,0.5839,0.5839,0.5839,0.5839,0.5839,0.5839,0.5839,0.5839,0.5839,0.5839,0.5839,0.5839,0.5839,0.5839,0.5839,0.5839,0.5839,0.5839,0.5839,0.0,0.5912,0.5912,0.5912,0.5912,0.5912,0.5912,0.5912,0.5912,0.5912,0.5912,0.5912,0.5912,0.5912,0.5912,0.5912,0.5912,0.5912,0.5912,0.5912,0.5912,0.0,0.5912,0.5763,0.5763,0.5763,0.5763,0.5763,0.5763,0.5763,0.5763,0.5763,0.5763,0.5763,0.5763,0.5763,0.5763,0.5763,0.5763,0.5763,0.5763,0.5763,0.5763,
49.547152519226074,7427,7302,7360,7259,7200,7192,7247,7270,7281,7178,7271,7208,7112,7103,7169,7223,7129,7088,7112,7149,0,7262,7358,7276,7218,7262,7112,7203,7109,3157894,7154,7151,7166,7180,7075,7037,7088,7094,7121,7070,7054,0,7429,7426,7388,7400,7288,7238,7184,7211,7219,7135,7231,7257,7173,7144,7115,7137,7158,7112,7109,7142,0,7273,7389,7340,7288,7360,7276,7250,7203,7165,7189,7215,7279,7138,7185,7118,7129,7145,7108,7153,7054,0,7483,7404,7517,7458,7356,7417,7361,7366,7369,7303,7272,7337,7418,7240,7371,7233,7387,7311,7256,7195,0,7508,7336,7271,7244,7285,7309,7381,7273,7317,7395,7278,7240,7245,7228,7174,7165,7200,7185,7159,7135,7159,0.5839,0.5686,0.5686,0.5686,0.5686,0.5686,0.5686,0.5686,0.5686,0.5686,0.5686,0.5686,0.5686,0.5686,0.5686,0.5686,0.5686,0.5686,0.5686,0.5686,0.0,0.5763,0.5607,0.5607,0.5607,0.5607,0.5607,0.5607,0.5607,0.5607,0.5607,0.5607,0.5607,0.5607,0.5607,0.5607,0.5607,0.5607,0.5607,0.5607,0.5607,0.0,0.5839,0.5839,0.5839,0.5839,0.5839,0.5839,0.5839,0.5839,0.5839,0.5839,0.5839,0.5839,0.5839,0.5839,0.5839,0.5839,0.5839,0.5839,0.5839,0.5839,0.0,0.5839,0.5839,0.5839,0.5839,0.5839,0.5839,0.5839,0.5839,0.5839,0.5839,0.5839,0.5839,0.5839,0.5839,0.5839,0.5839,0.5839,0.5839,0.5839,0.5839,0.0,0.5912,0.5912,0.5912,0.5912,0.5912,0.5912,0.5912,0.5912,0.5912,0.5912,0.5912,0.5912,0.5912,0.5912,0.5912,0.5912,0.5912,0.5912,0.5912,0.5912,0.0,0.5912,0.5763,0.5763,0.5763,0.5763,0.5763,0.5763,0.5763,0.5763,0.5763,0.5763,0.5763,0.5763,0.5763,0.5763,0.5763,0.5763,0.5763,0.5763,0.5763,0.5763,
49.74902844429016,7427,7302,7360,7259,7200,7192,7247,7270,7281,7178,7271,7208,7112,7103,7169,7223,7129,7088,7112,7149,0,7262,7358,7276,7218,7262,7112,7203,7109,3157894,7154,7151,7166,7180,7075,7037,7088,7094,7121,7070,7054,0,7429,7426,7388,7400,7288,7238,7184,7211,7219,7135,7231,7257,7173,7144,7115,7137,7158,7112,7109,7142,0,7273,7389,7340,7288,7360,7276,7250,7203,7165,7189,7215,7279,7138,7185,7118,7129,7145,7108,7153,7054,0,7180,7181,7185,7159,7042,7084,7024,7015,7047,6970,6974,6975,7072,6958,7157,6956,6990,6931,6950,6912,0,7162,7066,7028,7077,7062,7159,7057,7075,7018,7098,7029,7093,7017,7098,6942,6899,7019,6842,6904,6894,6957,0.5839,0.5686,0.5686,0.5686,0.5686,0.5686,0.5686,0.5686,0.5686,0.5686,0.5686,0.5686,0.5686,0.5686,0.5686,0.5686,0.5686,0.5686,0.5686,0.5686,0.0,0.5763,0.5607,0.5607,0.5607,0.5607,0.5607,0.5607,0.5607,0.5607,0.5607,0.5607,0.5607,0.5607,0.5607,0.5607,0.5607,0.5607,0.5607,0.5607,0.5607,0.0,0.5839,0.5839,0.5839,0.5839,0.5839,0.5839,0.5839,0.5839,0.5839,0.5839,0.5839,0.5839,0.5839,0.5839,0.5839,0.5839,0.5839,0.5839,0.5839,0.5839,0.0,0.5839,0.5839,0.5839,0.5839,0.5839,0.5839,0.5839,0.5839,0.5839,0.5839,0.5839,0.5839,0.5839,0.5839,0.5839,0.5839,0.5839,0.5839,0.5839,0.5839,0.0,0.5686,0.5527,0.5527,0.5527,0.5527,0.5527,0.5527,0.5527,0.5527,0.5527,0.5527,0.5527,0.5527,0.5527,0.5527,0.5527,0.5527,0.5527,0.5527,0.5527,0.0,0.5686,0.5686,0.5686,0.5686,0.5686,0.5686,0.5686,0.5686,0.5686,0.5686,0.5686,0.5686,0.5686,0.5686,0.5686,0.5686,0.5686,0.5686,0.5686,0.5686,0.5686,
49.850571155548096,7024,7003,7011,6917,6987,6876,6918,6934,6914,6922,6896,6865,6903,6853,6845,6834,6842,6857,6829,6780,0,7262,7358,7276,7218,7262,7112,7203,7109,3157894,7154,7151,7166,7180,7075,7037,7088,7094,7121,7070,7054,0,7024,7013,6987,6964,7020,7029,6961,6993,6904,6891,6892,6946,6918,6938,6894,6846,6908,6794,6887,6815,0,6963,6979,6946,7034,6942,7014,6991,6916,6922,6938,6914,6894,6896,6943,6887,6862,6830,6912,6810,6866,0,7180,7181,7185,7159,7042,7084,7024,7015,7047,6970,6974,6975,7072,6958,7157,6956,6990,6931,6950,6912,0,7162,7066,7028,7077,7062,7159,7057,7075,7018,7098,7029,7093,7017,7098,6942,6899,7019,6842,6904,6894,6957,0.5686,0.5527,0.5527,0.5527,0.5527,0.5527,0.5527,0.5527,0.5527,0.5527,0.5527,0.5527,0.5527,0.5527,0.5527,0.5527,0.5527,0.5527,0.5527,0.5527,0.0,0.5763,0.5607,0.5607,0.5607,0.5607,0.5607,0.5607,0.5607,0.5607,0.5607,0.5607,0.5607,0.5607,0.5607,0.5607,0.5607,0.5607,0.5607,0.5607,0.5607,0.0,0.5607,0.5445,0.5445,0.5445,0.5445,0.5445,0.5445,0.5445,0.5445,0.5445,0.5445,0.5445,0.5445,0.5445,0.5445,0.5445,0.5445,0.5445,0.5445,0.5445,0.0,0.5527,0.5527,0.5527,0.5527,0.5527,0.5527,0.5527,0.5527,0.5527,0.5527,0.5527,0.5527,0.5527,0.5527,0.5527,0.5527,0.5527,0.5527,0.5527,0.5527,0.0,0.5686,0.5527,0.5527,0.5527,0.5527,0.5527,0.5527,0.5527,0.5527,0.5527,0.5527,0.5527,0.5527,0.5527,0.5527,0.5527,0.5527,0.5527,0.5527,0.5527,0.0,0.5686,0.5686,0.5686,0.5686,0.5686,0.5686,0.5686,0.5686,0.5686,0.5686,0.5686,0.5686,0.5686,0.5686,0.5686,0.5686,0.5686,0.5686,0.5686,0.5686,0.5686,
49.952086210250854,7024,7003,7011,6917,6987,6876,6918,6934,6914,6922,6896,6865,6903,6853,6845,6834,6842,6857,6829,6780,0,6946,7042,6964,6943,7027,6819,6906,6854,6924,6872,6859,6933,6884,6846,6851,6876,6848,6878,6815,6789,0,7024,7013,6987,6964,7020,7029,6961,6993,6904,6891,6892,6946,6918,6938,6894,6846,6908,6794,6887,6815,0,6963,6979,6946,7034,6942,7014,6991,6916,6922,6938,6914,6894,6896,6943,6887,6862,6830,6912,6810,6866,0,6887,6909,6856,6873,6772,6836,6866,6839,6868,6767,6807,6756,6804,6808,6819,6804,6734,6706,6768,6767,0,6919,6893,6839,6921,6873,6930,6832,6891,6784,6839,6891,6837,6827,6817,6815,6760,6859,6668,6762,6767,6769,0.5686,0.5527,0.5527,0.5527,0.5527,0.5527,0.5527,0.5527,0.5527,0.5527,0.5527,0.5527,0.5527,0.5527,0.5527,0.5527,0.5527,0.5527,0.5527,0.5527,0.0,0.5607,0.5607,0.5607,0.5607,0.5607,0.5607,0.5607,0.5607,0.5607,0.5607,0.5607,0.5607,0.5607,0.5607,0.5607,0.5607,0.5607,0.5607,0.5607,0.5607,0.0,0.5607,0.5445,0.5445,0.5445,0.5445,0.5445,0.5445,0.5445,0.5445,0.5445,0.5445,0.5445,0.5445,0.5445,0.5445,0.5445,0.5445,0.5445,0.5445,0.5445,0.0,0.5527,0.5527,0.5527,0.5527,0.5527,0.5527,0.5527,0.5527,0.5527,0.5527,0.5527,0.5527,0.5527,0.5527,0.5527,0.5527,0.5527,0.5527,0.5527,0.5527,0.0,0.5527,0.5362,0.5362,0.5362,0.5362,0.5362,0.5362,0.5362,0.5362,0.5362,0.5362,0.5362,0.5362,0.5362,0.5362,0.5362,0.5362,0.5362,0.5362,0.5362,0.0,0.5362,0.5362,0.5362,0.5362,0.5362,0.5362,0.5362,0.5362,0.5362,0.5362,0.5362,0.5362,0.5362,0.5362,0.5362,0.5362,0.5362,0.5362,0.5362,0.5362,0.5362,
50.05360221862793,6773,6850,6802,6730,6879,6670,6708,6772,6677,6777,6645,6655,6811,6694,6624,6569,6671,6697,6642,6499,0,6946,7042,6964,6943,7027,6819,6906,6854,6924,6872,6859,6933,6884,6846,6851,6876,6848,6878,6815,6789,0,6736,6700,6681,6657,6795,6771,6758,6754,6654,6721,6669,6630,6634,6727,6626,6626,6680,6571,6637,6547,0,6799,6764,6730,6891,6719,6848,6812,6783,6791,6785,6764,6602,6762,6801,6719,6695,6617,6785,6575,6726,0,6887,6909,6856,6873,6772,6836,6866,6839,6868,6767,6807,6756,6804,6808,6819,6804,6734,6706,6768,6767,0,6919,6893,6839,6921,6873,6930,6832,6891,6784,6839,6891,6837,6827,6817,6815,6760,6859,6668,6762,6767,6769,0.5362,0.5277,0.5277,0.5277,0.5277,0.5277,0.5277,0.5277,0.5277,0.5277,0.5277,0.5277,0.5277,0.5277,0.5277,0.5277,0.5277,0.5277,0.5277,0.5277,0.0,0.5607,0.5607,0.5607,0.5607,0.5607,0.5607,0.5607,0.5607,0.5607,0.5607,0.5607,0.5607,0.5607,0.5607,0.5607,0.5607,0.5607,0.5607,0.5607,0.5607,0.0,0.5362,0.5362,0.5362,0.5362,0.5362,0.5362,0.5362,0.5362,0.5362,0.5362,0.5362,0.5362,0.5362,0.5362,0.5362,0.5362,0.5362,0.5362,0.5362,0.5362,0.0,0.5277,0.5277,0.5277,0.5277,0.5277,0.5277,0.5277,0.5277,0.5277,0.5277,0.5277,0.5277,0.5277,0.5277,0.5277,0.5277,0.5277,0.5277,0.5277,0.5277,0.0,0.5527,0.5362,0.5362,0.5362,0.5362,0.5362,0.5362,0.5362,0.5362,0.5362,0.5362,0.5362,0.5362,0.5362,0.5362,0.5362,0.5362,0.5362,0.5362,0.5362,0.0,0.5362,0.5362,0.5362,0.5362,0.5362,0.5362,0.5362,0.5362,0.5362,0.5362,0.5362,0.5362,0.5362,0.5362,0.5362,0.5362,0.5362,0.5362,0.5362,0.5362,0.5362,
50.2052948474884,6773,6850,6802,6730,6879,6670,6708,6772,6677,6777,6645,6655,6811,6694,6624,6569,6671,6697,6642,6499,0,6755,6723,6785,6773,6772,6711,6713,6744,6614,6708,6637,6713,6618,6700,6685,6761,6648,6652,6618,6578,0,6736,6700,6681,6657,6795,6771,6758,6754,6654,6721,6669,6630,6634,6727,6626,6626,6680,6571,6637,6547,0,6799,6764,6730,6891,6719,6848,6812,6783,6791,6785,6764,6602,6762,6801,6719,6695,6617,6785,6575,6726,0,6887,6909,6856,6873,6772,6836,6866,6839,6868,6767,6807,6756,6804,6808,6819,6804,6734,6706,6768,6767,0,6919,6893,6839,6921,6873,6930,6832,6891,6784,6839,6891,6837,6827,6817,6815,6760,6859,6668,6762,6767,6769,0.5362,0.5277,0.5277,0.5277,0.5277,0.5277,0.5277,0.5277,0.5277,0.5277,0.5277,0.5277,0.5277,0.5277,0.5277,0.5277,0.5277,0.5277,0.5277,0.5277,0.0,0.5277,0.5277,0.5277,0.5277,0.5277,0.5277,0.5277,0.5277,0.5277,0.5277,0.5277,0.5277,0.5277,0.5277,0.5277,0.5277,0.5277,0.5277,0.5277,0.5277,0.0,0.5362,0.5362,0.5362,0.5362,0.5362,0.5362,0.5362,0.5362,0.5362,0.5362,0.5362,0.5362,0.5362,0.5362,0.5362,0.5362,0.5362,0.5362,0.5362,0.5362,0.0,0.5277,0.5277,0.5277,0.5277,0.5277,0.5277,0.5277,0.5277,0.5277,0.5277,0.5277,0.5277,0.5277,0.5277,0.5277,0.5277,0.5277,0.5277,0.5277,0.5277,0.0,0.5527,0.5362,0.5362,0.5362,0.5362,0.5362,0.5362,0.5362,0.5362,0.5362,0.5362,0.5362,0.5362,0.5362,0.5362,0.5362,0.5362,0.5362,0.5362,0.5362,0.0,0.5362,0.5362,0.5362,0.5362,0.5362,0.5362,0.5362,0.5362,0.5362,0.5362,0.5362,0.5362,0.5362,0.5362,0.5362,0.5362,0.5362,0.5362,0.5362,0.5362,0.5362,
50.30811810493469,6773,6850,6802,6730,6879,6670,6708,6772,6677,6777,6645,6655,6811,6694,6624,6569,6671,6697,6642,6499,0,6755,6723,6785,6773,6772,6711,6713,6744,6614,6708,6637,6713,6618,6700,6685,6761,6648,6652,6618,6578,0,6736,6700,6681,6657,6795,6771,6758,6754,6654,6721,6669,6630,6634,6727,6626,6626,6680,6571,6637,6547,0,6799,6764,6730,6891,6719,6848,6812,6783,6791,6785,6764,6602,6762,6801,6719,6695,6617,6785,6575,6726,0,6690,6716,6668,6696,6629,6702,6727,6685,6669,6613,6582,6562,6560,6627,6512,6613,6543,6509,6512,6550,0,6806,6760,6718,6720,6732,6671,6662,6667,6594,6623,6693,6550,6611,6489,6676,6558,6526,6473,6545,6534,6508,0.5362,0.5277,0.5277,0.5277,0.5277,0.5277,0.5277,0.5277,0.5277,0.5277,0.5277,0.5277,0.5277,0.5277,0.5277,0.5277,0.5277,0.5277,0.5277,0.5277,0.0,0.5277,0.5277,0.5277,0.5277,0.5277,0.5277,0.5277,0.5277,0.5277,0.5277,0.5277,0.5277,0.5277,0.5277,0.5277,0.5277,0.5277,0.5277,0.5277,0.5277,0.0,0.5362,0.5362,0.5362,0.5362,0.5362,0.5362,0.5362,0.5362,0.5362,0.5362,0.5362,0.5362,0.5362,0.5362,0.5362,0.5362,0.5362,0.5362,0.5362,0.5362,0.0,0.5277,0.5277,0.5277,0.5277,0.5277,0.5277,0.5277,0.5277,0.5277,0.5277,0.5277,0.5277,0.5277,0.5277,0.5277,0.5277,0.5277,0.5277,0.5277,0.5277,0.0,0.5277,0.5277,0.5277,0.5277,0.5277,0.5277,0.5277,0.5277,0.5277,0.5277,0.5277,0.5277,0.5277,0.5277,0.5277,0.5277,0.5277,0.5277,0.5277,0.5277,0.0,0.5104,0.5104,0.5104,0.5104,0.5104,0.5104,0.5104,0.5104,0.5104,0.5104,0.5104,0.5104,0.5104,0.5104,0.5104,0.5104,0.5104,0.5104,0.5104,0.5104,0.5104,
50.46112680435181,6530,6664,6620,6549,6636,6462,6531,6491,6473,6516,6439,6454,6525,6436,6415,6384,6389,6408,6391,6358,0,6755,6723,6785,6773,6772,6711,6713,6744,6614,6708,6637,6713,6618,6700,6685,6761,6648,6652,6618,6578,0,6503,6461,6486,6437,6479,6428,6444,6410,6413,6378,6445,6427,6302,6394,6321,6364,6327,6338,6350,6358,0,6799,6764,6730,6891,6719,6848,6812,6783,6791,6785,6764,6602,6762,6801,6719,6695,6617,6785,6575,6726,0,6690,6716,6668,6696,6629,6702,6727,6685,6669,6613,6582,6562,6560,6627,6512,6613,6543,6509,6512,6550,0,6806,6760,6718,6720,6732,6671,6662,6667,6594,6623,6693,6550,6611,6489,6676,6558,6526,6473,6545,6534,6508,0.5016,0.5016,0.5016,0.5016,0.5016,0.5016,0.5016,0.5016,0.5016,0.5016,0.5016,0.5016,0.5016,0.5016,0.5016,0.5016,0.5016,0.5016,0.5016,0.5016,0.0,0.5277,0.5277,0.5277,0.5277,0.5277,0.5277,0.5277,0.5277,0.5277,0.5277,0.5277,0.5277,0.5277,0.5277,0.5277,0.5277,0.5277,0.5277,0.5277,0.5277,0.0,0.5191,0.4927,0.4927,0.4927,0.4927,0.4927,0.4927,0.4927,0.4927,0.4927,0.4927,0.4927,0.4927,0.4927,0.4927,0.4927,0.4927,0.4927,0.4927,0.4927,0.0,0.5277,0.5277,0.5277,0.5277,0.5277,0.5277,0.5277,0.5277,0.5277,0.5277,0.5277,0.5277,0.5277,0.5277,0.5277,0.5277,0.5277,0.5277,0.5277,0.5277,0.0,0.5277,0.5277,0.5277,0.5277,0.5277,0.5277,0.5277,0.5277,0.5277,0.5277,0.5277,0.5277,0.5277,0.5277,0.5277,0.5277,0.5277,0.5277,0.5277,0.5277,0.0,0.5104,0.5104,0.5104,0.5104,0.5104,0.5104,0.5104,0.5104,0.5104,0.5104,0.5104,0.5104,0.5104,0.5104,0.5104,0.5104,0.5104,0.5104,0.5104,0.5104,0.5104,
50.612791776657104,6530,6664,6620,6549,6636,6462,6531,6491,6473,6516,6439,6454,6525,6436,6415,6384,6389,6408,6391,6358,0,6533,6510,6551,6511,6469,6441,6499,6482,6400,6444,6415,6428,6376,6430,6389,6481,6335,6351,6335,6344,0,6503,6461,6486,6437,6479,6428,6444,6410,6413,6378,6445,6427,6302,6394,6321,6364,6327,6338,6350,6358,0,6589,6544,6493,6615,6474,6518,6483,6477,6497,6437,6432,6343,6432,6453,6352,6400,6374,6364,6393,6357,0,6487,6409,6430,6405,6421,6423,6457,6389,6374,6360,6351,6424,6362,6305,6297,6321,6402,6331,6251,6268,0,6538,6522,6478,6421,6436,6335,6393,6329,6311,6335,6346,6215,6266,6195,6325,6263,6210,6215,6218,6242,6188,0.5016,0.5016,0.5016,0.5016,0.5016,0.5016,0.5016,0.5016,0.5016,0.5016,0.5016,0.5016,0.5016,0.5016,0.5016,0.5016,0.5016,0.5016,0.5016,0.5016,0.0,0.5104,0.4837,0.4837,0.4837,0.4837,0.4837,0.4837,0.4837,0.4837,0.4837,0.4837,0.4837,0.4837,0.4837,0.4837,0.4837,0.4837,0.4837,0.4837,0.4837,0.0,0.5191,0.4927,0.4927,0.4927,0.4927,0.4927,0.4927,0.4927,0.4927,0.4927,0.4927,0.4927,0.4927,0.4927,0.4927,0.4927,0.4927,0.4927,0.4927,0.4927,0.0,0.5191,0.4927,0.4927,0.4927,0.4927,0.4927,0.4927,0.4927,0.4927,0.4927,0.4927,0.4927,0.4927,0.4927,0.4927,0.4927,0.4927,0.4927,0.4927,0.4927,0.0,0.5016,0.5016,0.5016,0.5016,0.5016,0.5016,0.5016,0.5016,0.5016,0.5016,0.5016,0.5016,0.5016,0.5016,0.5016,0.5016,0.5016,0.5016,0.5016,0.5016,0.0,0.5016,0.5016,0.5016,0.5016,0.5016,0.5016,0.5016,0.5016,0.5016,0.5016,0.5016,0.5016,0.5016,0.5016,0.5016,0.5016,0.5016,0.5016,0.5016,0.5016,0.5016,
50.764530181884766,6284,6216,6224,6260,6175,6246,6253,6191,6282,6167,6208,6227,6095,6098,6172,6151,6071,6132,6105,6144,0,6218,6299,6219,6187,6194,6148,6195,6086,6141,6112,6100,6077,6121,6073,6018,6056,6013,6005,5965,6012,0,6291,6286,6314,6286,6200,6171,6148,6153,6214,6095,6197,6238,6057,6085,6091,6109,6079,6073,6103,6150,0,6240,6301,6268,6160,6266,6141,6160,6134,6160,6080,6185,6150,6072,6133,6082,6176,6120,5983,6170,5974,0,6487,6409,6430,6405,6421,6423,6457,6389,6374,6360,6351,6424,6362,6305,6297,6321,6402,6331,6251,6268,0,6184,6179,6106,6050,6109,6050,6103,6000,6046,6038,5983,5929,5909,5963,5932,5927,5920,5908,5837,5881,5850,0.4654,0.4654,0.4654,0.4654,0.4654,0.4654,0.4654,0.4654,0.4654,0.4654,0.4654,0.4654,0.4654,0.4654,0.4654,0.4654,0.4654,0.4654,0.4654,0.4654,0.0,0.4837,0.4837,0.4837,0.4837,0.4837,0.4837,0.4837,0.4837,0.4837,0.4837,0.4837,0.4837,0.4837,0.4837,0.4837,0.4837,0.4837,0.4837,0.4837,0.4837,0.0,0.4837,0.4654,0.4654,0.4654,0.4654,0.4654,0.4654,0.4654,0.4654,0.4654,0.4654,0.4654,0.4654,0.4654,0.4654,0.4654,0.4654,0.4654,0.4654,0.4654,0.0,0.4837,0.4837,0.4837,0.4837,0.4837,0.4837,0.4837,0.4837,0.4837,0.4837,0.4837,0.4837,0.4837,0.4837,0.4837,0.4837,0.4837,0.4837,0.4837,0.4837,0.0,0.5016,0.5016,0.5016,0.5016,0.5016,0.5016,0.5016,0.5016,0.5016,0.5016,0.5016,0.5016,0.5016,0.5016,0.5016,0.5016,0.5016,0.5016,0.5016,0.5016,0.0,0.4654,0.4654,0.4654,0.4654,0.4654,0.4654,0.4654,0.4654,0.4654,0.4654,0.4654,0.4654,0.4654,0.4654,0.4654,0.4654,0.4654,0.4654,0.4654,0.4654,0.4654,
50.8660614490509,6284,6216,6224,6260,6175,6246,6253,6191,6282,6167,6208,6227,6095,6098,6172,6151,6071,6132,6105,6144,0,6218,6299,6219,6187,6194,6148,6195,6086,6141,6112,6100,6077,6121,6073,6018,6056,6013,6005,5965,6012,0,6291,6286,6314,6286,6200,6171,6148,6153,6214,6095,6197,6238,6057,6085,6091,6109,6079,6073,6103,6150,0,6240,6301,6268,6160,6266,6141,6160,6134,6160,6080,6185,6150,6072,6133,6082,6176,6120,5983,6170,5974,0,6487,6409,6430,6405,6421,6423,6457,6389,6374,6360,6351,6424,6362,6305,6297,6321,6402,6331,6251,6268,0,6184,6179,6106,6050,6109,6050,6103,6000,6046,6038,5983,5929,5909,5963,5932,5927,5920,5908,5837,5881,5850,0.4654,0.4654,0.4654,0.4654,0.4654,0.4654,0.4654,0.4654,0.4654,0.4654,0.4654,0.4654,0.4654,0.4654,0.4654,0.4654,0.4654,0.4654,0.4654,0.4654,0.0,0.4837,0.4837,0.4837,0.4837,0.4837,0.4837,0.4837,0.4837,0.4837,0.4837,0.4837,0.4837,0.4837,0.4837,0.4837,0.4837,0.4837,0.4837,0.4837,0.4837,0.0,0.4837,0.4654,0.4654,0.4654,0.4654,0.4654,0.4654,0.4654,0.4654,0.4654,0.4654,0.4654,0.4654,0.4654,0.4654,0.4654,0.4654,0.4654,0.4654,0.4654,0.0,0.4837,0.4837,0.4837,0.4837,0.4837,0.4837,0.4837,0.4837,0.4837,0.4837,0.4837,0.4837,0.4837,0.4837,0.4837,0.4837,0.4837,0.4837,0.4837,0.4837,0.0,0.5016,0.5016,0.5016,0.5016,0.5016,0.5016,0.5016,0.5016,0.5016,0.5016,0.5016,0.5016,0.5016,0.5016,0.5016,0.5016,0.5016,0.5016,0.5016,0.5016,0.0,0.4654,0.4654,0.4654,0.4654,0.4654,0.4654,0.4654,0.4654,0.4654,0.4654,0.4654,0.4654,0.4654,0.4654,0.4654,0.4654,0.4654,0.4654,0.4654,0.4654,0.4654,
50.96754860877991,6284,6216,6224,6260,6175,6246,6253,6191,6282,6167,6208,6227,6095,6098,6172,6151,6071,6132,6105,6144,0,6218,6299,6219,6187,6194,6148,6195,6086,6141,6112,6100,6077,6121,6073,6018,6056,6013,6005,5965,6012,0,6291,6286,6314,6286,6200,6171,6148,6153,6214,6095,6197,6238,6057,6085,6091,6109,6079,6073,6103,6150,0,6240,6301,6268,6160,6266,6141,6160,6134,6160,6080,6185,6150,6072,6133,6082,6176,6120,5983,6170,5974,0,6207,6111,6166,6101,6141,6110,6102,6083,6063,6029,6000,6098,6063,5942,6080,5953,6022,5958,5968,5927,0,6184,6179,6106,6050,6109,6050,6103,6000,6046,6038,5983,5929,5909,5963,5932,5927,5920,5908,5837,5881,5850,0.4654,0.4654,0.4654,0.4654,0.4654,0.4654,0.4654,0.4654,0.4654,0.4654,0.4654,0.4654,0.4654,0.4654,0.4654,0.4654,0.4654,0.4654,0.4654,0.4654,0.0,0.4837,0.4837,0.4837,0.4837,0.4837,0.4837,0.4837,0.4837,0.4837,0.4837,0.4837,0.4837,0.4837,0.4837,0.4837,0.4837,0.4837,0.4837,0.4837,0.4837,0.0,0.4837,0.4654,0.4654,0.4654,0.4654,0.4654,0.4654,0.4654,0.4654,0.4654,0.4654,0.4654,0.4654,0.4654,0.4654,0.4654,0.4654,0.4654,0.4654,0.4654,0.0,0.4837,0.4837,0.4837,0.4837,0.4837,0.4837,0.4837,0.4837,0.4837,0.4837,0.4837,0.4837,0.4837,0.4837,0.4837,0.4837,0.4837,0.4837,0.4837,0.4837,0.0,0.4654,0.4654,0.4654,0.4654,0.4654,0.4654,0.4654,0.4654,0.4654,0.4654,0.4654,0.4654,0.4654,0.4654,0.4654,0.4654,0.4654,0.4654,0.4654,0.4654,0.0,0.4654,0.4654,0.4654,0.4654,0.4654,0.4654,0.4654,0.4654,0.4654,0.4654,0.4654,0.4654,0.4654,0.4654,0.4654,0.4654,0.4654,0.4654,0.4654,0.4654,0.4654,
51.119253158569336,6027,5860,5885,5852,5832,5923,5865,5895,5923,5859,5840,5846,5664,5763,5789,5825,5690,5779,5718,5730,0,6218,6299,6219,6187,6194,6148,6195,6086,6141,6112,6100,6077,6121,6073,6018,6056,6013,6005,5965,6012,0,6036,6016,6040,6033,5897,5831,5784,5804,5837,5734,5794,5825,5807,5696,5670,5695,5661,5638,5676,5706,0,5947,6004,5986,5861,6009,5882,5894,5850,5838,5824,5899,5839,5799,5867,5806,5807,5750,5726,5775,5711,0,6207,6111,6166,6101,6141,6110,6102,6083,6063,6029,6000,6098,6063,5942,6080,5953,6022,5958,5968,5927,0,5841,5841,5764,5716,5763,5794,5752,5712,5731,5714,5679,5654,5650,5689,5581,5601,5599,5548,5470,5459,5544,0.4562,0.4376,0.4376,0.4376,0.4376,0.4376,0.4376,0.4376,0.4376,0.4376,0.4376,0.4376,0.4376,0.4376,0.4376,0.4376,0.4376,0.4376,0.4376,0.4376,0.0,0.4837,0.4837,0.4837,0.4837,0.4837,0.4837,0.4837,0.4837,0.4837,0.4837,0.4837,0.4837,0.4837,0.4837,0.4837,0.4837,0.4837,0.4837,0.4837,0.4837,0.0,0.4376,0.4376,0.4376,0.4376,0.4376,0.4376,0.4376,0.4376,0.4376,0.4376,0.4376,0.4376,0.4376,0.4376,0.4376,0.4376,0.4376,0.4376,0.4376,0.4376,0.0,0.4376,0.4376,0.4376,0.4376,0.4376,0.4376,0.4376,0.4376,0.4376,0.4376,0.4376,0.4376,0.4376,0.4376,0.4376,0.4376,0.4376,0.4376,0.4376,0.4376,0.0,0.4654,0.4654,0.4654,0.4654,0.4654,0.4654,0.4654,0.4654,0.4654,0.4654,0.4654,0.4654,0.4654,0.4654,0.4654,0.4654,0.4654,0.4654,0.4654,0.4654,0.0,0.4376,0.4376,0.4376,0.4376,0.4376,0.4376,0.4376,0.4376,0.4376,0.4376,0.4376,0.4376,0.4376,0.4376,0.4376,0.4376,0.4376,0.4376,0.4376,0.4376,0.4376,
51.2208948135376,6027,5860,5885,5852,5832,5923,5865,5895,5923,5859,5840,5846,5664,5763,5789,5825,5690,5779,5718,5730,0,5878,5904,5840,5792,5884,5782,5795,5679,5818,5725,5716,5674,5773,5651,5596,5629,5662,5623,5598,5626,0,6036,6016,6040,6033,5897,5831,5784,5804,5837,5734,5794,5825,5807,5696,5670,5695,5661,5638,5676,5706,0,5947,6004,5986,5861,6009,5882,5894,5850,5838,5824,5899,5839,5799,5867,5806,5807,5750,5726,5775,5711,0,6207,6111,6166,6101,6141,6110,6102,6083,6063,6029,6000,6098,6063,5942,6080,5953,6022,5958,5968,5927,0,5841,5841,5764,5716,5763,5794,5752,5712,5731,5714,5679,5654,5650,5689,5581,5601,5599,5548,5470,5459,5544,0.4562,0.4376,0.4376,0.4376,0.4376,0.4376,0.4376,0.4376,0.4376,0.4376,0.4376,0.4376,0.4376,0.4376,0.4376,0.4376,0.4376,0.4376,0.4376,0.4376,0.0,0.4376,0.4376,0.4376,0.4376,0.4376,0.4376,0.4376,0.4376,0.4376,0.4376,0.4376,0.4376,0.4376,0.4376,0.4376,0.4376,0.4376,0.4376,0.4376,0.4376,0.0,0.4376,0.4376,0.4376,0.4376,0.4376,0.4376,0.4376,0.4376,0.4376,0.4376,0.4376,0.4376,0.4376,0.4376,0.4376,0.4376,0.4376,0.4376,0.4376,0.4376,0.0,0.4376,0.4376,0.4376,0.4376,0.4376,0.4376,0.4376,0.4376,0.4376,0.4376,0.4376,0.4376,0.4376,0.4376,0.4376,0.4376,0.4376,0.4376,0.4376,0.4376,0.0,0.4654,0.4654,0.4654,0.4654,0.4654,0.4654,0.4654,0.4654,0.4654,0.4654,0.4654,0.4654,0.4654,0.4654,0.4654,0.4654,0.4654,0.4654,0.4654,0.4654,0.0,0.4376,0.4376,0.4376,0.4376,0.4376,0.4376,0.4376,0.4376,0.4376,0.4376,0.4376,0.4376,0.4376,0.4376,0.4376,0.4376,0.4376,0.4376,0.4376,0.4376,0.4376,
51.32241678237915,6027,5860,5885,5852,5832,5923,5865,5895,5923,5859,5840,5846,5664,5763,5789,5825,5690,5779,5718,5730,0,5878,5904,5840,5792,5884,5782,5795,5679,5818,5725,5716,5674,5773,5651,5596,5629,5662,5623,5598,5626,0,6036,6016,6040,6033,5897,5831,5784,5804,5837,5734,5794,5825,5807,5696,5670,5695,5661,5638,5676,5706,0,5947,6004,5986,5861,6009,5882,5894,5850,5838,5824,5899,5839,5799,5867,5806,5807,5750,5726,5775,5711,0,5855,5763,5779,5721,5714,5731,5668,5663,5657,5580,5539,5618,5589,5516,5613,5476,5523,5445,5491,5466,0,5841,5841,5764,5716,5763,5794,5752,5712,5731,5714,5679,5654,5650,5689,5581,5601,5599,5548,5470,5459,5544,0.4562,0.4376,0.4376,0.4376,0.4376,0.4376,0.4376,0.4376,0.4376,0.4376,0.4376,0.4376,0.4376,0.4376,0.4376,0.4376,0.4376,0.4376,0.4376,0.4376,0.0,0.4376,0.4376,0.4376,0.4376,0.4376,0.4376,0.4376,0.4376,0.4376,0.4376,0.4376,0.4376,0.4376,0.4376,0.4376,0.4376,0.4376,0.4376,0.4376,0.4376,0.0,0.4376,0.4376,0.4376,0.4376,0.4376,0.4376,0.4376,0.4376,0.4376,0.4376,0.4376,0.4376,0.4376,0.4376,0.4376,0.4376,0.4376,0.4376,0.4376,0.4376,0.0,0.4376,0.4376,0.4376,0.4376,0.4376,0.4376,0.4376,0.4376,0.4376,0.4376,0.4376,0.4376,0.4376,0.4376,0.4376,0.4376,0.4376,0.4376,0.4376,0.4376,0.0,0.4376,0.4094,0.4094,0.4094,0.4094,0.4094,0.4094,0.4094,0.4094,0.4094,0.4094,0.4094,0.4094,0.4094,0.4094,0.4094,0.4094,0.4094,0.4094,0.4094,0.0,0.4376,0.4376,0.4376,0.4376,0.4376,0.4376,0.4376,0.4376,0.4376,0.4376,0.4376,0.4376,0.4376,0.4376,0.4376,0.4376,0.4376,0.4376,0.4376,0.4376,0.4376,
51.423983573913574,5611,5487,5487,5429,5431,5469,5444,5451,5437,5445,5416,5378,5300,5307,5326,5374,5297,5279,5274,5235,0,5505,5521,5564,5477,5520,5456,5457,5407,5446,5401,5366,5402,5361,5290,5278,5332,5352,5309,5324,5259,0,5572,5555,5544,5527,5490,5419,5454,5400,5381,5372,5348,5370,5371,5397,5297,5296,5279,5252,5314,5243,0,5602,5565,5525,5551,5585,5578,5582,5502,5477,5459,5516,5430,5392,5474,5392,5336,5285,5323,5248,5283,0,5855,5763,5779,5721,5714,5731,5668,5663,5657,5580,5539,5618,5589,5516,5613,5476,5523,5445,5491,5466,0,5551,5507,5416,5447,5400,5481,5369,5405,5415,5436,5429,5363,5411,5316,5326,5330,5350,5313,5267,5226,5300,0.4094,0.4094,0.4094,0.4094,0.4094,0.4094,0.4094,0.4094,0.4094,0.4094,0.4094,0.4094,0.4094,0.4094,0.4094,0.4094,0.4094,0.4094,0.4094,0.4094,0.0,0.4188,0.3906,0.3906,0.3906,0.3906,0.3906,0.3906,0.3906,0.3906,0.3906,0.3906,0.3906,0.3906,0.3906,0.3906,0.3906,0.3906,0.3906,0.3906,0.3906,0.0,0.4282,0.4,0.4,0.4,0.4,0.4,0.4,0.4,0.4,0.4,0.4,0.4,0.4,0.4,0.4,0.4,0.4,0.4,0.4,0.4,0.0,0.4094,0.4094,0.4094,0.4094,0.4094,0.4094,0.4094,0.4094,0.4094,0.4094,0.4094,0.4094,0.4094,0.4094,0.4094,0.4094,0.4094,0.4094,0.4094,0.4094,0.0,0.4376,0.4094,0.4094,0.4094,0.4094,0.4094,0.4094,0.4094,0.4094,0.4094,0.4094,0.4094,0.4094,0.4094,0.4094,0.4094,0.4094,0.4094,0.4094,0.4094,0.0,0.4094,0.4094,0.4094,0.4094,0.4094,0.4094,0.4094,0.4094,0.4094,0.4094,0.4094,0.4094,0.4094,0.4094,0.4094,0.4094,0.4094,0.4094,0.4094,0.4094,0.4094,
51.57587194442749,5611,5487,5487,5429,5431,5469,5444,5451,5437,5445,5416,5378,5300,5307,5326,5374,5297,5279,5274,5235,0,5505,5521,5564,5477,5520,5456,5457,5407,5446,5401,5366,5402,5361,5290,5278,5332,5352,5309,5324,5259,0,5572,5555,5544,5527,5490,5419,5454,5400,5381,5372,5348,5370,5371,5397,5297,5296,5279,5252,5314,5243,0,5602,5565,5525,5551,5585,5578,5582,5502,5477,5459,5516,5430,5392,5474,5392,5336,5285,5323,5248,5283,0,5855,5763,5779,5721,5714,5731,5668,5663,5657,5580,5539,5618,5589,5516,5613,5476,5523,5445,5491,5466,0,5551,5507,5416,5447,5400,5481,5369,5405,5415,5436,5429,5363,5411,5316,5326,5330,5350,5313,5267,5226,5300,0.4094,0.4094,0.4094,0.4094,0.4094,0.4094,0.4094,0.4094,0.4094,0.4094,0.4094,0.4094,0.4094,0.4094,0.4094,0.4094,0.4094,0.4094,0.4094,0.4094,0.0,0.4188,0.3906,0.3906,0.3906,0.3906,0.3906,0.3906,0.3906,0.3906,0.3906,0.3906,0.3906,0.3906,0.3906,0.3906,0.3906,0.3906,0.3906,0.3906,0.3906,0.0,0.4282,0.4,0.4,0.4,0.4,0.4,0.4,0.4,0.4,0.4,0.4,0.4,0.4,0.4,0.4,0.4,0.4,0.4,0.4,0.4,0.0,0.4094,0.4094,0.4094,0.4094,0.4094,0.4094,0.4094,0.4094,0.4094,0.4094,0.4094,0.4094,0.4094,0.4094,0.4094,0.4094,0.4094,0.4094,0.4094,0.4094,0.0,0.4376,0.4094,0.4094,0.4094,0.4094,0.4094,0.4094,0.4094,0.4094,0.4094,0.4094,0.4094,0.4094,0.4094,0.4094,0.4094,0.4094,0.4094,0.4094,0.4094,0.0,0.4094,0.4094,0.4094,0.4094,0.4094,0.4094,0.4094,0.4094,0.4094,0.4094,0.4094,0.4094,0.4094,0.4094,0.4094,0.4094,0.4094,0.4094,0.4094,0.4094,0.4094,
51.67743492126465,5611,5487,5487,5429,5431,5469,5444,5451,5437,5445,5416,5378,5300,5307,5326,5374,5297,5279,5274,5235,0,5505,5521,5564,5477,5520,5456,5457,5407,5446,5401,5366,5402,5361,5290,5278,5332,5352,5309,5324,5259,0,5572,5555,5544,5527,5490,5419,5454,5400,5381,5372,5348,5370,5371,5397,5297,5296,5279,5252,5314,5243,0,5602,5565,5525,5551,5585,5578,5582,5502,5477,5459,5516,5430,5392,5474,5392,5336,5285,5323,5248,5283,0,5330,5330,5291,5312,5236,5216,5304,5210,5200,5129,5074,5111,5118,5073,5060,5013,4997,4945,5002,4947,0,5551,5507,5416,5447,5400,5481,5369,5405,5415,5436,5429,5363,5411,5316,5326,5330,5350,5313,5267,5226,5300,0.4094,0.4094,0.4094,0.4094,0.4094,0.4094,0.4094,0.4094,0.4094,0.4094,0.4094,0.4094,0.4094,0.4094,0.4094,0.4094,0.4094,0.4094,0.4094,0.4094,0.0,0.4188,0.3906,0.3906,0.3906,0.3906,0.3906,0.3906,0.3906,0.3906,0.3906,0.3906,0.3906,0.3906,0.3906,0.3906,0.3906,0.3906,0.3906,0.3906,0.3906,0.0,0.4282,0.4,0.4,0.4,0.4,0.4,0.4,0.4,0.4,0.4,0.4,0.4,0.4,0.4,0.4,0.4,0.4,0.4,0.4,0.4,0.0,0.4094,0.4094,0.4094,0.4094,0.4094,0.4094,0.4094,0.4094,0.4094,0.4094,0.4094,0.4094,0.4094,0.4094,0.4094,0.4094,0.4094,0.4094,0.4094,0.4094,0.0,0.3812,0.3812,0.3812,0.3812,0.3812,0.3812,0.3812,0.3812,0.3812,0.3812,0.3812,0.3812,0.3812,0.3812,0.3812,0.3812,0.3812,0.3812,0.3812,0.3812,0.0,0.4094,0.4094,0.4094,0.4094,0.4094,0.4094,0.4094,0.4094,0.4094,0.4094,0.4094,0.4094,0.4094,0.4094,0.4094,0.4094,0.4094,0.4094,0.4094,0.4094,0.4094,
51.77895474433899,5193,5209,5130,5087,5096,5037,5097,5033,5001,5060,5019,4973,5030,4932,4932,4943,4928,4864,4859,4799,0,5505,5521,5564,5477,5520,5456,5457,5407,5446,5401,5366,5402,5361,5290,5278,5332,5352,5309,5324,5259,0,5572,5555,5544,5527,5490,5419,5454,5400,5381,5372,5348,5370,5371,5397,5297,5296,5279,5252,5314,5243,0,5602,5565,5525,5551,5585,5578,5582,5502,5477,5459,5516,5430,5392,5474,5392,5336,5285,5323,5248,5283,0,5330,5330,5291,5312,5236,5216,5304,5210,5200,5129,5074,5111,5118,5073,5060,5013,4997,4945,5002,4947,0,5350,5180,5175,5244,5140,5165,5125,5191,5095,5096,5101,5080,5084,4964,5076,5039,5059,4982,4941,4926,4876,0.3718,0.3718,0.3718,0.3718,0.3718,0.3718,0.3718,0.3718,0.3718,0.3718,0.3718,0.3718,0.3718,0.3718,0.3718,0.3718,0.3718,0.3718,0.3718,0.3718,0.0,0.4188,0.3906,0.3906,0.3906,0.3906,0.3906,0.3906,0.3906,0.3906,0.3906,0.3906,0.3906,0.3906,0.3906,0.3906,0.3906,0.3906,0.3906,0.3906,0.3906,0.0,0.4282,0.4,0.4,0.4,0.4,0.4,0.4,0.4,0.4,0.4,0.4,0.4,0.4,0.4,0.4,0.4,0.4,0.4,0.4,0.4,0.0,0.4094,0.4094,0.4094,0.4094,0.4094,0.4094,0.4094,0.4094,0.4094,0.4094,0.4094,0.4094,0.4094,0.4094,0.4094,0.4094,0.4094,0.4094,0.4094,0.4094,0.0,0.3812,0.3812,0.3812,0.3812,0.3812,0.3812,0.3812,0.3812,0.3812,0.3812,0.3812,0.3812,0.3812,0.3812,0.3812,0.3812,0.3812,0.3812,0.3812,0.3812,0.0,0.3718,0.3718,0.3718,0.3718,0.3718,0.3718,0.3718,0.3718,0.3718,0.3718,0.3718,0.3718,0.3718,0.3718,0.3718,0.3718,0.3718,0.3718,0.3718,0.3718,0.3718,
51.93065094947815,5193,5209,5130,5087,5096,5037,5097,5033,5001,5060,5019,4973,5030,4932,4932,4943,4928,4864,4859,4799,0,5165,5200,5211,5197,5129,5077,5129,5116,5066,5080,5017,5083,4939,5014,4997,4966,4960,4889,4893,4849,0,5149,5135,5068,5063,5178,5096,5120,5123,5027,5056,5020,5023,4924,5038,5024,4926,4957,4916,4918,4804,0,5161,5093,5049,5115,5083,5108,5086,5033,5013,4990,4976,4950,4936,4939,4867,4848,4830,4834,4746,4808,0,5330,5330,5291,5312,5236,5216,5304,5210,5200,5129,5074,5111,5118,5073,5060,5013,4997,4945,5002,4947,0,5350,5180,5175,5244,5140,5165,5125,5191,5095,5096,5101,5080,5084,4964,5076,5039,5059,4982,4941,4926,4876,0.3718,0.3718,0.3718,0.3718,0.3718,0.3718,0.3718,0.3718,0.3718,0.3718,0.3718,0.3718,0.3718,0.3718,0.3718,0.3718,0.3718,0.3718,0.3718,0.3718,0.0,0.3718,0.3718,0.3718,0.3718,0.3718,0.3718,0.3718,0.3718,0.3718,0.3718,0.3718,0.3718,0.3718,0.3718,0.3718,0.3718,0.3718,0.3718,0.3718,0.3718,0.0,0.3718,0.3718,0.3718,0.3718,0.3718,0.3718,0.3718,0.3718,0.3718,0.3718,0.3718,0.3718,0.3718,0.3718,0.3718,0.3718,0.3718,0.3718,0.3718,0.3718,0.0,0.3718,0.3718,0.3718,0.3718,0.3718,0.3718,0.3718,0.3718,0.3718,0.3718,0.3718,0.3718,0.3718,0.3718,0.3718,0.3718,0.3718,0.3718,0.3718,0.3718,0.0,0.3812,0.3812,0.3812,0.3812,0.3812,0.3812,0.3812,0.3812,0.3812,0.3812,0.3812,0.3812,0.3812,0.3812,0.3812,0.3812,0.3812,0.3812,0.3812,0.3812,0.0,0.3718,0.3718,0.3718,0.3718,0.3718,0.3718,0.3718,0.3718,0.3718,0.3718,0.3718,0.3718,0.3718,0.3718,0.3718,0.3718,0.3718,0.3718,0.3718,0.3718,0.3718,
52.03217267990112,5193,5209,5130,5087,5096,5037,5097,5033,5001,5060,5019,4973,5030,4932,4932,4943,4928,4864,4859,4799,0,5165,5200,5211,5197,5129,5077,5129,5116,5066,5080,5017,5083,4939,5014,4997,4966,4960,4889,4893,4849,0,5149,5135,5068,5063,5178,5096,5120,5123,5027,5056,5020,5023,4924,5038,5024,4926,4957,4916,4918,4804,0,5161,5093,5049,5115,5083,5108,5086,5033,5013,4990,4976,4950,4936,4939,4867,4848,4830,4834,4746,4808,0,5330,5330,5291,5312,5236,5216,5304,5210,5200,5129,5074,5111,5118,5073,5060,5013,4997,4945,5002,4947,0,5350,5180,5175,5244,5140,5165,5125,5191,5095,5096,5101,5080,5084,4964,5076,5039,5059,4982,4941,4926,4876,0.3718,0.3718,0.3718,0.3718,0.3718,0.3718,0.3718,0.3718,0.3718,0.3718,0.3718,0.3718,0.3718,0.3718,0.3718,0.3718,0.3718,0.3718,0.3718,0.3718,0.0,0.3718,0.3718,0.3718,0.3718,0.3718,0.3718,0.3718,0.3718,0.3718,0.3718,0.3718,0.3718,0.3718,0.3718,0.3718,0.3718,0.3718,0.3718,0.3718,0.3718,0.0,0.3718,0.3718,0.3718,0.3718,0.3718,0.3718,0.3718,0.3718,0.3718,0.3718,0.3718,0.3718,0.3718,0.3718,0.3718,0.3718,0.3718,0.3718,0.3718,0.3718,0.0,0.3718,0.3718,0.3718,0.3718,0.3718,0.3718,0.3718,0.3718,0.3718,0.3718,0.3718,0.3718,0.3718,0.3718,0.3718,0.3718,0.3718,0.3718,0.3718,0.3718,0.0,0.3812,0.3812,0.3812,0.3812,0.3812,0.3812,0.3812,0.3812,0.3812,0.3812,0.3812,0.3812,0.3812,0.3812,0.3812,0.3812,0.3812,0.3812,0.3812,0.3812,0.0,0.3718,0.3718,0.3718,0.3718,0.3718,0.3718,0.3718,0.3718,0.3718,0.3718,0.3718,0.3718,0.3718,0.3718,0.3718,0.3718,0.3718,0.3718,0.3718,0.3718,0.3718,
52.234158515930176,4778,4780,4739,4726,4697,4624,4689,4666,4609,4625,4627,4593,4566,4528,4544,4522,4479,4482,4438,4451,0,5165,5200,5211,5197,5129,5077,5129,5116,5066,5080,5017,5083,4939,5014,4997,4966,4960,4889,4893,4849,0,4765,4708,4722,4673,4742,4650,4680,4701,4618,4643,4589,4613,4553,4560,4547,4519,4558,4482,4499,4502,0,4682,4664,4575,4636,4612,4594,4557,4533,4541,4555,4483,4470,4495,4444,4430,4434,4365,8741,4382,4361,0,4851,4903,4818,4846,4736,4739,4826,4752,4743,4679,4706,4669,4672,4660,4633,4624,4544,4546,4563,4514,0,4949,4844,4830,4844,4758,4748,4772,4745,4653,4641,4656,4631,4602,4582,4634,4590,4586,4554,4480,4497,4375,0.3346,0.3346,0.3346,0.3346,0.3346,0.3346,0.3346,0.3346,0.3346,0.3346,0.3346,0.3346,0.3346,0.3346,0.3346,0.3346,0.3346,0.3346,0.3346,0.3346,0.0,0.3718,0.3718,0.3718,0.3718,0.3718,0.3718,0.3718,0.3718,0.3718,0.3718,0.3718,0.3718,0.3718,0.3718,0.3718,0.3718,0.3718,0.3718,0.3718,0.3718,0.0,0.3346,0.3346,0.3346,0.3346,0.3346,0.3346,0.3346,0.3346,0.3346,0.3346,0.3346,0.3346,0.3346,0.3346,0.3346,0.3346,0.3346,0.3346,0.3346,0.3346,0.0,0.3346,0.3346,0.3346,0.3346,0.3346,0.3346,0.3346,0.3346,0.3346,0.3346,0.3346,0.3346,0.3346,0.3346,0.3346,0.3346,0.3346,0.3346,0.3346,0.3346,0.0,0.3531,0.3531,0.3531,0.3531,0.3531,0.3531,0.3531,0.3531,0.3531,0.3531,0.3531,0.3531,0.3531,0.3531,0.3531,0.3531,0.3531,0.3531,0.3531,0.3531,0.0,0.3438,0.3438,0.3438,0.3438,0.3438,0.3438,0.3438,0.3438,0.3438,0.3438,0.3438,0.3438,0.3438,0.3438,0.3438,0.3438,0.3438,0.3438,0.3438,0.3438,0.3438,
52.38588571548462,4778,4780,4739,4726,4697,4624,4689,4666,4609,4625,4627,4593,4566,4528,4544,4522,4479,4482,4438,4451,0,4785,4731,4737,4734,4694,4630,4668,4634,4615,4640,4545,4590,4503,4558,4504,4507,4478,4439,4390,4369,0,4765,4708,4722,4673,4742,4650,4680,4701,4618,4643,4589,4613,4553,4560,4547,4519,4558,4482,4499,4502,0,4682,4664,4575,4636,4612,4594,4557,4533,4541,4555,4483,4470,4495,4444,4430,4434,4365,8741,4382,4361,0,4851,4903,4818,4846,4736,4739,4826,4752,4743,4679,4706,4669,4672,4660,4633,4624,4544,4546,4563,4514,0,4949,4844,4830,4844,4758,4748,4772,4745,4653,4641,4656,4631,4602,4582,4634,4590,4586,4554,4480,4497,4375,0.3346,0.3346,0.3346,0.3346,0.3346,0.3346,0.3346,0.3346,0.3346,0.3346,0.3346,0.3346,0.3346,0.3346,0.3346,0.3346,0.3346,0.3346,0.3346,0.3346,0.0,0.3346,0.3346,0.3346,0.3346,0.3346,0.3346,0.3346,0.3346,0.3346,0.3346,0.3346,0.3346,0.3346,0.3346,0.3346,0.3346,0.3346,0.3346,0.3346,0.3346,0.0,0.3346,0.3346,0.3346,0.3346,0.3346,0.3346,0.3346,0.3346,0.3346,0.3346,0.3346,0.3346,0.3346,0.3346,0.3346,0.3346,0.3346,0.3346,0.3346,0.3346,0.0,0.3346,0.3346,0.3346,0.3346,0.3346,0.3346,0.3346,0.3346,0.3346,0.3346,0.3346,0.3346,0.3346,0.3346,0.3346,0.3346,0.3346,0.3346,0.3346,0.3346,0.0,0.3531,0.3531,0.3531,0.3531,0.3531,0.3531,0.3531,0.3531,0.3531,0.3531,0.3531,0.3531,0.3531,0.3531,0.3531,0.3531,0.3531,0.3531,0.3531,0.3531,0.0,0.3438,0.3438,0.3438,0.3438,0.3438,0.3438,0.3438,0.3438,0.3438,0.3438,0.3438,0.3438,0.3438,0.3438,0.3438,0.3438,0.3438,0.3438,0.3438,0.3438,0.3438,
52.4874107837677,4778,4780,4739,4726,4697,4624,4689,4666,4609,4625,4627,4593,4566,4528,4544,4522,4479,4482,4438,4451,0,4785,4731,4737,4734,4694,4630,4668,4634,4615,4640,4545,4590,4503,4558,4504,4507,4478,4439,4390,4369,0,4765,4708,4722,4673,4742,4650,4680,4701,4618,4643,4589,4613,4553,4560,4547,4519,4558,4482,4499,4502,0,4682,4664,4575,4636,4612,4594,4557,4533,4541,4555,4483,4470,4495,4444,4430,4434,4365,8741,4382,4361,0,4525,4491,4425,4429,4400,4446,4356,4369,4354,4373,4325,4312,4330,4316,4294,4263,4308,4248,4245,4184,0,4949,4844,4830,4844,4758,4748,4772,4745,4653,4641,4656,4631,4602,4582,4634,4590,4586,4554,4480,4497,4375,0.3346,0.3346,0.3346,0.3346,0.3346,0.3346,0.3346,0.3346,0.3346,0.3346,0.3346,0.3346,0.3346,0.3346,0.3346,0.3346,0.3346,0.3346,0.3346,0.3346,0.0,0.3346,0.3346,0.3346,0.3346,0.3346,0.3346,0.3346,0.3346,0.3346,0.3346,0.3346,0.3346,0.3346,0.3346,0.3346,0.3346,0.3346,0.3346,0.3346,0.3346,0.0,0.3346,0.3346,0.3346,0.3346,0.3346,0.3346,0.3346,0.3346,0.3346,0.3346,0.3346,0.3346,0.3346,0.3346,0.3346,0.3346,0.3346,0.3346,0.3346,0.3346,0.0,0.3346,0.3346,0.3346,0.3346,0.3346,0.3346,0.3346,0.3346,0.3346,0.3346,0.3346,0.3346,0.3346,0.3346,0.3346,0.3346,0.3346,0.3346,0.3346,0.3346,0.0,0.2984,0.2984,0.2984,0.2984,0.2984,0.2984,0.2984,0.2984,0.2984,0.2984,0.2984,0.2984,0.2984,0.2984,0.2984,0.2984,0.2984,0.2984,0.2984,0.2984,0.0,0.3438,0.3438,0.3438,0.3438,0.3438,0.3438,0.3438,0.3438,0.3438,0.3438,0.3438,0.3438,0.3438,0.3438,0.3438,0.3438,0.3438,0.3438,0.3438,0.3438,0.3438,
52.639078855514526,4778,4780,4739,4726,4697,4624,4689,4666,4609,4625,4627,4593,4566,4528,4544,4522,4479,4482,4438,4451,0,4785,4731,4737,4734,4694,4630,4668,4634,4615,4640,4545,4590,4503,4558,4504,4507,4478,4439,4390,4369,0,4765,4708,4722,4673,4742,4650,4680,4701,4618,4643,4589,4613,4553,4560,4547,4519,4558,4482,4499,4502,0,4682,4664,4575,4636,4612,4594,4557,4533,4541,4555,4483,4470,4495,4444,4430,4434,4365,8741,4382,4361,0,4525,4491,4425,4429,4400,4446,4356,4369,4354,4373,4325,4312,4330,4316,4294,4263,4308,4248,4245,4184,0,4455,4430,4385,4386,4362,4312,4343,4275,4226,4234,4252,4191,4143,4212,4172,4098,4087,4046,4020,4044,4058,0.3346,0.3346,0.3346,0.3346,0.3346,0.3346,0.3346,0.3346,0.3346,0.3346,0.3346,0.3346,0.3346,0.3346,0.3346,0.3346,0.3346,0.3346,0.3346,0.3346,0.0,0.3346,0.3346,0.3346,0.3346,0.3346,0.3346,0.3346,0.3346,0.3346,0.3346,0.3346,0.3346,0.3346,0.3346,0.3346,0.3346,0.3346,0.3346,0.3346,0.3346,0.0,0.3346,0.3346,0.3346,0.3346,0.3346,0.3346,0.3346,0.3346,0.3346,0.3346,0.3346,0.3346,0.3346,0.3346,0.3346,0.3346,0.3346,0.3346,0.3346,0.3346,0.0,0.3346,0.3346,0.3346,0.3346,0.3346,0.3346,0.3346,0.3346,0.3346,0.3346,0.3346,0.3346,0.3346,0.3346,0.3346,0.3346,0.3346,0.3346,0.3346,0.3346,0.0,0.2984,0.2984,0.2984,0.2984,0.2984,0.2984,0.2984,0.2984,0.2984,0.2984,0.2984,0.2984,0.2984,0.2984,0.2984,0.2984,0.2984,0.2984,0.2984,0.2984,0.0,0.3073,0.3073,0.3073,0.3073,0.3073,0.3073,0.3073,0.3073,0.3073,0.3073,0.3073,0.3073,0.3073,0.3073,0.3073,0.3073,0.3073,0.3073,0.3073,0.3073,0.3073,
52.740646839141846,4376,4286,4345,4299,4252,4247,4218,4218,4205,4188,4185,4148,4084,4086,4078,4073,4049,4061,3976,4008,0,4311,4248,4270,4189,4215,4131,4161,4114,4110,4107,4048,4076,4036,4061,3942,3975,3938,3928,3861,3872,0,4361,4297,4347,4328,4297,4196,4206,4242,4193,4182,4170,4202,4087,4079,4007,4040,4005,3959,4029,4039,0,4263,4289,4220,4213,4201,4165,4132,4111,4093,4125,4112,4023,4064,4045,3990,3997,3903,3926,3927,3889,0,4525,4491,4425,4429,4400,4446,4356,4369,4354,4373,4325,4312,4330,4316,4294,4263,4308,4248,4245,4184,0,4455,4430,4385,4386,4362,4312,4343,4275,4226,4234,4252,4191,4143,4212,4172,4098,4087,4046,4020,4044,4058,0.2896,0.2896,0.2896,0.2896,0.2896,0.2896,0.2896,0.2896,0.2896,0.2896,0.2896,0.2896,0.2896,0.2896,0.2896,0.2896,0.2896,0.2896,0.2896,0.2896,0.0,0.2896,0.2896,0.2896,0.2896,0.2896,0.2896,0.2896,0.2896,0.2896,0.2896,0.2896,0.2896,0.2896,0.2896,0.2896,0.2896,0.2896,0.2896,0.2896,0.2896,0.0,0.2984,0.2984,0.2984,0.2984,0.2984,0.2984,0.2984,0.2984,0.2984,0.2984,0.2984,0.2984,0.2984,0.2984,0.2984,0.2984,0.2984,0.2984,0.2984,0.2984,0.0,0.2896,0.2896,0.2896,0.2896,0.2896,0.2896,0.2896,0.2896,0.2896,0.2896,0.2896,0.2896,0.2896,0.2896,0.2896,0.2896,0.2896,0.2896,0.2896,0.2896,0.0,0.2984,0.2984,0.2984,0.2984,0.2984,0.2984,0.2984,0.2984,0.2984,0.2984,0.2984,0.2984,0.2984,0.2984,0.2984,0.2984,0.2984,0.2984,0.2984,0.2984,0.0,0.3073,0.3073,0.3073,0.3073,0.3073,0.3073,0.3073,0.3073,0.3073,0.3073,0.3073,0.3073,0.3073,0.3073,0.3073,0.3073,0.3073,0.3073,0.3073,0.3073,0.3073,
52.84219694137573,4376,4286,4345,4299,4252,4247,4218,4218,4205,4188,4185,4148,4084,4086,4078,4073,4049,4061,3976,4008,0,4311,4248,4270,4189,4215,4131,4161,4114,4110,4107,4048,4076,4036,4061,3942,3975,3938,3928,3861,3872,0,4361,4297,4347,4328,4297,4196,4206,4242,4193,4182,4170,4202,4087,4079,4007,4040,4005,3959,4029,4039,0,4263,4289,4220,4213,4201,4165,4132,4111,4093,4125,4112,4023,4064,4045,3990,3997,3903,3926,3927,3889,0,4525,4491,4425,4429,4400,4446,4356,4369,4354,4373,4325,4312,4330,4316,4294,4263,4308,4248,4245,4184,0,4455,4430,4385,4386,4362,4312,4343,4275,4226,4234,4252,4191,4143,4212,4172,4098,4087,4046,4020,4044,4058,0.2896,0.2896,0.2896,0.2896,0.2896,0.2896,0.2896,0.2896,0.2896,0.2896,0.2896,0.2896,0.2896,0.2896,0.2896,0.2896,0.2896,0.2896,0.2896,0.2896,0.0,0.2896,0.2896,0.2896,0.2896,0.2896,0.2896,0.2896,0.2896,0.2896,0.2896,0.2896,0.2896,0.2896,0.2896,0.2896,0.2896,0.2896,0.2896,0.2896,0.2896,0.0,0.2984,0.2984,0.2984,0.2984,0.2984,0.2984,0.2984,0.2984,0.2984,0.2984,0.2984,0.2984,0.2984,0.2984,0.2984,0.2984,0.2984,0.2984,0.2984,0.2984,0.0,0.2896,0.2896,0.2896,0.2896,0.2896,0.2896,0.2896,0.2896,0.2896,0.2896,0.2896,0.2896,0.2896,0.2896,0.2896,0.2896,0.2896,0.2896,0.2896,0.2896,0.0,0.2984,0.2984,0.2984,0.2984,0.2984,0.2984,0.2984,0.2984,0.2984,0.2984,0.2984,0.2984,0.2984,0.2984,0.2984,0.2984,0.2984,0.2984,0.2984,0.2984,0.0,0.3073,0.3073,0.3073,0.3073,0.3073,0.3073,0.3073,0.3073,0.3073,0.3073,0.3073,0.3073,0.3073,0.3073,0.3073,0.3073,0.3073,0.3073,0.3073,0.3073,0.3073,
52.94372320175171,4376,4286,4345,4299,4252,4247,4218,4218,4205,4188,4185,4148,4084,4086,4078,4073,4049,4061,3976,4008,0,4311,4248,4270,4189,4215,4131,4161,4114,4110,4107,4048,4076,4036,4061,3942,3975,3938,3928,3861,3872,0,4361,4297,4347,4328,4297,4196,4206,4242,4193,4182,4170,4202,4087,4079,4007,4040,4005,3959,4029,4039,0,4263,4289,4220,4213,4201,4165,4132,4111,4093,4125,4112,4023,4064,4045,3990,3997,3903,3926,3927,3889,0,4525,4491,4425,4429,4400,4446,4356,4369,4354,4373,4325,4312,4330,4316,4294,4263,4308,4248,4245,4184,0,4455,4430,4385,4386,4362,4312,4343,4275,4226,4234,4252,4191,4143,4212,4172,4098,4087,4046,4020,4044,4058,0.2896,0.2896,0.2896,0.2896,0.2896,0.2896,0.2896,0.2896,0.2896,0.2896,0.2896,0.2896,0.2896,0.2896,0.2896,0.2896,0.2896,0.2896,0.2896,0.2896,0.0,0.2896,0.2896,0.2896,0.2896,0.2896,0.2896,0.2896,0.2896,0.2896,0.2896,0.2896,0.2896,0.2896,0.2896,0.2896,0.2896,0.2896,0.2896,0.2896,0.2896,0.0,0.2984,0.2984,0.2984,0.2984,0.2984,0.2984,0.2984,0.2984,0.2984,0.2984,0.2984,0.2984,0.2984,0.2984,0.2984,0.2984,0.2984,0.2984,0.2984,0.2984,0.0,0.2896,0.2896,0.2896,0.2896,0.2896,0.2896,0.2896,0.2896,0.2896,0.2896,0.2896,0.2896,0.2896,0.2896,0.2896,0.2896,0.2896,0.2896,0.2896,0.2896,0.0,0.2984,0.2984,0.2984,0.2984,0.2984,0.2984,0.2984,0.2984,0.2984,0.2984,0.2984,0.2984,0.2984,0.2984,0.2984,0.2984,0.2984,0.2984,0.2984,0.2984,0.0,0.3073,0.3073,0.3073,0.3073,0.3073,0.3073,0.3073,0.3073,0.3073,0.3073,0.3073,0.3073,0.3073,0.3073,0.3073,0.3073,0.3073,0.3073,0.3073,0.3073,0.3073,
53.04526734352112,4376,4286,4345,4299,4252,4247,4218,4218,4205,4188,4185,4148,4084,4086,4078,4073,4049,4061,3976,4008,0,4311,4248,4270,4189,4215,4131,4161,4114,4110,4107,4048,4076,4036,4061,3942,3975,3938,3928,3861,3872,0,4361,4297,4347,4328,4297,4196,4206,4242,4193,4182,4170,4202,4087,4079,4007,4040,4005,3959,4029,4039,0,4263,4289,4220,4213,4201,4165,4132,4111,4093,4125,4112,4023,4064,4045,3990,3997,3903,3926,3927,3889,0,4154,4085,4068,4025,4040,4055,3938,3926,3930,3978,3844,3836,3852,3804,3820,3779,3809,3767,3722,3678,0,4001,3941,3904,3873,3914,3866,3891,3806,3805,3865,3814,3750,3725,3755,3679,3622,3597,3592,3543,3574,3598,0.2896,0.2896,0.2896,0.2896,0.2896,0.2896,0.2896,0.2896,0.2896,0.2896,0.2896,0.2896,0.2896,0.2896,0.2896,0.2896,0.2896,0.2896,0.2896,0.2896,0.0,0.2896,0.2896,0.2896,0.2896,0.2896,0.2896,0.2896,0.2896,0.2896,0.2896,0.2896,0.2896,0.2896,0.2896,0.2896,0.2896,0.2896,0.2896,0.2896,0.2896,0.0,0.2984,0.2984,0.2984,0.2984,0.2984,0.2984,0.2984,0.2984,0.2984,0.2984,0.2984,0.2984,0.2984,0.2984,0.2984,0.2984,0.2984,0.2984,0.2984,0.2984,0.0,0.2896,0.2896,0.2896,0.2896,0.2896,0.2896,0.2896,0.2896,0.2896,0.2896,0.2896,0.2896,0.2896,0.2896,0.2896,0.2896,0.2896,0.2896,0.2896,0.2896,0.0,0.2723,0.2555,0.2555,0.2555,0.2555,0.2555,0.2555,0.2555,0.2555,0.2555,0.2555,0.2555,0.2555,0.2555,0.2555,0.2555,0.2555,0.2555,0.2555,0.2555,0.0,0.2723,0.2723,0.2723,0.2723,0.2723,0.2723,0.2723,0.2723,0.2723,0.2723,0.2723,0.2723,0.2723,0.2723,0.2723,0.2723,0.2723,0.2723,0.2723,0.2723,0.2723,
53.14679551124573,3895,3800,3849,3789,3763,3760,3716,3728,3738,3714,3706,3659,3593,3625,3575,3594,3537,3553,3501,3494,0,4311,4248,4270,4189,4215,4131,4161,4114,4110,4107,4048,4076,4036,4061,3942,3975,3938,3928,3861,3872,0,3868,3892,3891,3840,3751,3684,3713,3703,3668,3655,3654,3662,3610,3570,3485,3538,3470,3435,3510,3496,0,4263,4289,4220,4213,4201,4165,4132,4111,4093,4125,4112,4023,4064,4045,3990,3997,3903,3926,3927,3889,0,4154,4085,4068,4025,4040,4055,3938,3926,3930,3978,3844,3836,3852,3804,3820,3779,3809,3767,3722,3678,0,4001,3941,3904,3873,3914,3866,3891,3806,3805,3865,3814,3750,3725,3755,3679,3622,3597,3592,3543,3574,3598,0.2638,0.2393,0.2393,0.2393,0.2393,0.2393,0.2393,0.2393,0.2393,0.2393,0.2393,0.2393,0.2393,0.2393,0.2393,0.2393,0.2393,0.2393,0.2393,0.2393,0.0,0.2896,0.2896,0.2896,0.2896,0.2896,0.2896,0.2896,0.2896,0.2896,0.2896,0.2896,0.2896,0.2896,0.2896,0.2896,0.2896,0.2896,0.2896,0.2896,0.2896,0.0,0.2555,0.2555,0.2555,0.2555,0.2555,0.2555,0.2555,0.2555,0.2555,0.2555,0.2555,0.2555,0.2555,0.2555,0.2555,0.2555,0.2555,0.2555,0.2555,0.2555,0.0,0.2896,0.2896,0.2896,0.2896,0.2896,0.2896,0.2896,0.2896,0.2896,0.2896,0.2896,0.2896,0.2896,0.2896,0.2896,0.2896,0.2896,0.2896,0.2896,0.2896,0.0,0.2723,0.2555,0.2555,0.2555,0.2555,0.2555,0.2555,0.2555,0.2555,0.2555,0.2555,0.2555,0.2555,0.2555,0.2555,0.2555,0.2555,0.2555,0.2555,0.2555,0.0,0.2723,0.2723,0.2723,0.2723,0.2723,0.2723,0.2723,0.2723,0.2723,0.2723,0.2723,0.2723,0.2723,0.2723,0.2723,0.2723,0.2723,0.2723,0.2723,0.2723,0.2723,
53.24839162826538,3895,3800,3849,3789,3763,3760,3716,3728,3738,3714,3706,3659,3593,3625,3575,3594,3537,3553,3501,3494,0,3810,3750,3744,3672,3726,3642,3662,3585,3606,3579,3559,3525,3551,3506,3434,3460,3427,3427,3412,3392,0,3868,3892,3891,3840,3751,3684,3713,3703,3668,3655,3654,3662,3610,3570,3485,3538,3470,3435,3510,3496,0,3810,3810,3819,3766,3809,3726,3687,3669,3602,3652,3655,3582,3575,3573,3528,3527,3464,3489,3441,3425,0,4154,4085,4068,4025,4040,4055,3938,3926,3930,3978,3844,3836,3852,3804,3820,3779,3809,3767,3722,3678,0,4001,3941,3904,3873,3914,3866,3891,3806,3805,3865,3814,3750,3725,3755,3679,3622,3597,3592,3543,3574,3598,0.2638,0.2393,0.2393,0.2393,0.2393,0.2393,0.2393,0.2393,0.2393,0.2393,0.2393,0.2393,0.2393,0.2393,0.2393,0.2393,0.2393,0.2393,0.2393,0.2393,0.0,0.2555,0.2393,0.2393,0.2393,0.2393,0.2393,0.2393,0.2393,0.2393,0.2393,0.2393,0.2393,0.2393,0.2393,0.2393,0.2393,0.2393,0.2393,0.2393,0.2393,0.0,0.2555,0.2555,0.2555,0.2555,0.2555,0.2555,0.2555,0.2555,0.2555,0.2555,0.2555,0.2555,0.2555,0.2555,0.2555,0.2555,0.2555,0.2555,0.2555,0.2555,0.0,0.2555,0.2555,0.2555,0.2555,0.2555,0.2555,0.2555,0.2555,0.2555,0.2555,0.2555,0.2555,0.2555,0.2555,0.2555,0.2555,0.2555,0.2555,0.2555,0.2555,0.0,0.2723,0.2555,0.2555,0.2555,0.2555,0.2555,0.2555,0.2555,0.2555,0.2555,0.2555,0.2555,0.2555,0.2555,0.2555,0.2555,0.2555,0.2555,0.2555,0.2555,0.0,0.2723,0.2723,0.2723,0.2723,0.2723,0.2723,0.2723,0.2723,0.2723,0.2723,0.2723,0.2723,0.2723,0.2723,0.2723,0.2723,0.2723,0.2723,0.2723,0.2723,0.2723,
53.34994125366211,3895,3800,3849,3789,3763,3760,3716,3728,3738,3714,3706,3659,3593,3625,3575,3594,3537,3553,3501,3494,0,3810,3750,3744,3672,3726,3642,3662,3585,3606,3579,3559,3525,3551,3506,3434,3460,3427,3427,3412,3392,0,3868,3892,3891,3840,3751,3684,3713,3703,3668,3655,3654,3662,3610,3570,3485,3538,3470,3435,3510,3496,0,3810,3810,3819,3766,3809,3726,3687,3669,3602,3652,3655,3582,3575,3573,3528,3527,3464,3489,3441,3425,0,4154,4085,4068,4025,4040,4055,3938,3926,3930,3978,3844,3836,3852,3804,3820,3779,3809,3767,3722,3678,0,4001,3941,3904,3873,3914,3866,3891,3806,3805,3865,3814,3750,3725,3755,3679,3622,3597,3592,3543,3574,3598,0.2638,0.2393,0.2393,0.2393,0.2393,0.2393,0.2393,0.2393,0.2393,0.2393,0.2393,0.2393,0.2393,0.2393,0.2393,0.2393,0.2393,0.2393,0.2393,0.2393,0.0,0.2555,0.2393,0.2393,0.2393,0.2393,0.2393,0.2393,0.2393,0.2393,0.2393,0.2393,0.2393,0.2393,0.2393,0.2393,0.2393,0.2393,0.2393,0.2393,0.2393,0.0,0.2555,0.2555,0.2555,0.2555,0.2555,0.2555,0.2555,0.2555,0.2555,0.2555,0.2555,0.2555,0.2555,0.2555,0.2555,0.2555,0.2555,0.2555,0.2555,0.2555,0.0,0.2555,0.2555,0.2555,0.2555,0.2555,0.2555,0.2555,0.2555,0.2555,0.2555,0.2555,0.2555,0.2555,0.2555,0.2555,0.2555,0.2555,0.2555,0.2555,0.2555,0.0,0.2723,0.2555,0.2555,0.2555,0.2555,0.2555,0.2555,0.2555,0.2555,0.2555,0.2555,0.2555,0.2555,0.2555,0.2555,0.2555,0.2555,0.2555,0.2555,0.2555,0.0,0.2723,0.2723,0.2723,0.2723,0.2723,0.2723,0.2723,0.2723,0.2723,0.2723,0.2723,0.2723,0.2723,0.2723,0.2723,0.2723,0.2723,0.2723,0.2723,0.2723,0.2723,
53.45149350166321,3895,3800,3849,3789,3763,3760,3716,3728,3738,3714,3706,3659,3593,3625,3575,3594,3537,3553,3501,3494,0,3810,3750,3744,3672,3726,3642,3662,3585,3606,3579,3559,3525,3551,3506,3434,3460,3427,3427,3412,3392,0,3868,3892,3891,3840,3751,3684,3713,3703,3668,3655,3654,3662,3610,3570,3485,3538,3470,3435,3510,3496,0,3810,3810,3819,3766,3809,3726,3687,3669,3602,3652,3655,3582,3575,3573,3528,3527,3464,3489,3441,3425,0,4154,4085,4068,4025,4040,4055,3938,3926,3930,3978,3844,3836,3852,3804,3820,3779,3809,3767,3722,3678,0,3563,3530,3484,3429,3459,3436,3448,3399,3397,3435,3390,3335,3372,3318,3256,3219,3185,3205,3177,3147,3142,0.2638,0.2393,0.2393,0.2393,0.2393,0.2393,0.2393,0.2393,0.2393,0.2393,0.2393,0.2393,0.2393,0.2393,0.2393,0.2393,0.2393,0.2393,0.2393,0.2393,0.0,0.2555,0.2393,0.2393,0.2393,0.2393,0.2393,0.2393,0.2393,0.2393,0.2393,0.2393,0.2393,0.2393,0.2393,0.2393,0.2393,0.2393,0.2393,0.2393,0.2393,0.0,0.2555,0.2555,0.2555,0.2555,0.2555,0.2555,0.2555,0.2555,0.2555,0.2555,0.2555,0.2555,0.2555,0.2555,0.2555,0.2555,0.2555,0.2555,0.2555,0.2555,0.0,0.2555,0.2555,0.2555,0.2555,0.2555,0.2555,0.2555,0.2555,0.2555,0.2555,0.2555,0.2555,0.2555,0.2555,0.2555,0.2555,0.2555,0.2555,0.2555,0.2555,0.0,0.2723,0.2555,0.2555,0.2555,0.2555,0.2555,0.2555,0.2555,0.2555,0.2555,0.2555,0.2555,0.2555,0.2555,0.2555,0.2555,0.2555,0.2555,0.2555,0.2555,0.0,0.2314,0.2314,0.2314,0.2314,0.2314,0.2314,0.2314,0.2314,0.2314,0.2314,0.2314,0.2314,0.2314,0.2314,0.2314,0.2314,0.2314,0.2314,0.2314,0.2314,0.2314,
53.603230476379395,3895,3800,3849,3789,3763,3760,3716,3728,3738,3714,3706,3659,3593,3625,3575,3594,3537,3553,3501,3494,0,3810,3750,3744,3672,3726,3642,3662,3585,3606,3579,3559,3525,3551,3506,3434,3460,3427,3427,3412,3392,0,3868,3892,3891,3840,3751,3684,3713,3703,3668,3655,3654,3662,3610,3570,3485,3538,3470,3435,3510,3496,0,3810,3810,3819,3766,3809,3726,3687,3669,3602,3652,3655,3582,3575,3573,3528,3527,3464,3489,3441,3425,0,3607,3555,3535,3531,3489,3505,3414,3350,3405,3409,3314,3273,3330,3268,3299,3251,3246,3224,3198,3146,0,3563,3530,3484,3429,3459,3436,3448,3399,3397,3435,3390,3335,3372,3318,3256,3219,3185,3205,3177,3147,3142,0.2638,0.2393,0.2393,0.2393,0.2393,0.2393,0.2393,0.2393,0.2393,0.2393,0.2393,0.2393,0.2393,0.2393,0.2393,0.2393,0.2393,0.2393,0.2393,0.2393,0.0,0.2555,0.2393,0.2393,0.2393,0.2393,0.2393,0.2393,0.2393,0.2393,0.2393,0.2393,0.2393,0.2393,0.2393,0.2393,0.2393,0.2393,0.2393,0.2393,0.2393,0.0,0.2555,0.2555,0.2555,0.2555,0.2555,0.2555,0.2555,0.2555,0.2555,0.2555,0.2555,0.2555,0.2555,0.2555,0.2555,0.2555,0.2555,0.2555,0.2555,0.2555,0.0,0.2555,0.2555,0.2555,0.2555,0.2555,0.2555,0.2555,0.2555,0.2555,0.2555,0.2555,0.2555,0.2555,0.2555,0.2555,0.2555,0.2555,0.2555,0.2555,0.2555,0.0,0.2161,0.2161,0.2161,0.2161,0.2161,0.2161,0.2161,0.2161,0.2161,0.2161,0.2161,0.2161,0.2161,0.2161,0.2161,0.2161,0.2161,0.2161,0.2161,0.2161,0.0,0.2314,0.2314,0.2314,0.2314,0.2314,0.2314,0.2314,0.2314,0.2314,0.2314,0.2314,0.2314,0.2314,0.2314,0.2314,0.2314,0.2314,0.2314,0.2314,0.2314,0.2314,
53.75493764877319,3382,3314,3313,3275,3299,3294,3239,3242,3256,3215,3173,3161,3112,3128,3091,3079,3047,3055,3057,3016,0,3810,3750,3744,3672,3726,3642,3662,3585,3606,3579,3559,3525,3551,3506,3434,3460,3427,3427,3412,3392,0,3385,3340,3357,3328,3266,3212,3210,3163,3173,3146,3136,3134,3071,3077,3021,3043,2974,2931,3001,2971,0,3349,3303,3296,3311,3357,3269,3240,3262,3166,3159,3173,3163,3098,3094,3079,3084,3031,3027,2977,2998,0,3607,3555,3535,3531,3489,3505,3414,3350,3405,3409,3314,3273,3330,3268,3299,3251,3246,3224,3198,3146,0,3563,3530,3484,3429,3459,3436,3448,3399,3397,3435,3390,3335,3372,3318,3256,3219,3185,3205,3177,3147,3142,0.2161,0.2161,0.2161,0.2161,0.2161,0.2161,0.2161,0.2161,0.2161,0.2161,0.2161,0.2161,0.2161,0.2161,0.2161,0.2161,0.2161,0.2161,0.2161,0.2161,0.0,0.2555,0.2393,0.2393,0.2393,0.2393,0.2393,0.2393,0.2393,0.2393,0.2393,0.2393,0.2393,0.2393,0.2393,0.2393,0.2393,0.2393,0.2393,0.2393,0.2393,0.0,0.2016,0.2016,0.2016,0.2016,0.2016,0.2016,0.2016,0.2016,0.2016,0.2016,0.2016,0.2016,0.2016,0.2016,0.2016,0.2016,0.2016,0.2016,0.2016,0.2016,0.0,0.2161,0.2016,0.2016,0.2016,0.2016,0.2016,0.2016,0.2016,0.2016,0.2016,0.2016,0.2016,0.2016,0.2016,0.2016,0.2016,0.2016,0.2016,0.2016,0.2016,0.0,0.2161,0.2161,0.2161,0.2161,0.2161,0.2161,0.2161,0.2161,0.2161,0.2161,0.2161,0.2161,0.2161,0.2161,0.2161,0.2161,0.2161,0.2161,0.2161,0.2161,0.0,0.2314,0.2314,0.2314,0.2314,0.2314,0.2314,0.2314,0.2314,0.2314,0.2314,0.2314,0.2314,0.2314,0.2314,0.2314,0.2314,0.2314,0.2314,0.2314,0.2314,0.2314,
53.8565309047699,3382,3314,3313,3275,3299,3294,3239,3242,3256,3215,3173,3161,3112,3128,3091,3079,3047,3055,3057,3016,0,3299,3336,3274,3195,3255,3174,3180,3105,3111,3071,3064,3036,3049,2982,2952,2943,2946,2942,2929,2910,0,3385,3340,3357,3328,3266,3212,3210,3163,3173,3146,3136,3134,3071,3077,3021,3043,2974,2931,3001,2971,0,3349,3303,3296,3311,3357,3269,3240,3262,3166,3159,3173,3163,3098,3094,3079,3084,3031,3027,2977,2998,0,3607,3555,3535,3531,3489,3505,3414,3350,3405,3409,3314,3273,3330,3268,3299,3251,3246,3224,3198,3146,0,3563,3530,3484,3429,3459,3436,3448,3399,3397,3435,3390,3335,3372,3318,3256,3219,3185,3205,3177,3147,3142,0.2161,0.2161,0.2161,0.2161,0.2161,0.2161,0.2161,0.2161,0.2161,0.2161,0.2161,0.2161,0.2161,0.2161,0.2161,0.2161,0.2161,0.2161,0.2161,0.2161,0.0,0.1946,0.1946,0.1946,0.1946,0.1946,0.1946,0.1946,0.1946,0.1946,0.1946,0.1946,0.1946,0.1946,0.1946,0.1946,0.1946,0.1946,0.1946,0.1946,0.1946,0.0,0.2016,0.2016,0.2016,0.2016,0.2016,0.2016,0.2016,0.2016,0.2016,0.2016,0.2016,0.2016,0.2016,0.2016,0.2016,0.2016,0.2016,0.2016,0.2016,0.2016,0.0,0.2161,0.2016,0.2016,0.2016,0.2016,0.2016,0.2016,0.2016,0.2016,0.2016,0.2016,0.2016,0.2016,0.2016,0.2016,0.2016,0.2016,0.2016,0.2016,0.2016,0.0,0.2161,0.2161,0.2161,0.2161,0.2161,0.2161,0.2161,0.2161,0.2161,0.2161,0.2161,0.2161,0.2161,0.2161,0.2161,0.2161,0.2161,0.2161,0.2161,0.2161,0.0,0.2314,0.2314,0.2314,0.2314,0.2314,0.2314,0.2314,0.2314,0.2314,0.2314,0.2314,0.2314,0.2314,0.2314,0.2314,0.2314,0.2314,0.2314,0.2314,0.2314,0.2314,
53.95809555053711,3382,3314,3313,3275,3299,3294,3239,3242,3256,3215,3173,3161,3112,3128,3091,3079,3047,3055,3057,3016,0,3299,3336,3274,3195,3255,3174,3180,3105,3111,3071,3064,3036,3049,2982,2952,2943,2946,2942,2929,2910,0,3385,3340,3357,3328,3266,3212,3210,3163,3173,3146,3136,3134,3071,3077,3021,3043,2974,2931,3001,2971,0,3349,3303,3296,3311,3357,3269,3240,3262,3166,3159,3173,3163,3098,3094,3079,3084,3031,3027,2977,2998,0,3607,3555,3535,3531,3489,3505,3414,3350,3405,3409,3314,3273,3330,3268,3299,3251,3246,3224,3198,3146,0,3563,3530,3484,3429,3459,3436,3448,3399,3397,3435,3390,3335,3372,3318,3256,3219,3185,3205,3177,3147,3142,0.2161,0.2161,0.2161,0.2161,0.2161,0.2161,0.2161,0.2161,0.2161,0.2161,0.2161,0.2161,0.2161,0.2161,0.2161,0.2161,0.2161,0.2161,0.2161,0.2161,0.0,0.1946,0.1946,0.1946,0.1946,0.1946,0.1946,0.1946,0.1946,0.1946,0.1946,0.1946,0.1946,0.1946,0.1946,0.1946,0.1946,0.1946,0.1946,0.1946,0.1946,0.0,0.2016,0.2016,0.2016,0.2016,0.2016,0.2016,0.2016,0.2016,0.2016,0.2016,0.2016,0.2016,0.2016,0.2016,0.2016,0.2016,0.2016,0.2016,0.2016,0.2016,0.0,0.2161,0.2016,0.2016,0.2016,0.2016,0.2016,0.2016,0.2016,0.2016,0.2016,0.2016,0.2016,0.2016,0.2016,0.2016,0.2016,0.2016,0.2016,0.2016,0.2016,0.0,0.2161,0.2161,0.2161,0.2161,0.2161,0.2161,0.2161,0.2161,0.2161,0.2161,0.2161,0.2161,0.2161,0.2161,0.2161,0.2161,0.2161,0.2161,0.2161,0.2161,0.0,0.2314,0.2314,0.2314,0.2314,0.2314,0.2314,0.2314,0.2314,0.2314,0.2314,0.2314,0.2314,0.2314,0.2314,0.2314,0.2314,0.2314,0.2314,0.2314,0.2314,0.2314,
54.109825134277344,3382,3314,3313,3275,3299,3294,3239,3242,3256,3215,3173,3161,3112,3128,3091,3079,3047,3055,3057,3016,0,3299,3336,3274,3195,3255,3174,3180,3105,3111,3071,3064,3036,3049,2982,2952,2943,2946,2942,2929,2910,0,3385,3340,3357,3328,3266,3212,3210,3163,3173,3146,3136,3134,3071,3077,3021,3043,2974,2931,3001,2971,0,3349,3303,3296,3311,3357,3269,3240,3262,3166,3159,3173,3163,3098,3094,3079,3084,3031,3027,2977,2998,0,3607,3555,3535,3531,3489,3505,3414,3350,3405,3409,3314,3273,3330,3268,3299,3251,3246,3224,3198,3146,0,3147,3128,3101,3036,3025,3037,3024,3016,2984,3005,2979,2925,2966,2867,2852,2822,2802,2759,2740,2747,2746,0.2161,0.2161,0.2161,0.2161,0.2161,0.2161,0.2161,0.2161,0.2161,0.2161,0.2161,0.2161,0.2161,0.2161,0.2161,0.2161,0.2161,0.2161,0.2161,0.2161,0.0,0.1946,0.1946,0.1946,0.1946,0.1946,0.1946,0.1946,0.1946,0.1946,0.1946,0.1946,0.1946,0.1946,0.1946,0.1946,0.1946,0.1946,0.1946,0.1946,0.1946,0.0,0.2016,0.2016,0.2016,0.2016,0.2016,0.2016,0.2016,0.2016,0.2016,0.2016,0.2016,0.2016,0.2016,0.2016,0.2016,0.2016,0.2016,0.2016,0.2016,0.2016,0.0,0.2161,0.2016,0.2016,0.2016,0.2016,0.2016,0.2016,0.2016,0.2016,0.2016,0.2016,0.2016,0.2016,0.2016,0.2016,0.2016,0.2016,0.2016,0.2016,0.2016,0.0,0.2161,0.2161,0.2161,0.2161,0.2161,0.2161,0.2161,0.2161,0.2161,0.2161,0.2161,0.2161,0.2161,0.2161,0.2161,0.2161,0.2161,0.2161,0.2161,0.2161,0.0,0.1879,0.1879,0.1879,0.1879,0.1879,0.1879,0.1879,0.1879,0.1879,0.1879,0.1879,0.1879,0.1879,0.1879,0.1879,0.1879,0.1879,0.1879,0.1879,0.1879,0.1879,
54.31182146072388,3382,3314,3313,3275,3299,3294,3239,3242,3256,3215,3173,3161,3112,3128,3091,3079,3047,3055,3057,3016,0,3299,3336,3274,3195,3255,3174,3180,3105,3111,3071,3064,3036,3049,2982,2952,2943,2946,2942,2929,2910,0,3385,3340,3357,3328,3266,3212,3210,3163,3173,3146,3136,3134,3071,3077,3021,3043,2974,2931,3001,2971,0,3349,3303,3296,3311,3357,3269,3240,3262,3166,3159,3173,3163,3098,3094,3079,3084,3031,3027,2977,2998,0,3084,3029,2987,3025,2966,2998,2936,2855,2930,2858,2818,2779,2802,2763,2785,2728,2738,2708,2705,2659,0,3147,3128,3101,3036,3025,3037,3024,3016,2984,3005,2979,2925,2966,2867,2852,2822,2802,2759,2740,2747,2746,0.2161,0.2161,0.2161,0.2161,0.2161,0.2161,0.2161,0.2161,0.2161,0.2161,0.2161,0.2161,0.2161,0.2161,0.2161,0.2161,0.2161,0.2161,0.2161,0.2161,0.0,0.1946,0.1946,0.1946,0.1946,0.1946,0.1946,0.1946,0.1946,0.1946,0.1946,0.1946,0.1946,0.1946,0.1946,0.1946,0.1946,0.1946,0.1946,0.1946,0.1946,0.0,0.2016,0.2016,0.2016,0.2016,0.2016,0.2016,0.2016,0.2016,0.2016,0.2016,0.2016,0.2016,0.2016,0.2016,0.2016,0.2016,0.2016,0.2016,0.2016,0.2016,0.0,0.2161,0.2016,0.2016,0.2016,0.2016,0.2016,0.2016,0.2016,0.2016,0.2016,0.2016,0.2016,0.2016,0.2016,0.2016,0.2016,0.2016,0.2016,0.2016,0.2016,0.0,0.175,0.175,0.175,0.175,0.175,0.175,0.175,0.175,0.175,0.175,0.175,0.175,0.175,0.175,0.175,0.175,0.175,0.175,0.175,0.175,0.0,0.1879,0.1879,0.1879,0.1879,0.1879,0.1879,0.1879,0.1879,0.1879,0.1879,0.1879,0.1879,0.1879,0.1879,0.1879,0.1879,0.1879,0.1879,0.1879,0.1879,0.1879,
54.463688373565674,2929,2896,2849,2807,2815,2791,2788,2778,2757,2715,2677,2707,2657,2611,2609,2577,2554,2540,2576,2550,0,3299,3336,3274,3195,3255,3174,3180,3105,3111,3071,3064,3036,3049,2982,2952,2943,2946,2942,2929,2910,0,3385,3340,3357,3328,3266,3212,3210,3163,3173,3146,3136,3134,3071,3077,3021,3043,2974,2931,3001,2971,0,3349,3303,3296,3311,3357,3269,3240,3262,3166,3159,3173,3163,3098,3094,3079,3084,3031,3027,2977,2998,0,3084,3029,2987,3025,2966,2998,2936,2855,2930,2858,2818,2779,2802,2763,2785,2728,2738,2708,2705,2659,0,3147,3128,3101,3036,3025,3037,3024,3016,2984,3005,2979,2925,2966,2867,2852,2822,2802,2759,2740,2747,2746,0.1688,0.1688,0.1688,0.1688,0.1688,0.1688,0.1688,0.1688,0.1688,0.1688,0.1688,0.1688,0.1688,0.1688,0.1688,0.1688,0.1688,0.1688,0.1688,0.1688,0.0,0.1946,0.1946,0.1946,0.1946,0.1946,0.1946,0.1946,0.1946,0.1946,0.1946,0.1946,0.1946,0.1946,0.1946,0.1946,0.1946,0.1946,0.1946,0.1946,0.1946,0.0,0.2016,0.2016,0.2016,0.2016,0.2016,0.2016,0.2016,0.2016,0.2016,0.2016,0.2016,0.2016,0.2016,0.2016,0.2016,0.2016,0.2016,0.2016,0.2016,0.2016,0.0,0.2161,0.2016,0.2016,0.2016,0.2016,0.2016,0.2016,0.2016,0.2016,0.2016,0.2016,0.2016,0.2016,0.2016,0.2016,0.2016,0.2016,0.2016,0.2016,0.2016,0.0,0.175,0.175,0.175,0.175,0.175,0.175,0.175,0.175,0.175,0.175,0.175,0.175,0.175,0.175,0.175,0.175,0.175,0.175,0.175,0.175,0.0,0.1879,0.1879,0.1879,0.1879,0.1879,0.1879,0.1879,0.1879,0.1879,0.1879,0.1879,0.1879,0.1879,0.1879,0.1879,0.1879,0.1879,0.1879,0.1879,0.1879,0.1879,
54.56645846366882,2929,2896,2849,2807,2815,2791,2788,2778,2757,2715,2677,2707,2657,2611,2609,2577,2554,2540,2576,2550,0,2834,2864,2814,2757,2802,2769,2740,2680,2642,2619,2606,2626,2583,2505,2498,2489,2507,2495,2500,2461,0,2916,2854,2865,2816,2802,2764,2744,2711,2702,2674,2697,2660,2627,2625,2593,2577,2519,2506,2530,2539,0,2897,2839,2802,2873,2882,2803,2782,2789,2746,2682,2678,2731,2619,2623,2638,2634,2597,2561,2500,2520,0,3084,3029,2987,3025,2966,2998,2936,2855,2930,2858,2818,2779,2802,2763,2785,2728,2738,2708,2705,2659,0,3147,3128,3101,3036,3025,3037,3024,3016,2984,3005,2979,2925,2966,2867,2852,2822,2802,2759,2740,2747,2746,0.1688,0.1688,0.1688,0.1688,0.1688,0.1688,0.1688,0.1688,0.1688,0.1688,0.1688,0.1688,0.1688,0.1688,0.1688,0.1688,0.1688,0.1688,0.1688,0.1688,0.0,0.1573,0.1573,0.1573,0.1573,0.1573,0.1573,0.1573,0.1573,0.1573,0.1573,0.1573,0.1573,0.1573,0.1573,0.1573,0.1573,0.1573,0.1573,0.1573,0.1573,0.0,0.163,0.163,0.163,0.163,0.163,0.163,0.163,0.163,0.163,0.163,0.163,0.163,0.163,0.163,0.163,0.163,0.163,0.163,0.163,0.163,0.0,0.1688,0.1688,0.1688,0.1688,0.1688,0.1688,0.1688,0.1688,0.1688,0.1688,0.1688,0.1688,0.1688,0.1688,0.1688,0.1688,0.1688,0.1688,0.1688,0.1688,0.0,0.175,0.175,0.175,0.175,0.175,0.175,0.175,0.175,0.175,0.175,0.175,0.175,0.175,0.175,0.175,0.175,0.175,0.175,0.175,0.175,0.0,0.1879,0.1879,0.1879,0.1879,0.1879,0.1879,0.1879,0.1879,0.1879,0.1879,0.1879,0.1879,0.1879,0.1879,0.1879,0.1879,0.1879,0.1879,0.1879,0.1879,0.1879,
54.669296979904175,2929,2896,2849,2807,2815,2791,2788,2778,2757,2715,2677,2707,2657,2611,2609,2577,2554,2540,2576,2550,0,2834,2864,2814,2757,2802,2769,2740,2680,2642,2619,2606,2626,2583,2505,2498,2489,2507,2495,2500,2461,0,2916,2854,2865,2816,2802,2764,2744,2711,2702,2674,2697,2660,2627,2625,2593,2577,2519,2506,2530,2539,0,2897,2839,2802,2873,2882,2803,2782,2789,2746,2682,2678,2731,2619,2623,2638,2634,2597,2561,2500,2520,0,3084,3029,2987,3025,2966,2998,2936,2855,2930,2858,2818,2779,2802,2763,2785,2728,2738,2708,2705,2659,0,3147,3128,3101,3036,3025,3037,3024,3016,2984,3005,2979,2925,2966,2867,2852,2822,2802,2759,2740,2747,2746,0.1688,0.1688,0.1688,0.1688,0.1688,0.1688,0.1688,0.1688,0.1688,0.1688,0.1688,0.1688,0.1688,0.1688,0.1688,0.1688,0.1688,0.1688,0.1688,0.1688,0.0,0.1573,0.1573,0.1573,0.1573,0.1573,0.1573,0.1573,0.1573,0.1573,0.1573,0.1573,0.1573,0.1573,0.1573,0.1573,0.1573,0.1573,0.1573,0.1573,0.1573,0.0,0.163,0.163,0.163,0.163,0.163,0.163,0.163,0.163,0.163,0.163,0.163,0.163,0.163,0.163,0.163,0.163,0.163,0.163,0.163,0.163,0.0,0.1688,0.1688,0.1688,0.1688,0.1688,0.1688,0.1688,0.1688,0.1688,0.1688,0.1688,0.1688,0.1688,0.1688,0.1688,0.1688,0.1688,0.1688,0.1688,0.1688,0.0,0.175,0.175,0.175,0.175,0.175,0.175,0.175,0.175,0.175,0.175,0.175,0.175,0.175,0.175,0.175,0.175,0.175,0.175,0.175,0.175,0.0,0.1879,0.1879,0.1879,0.1879,0.1879,0.1879,0.1879,0.1879,0.1879,0.1879,0.1879,0.1879,0.1879,0.1879,0.1879,0.1879,0.1879,0.1879,0.1879,0.1879,0.1879,
54.87247657775879,2929,2896,2849,2807,2815,2791,2788,2778,2757,2715,2677,2707,2657,2611,2609,2577,2554,2540,2576,2550,0,2834,2864,2814,2757,2802,2769,2740,2680,2642,2619,2606,2626,2583,2505,2498,2489,2507,2495,2500,2461,0,2916,2854,2865,2816,2802,2764,2744,2711,2702,2674,2697,2660,2627,2625,2593,2577,2519,2506,2530,2539,0,2897,2839,2802,2873,2882,2803,2782,2789,2746,2682,2678,2731,2619,2623,2638,2634,2597,2561,2500,2520,0,3084,3029,2987,3025,2966,2998,2936,2855,2930,2858,2818,2779,2802,2763,2785,2728,2738,2708,2705,2659,0,2718,2676,2685,2656,2581,2602,2619,2602,2523,2539,2520,2503,2510,2416,2395,2419,2373,2310,2302,2303,2305,0.1688,0.1688,0.1688,0.1688,0.1688,0.1688,0.1688,0.1688,0.1688,0.1688,0.1688,0.1688,0.1688,0.1688,0.1688,0.1688,0.1688,0.1688,0.1688,0.1688,0.0,0.1573,0.1573,0.1573,0.1573,0.1573,0.1573,0.1573,0.1573,0.1573,0.1573,0.1573,0.1573,0.1573,0.1573,0.1573,0.1573,0.1573,0.1573,0.1573,0.1573,0.0,0.163,0.163,0.163,0.163,0.163,0.163,0.163,0.163,0.163,0.163,0.163,0.163,0.163,0.163,0.163,0.163,0.163,0.163,0.163,0.163,0.0,0.1688,0.1688,0.1688,0.1688,0.1688,0.1688,0.1688,0.1688,0.1688,0.1688,0.1688,0.1688,0.1688,0.1688,0.1688,0.1688,0.1688,0.1688,0.1688,0.1688,0.0,0.175,0.175,0.175,0.175,0.175,0.175,0.175,0.175,0.175,0.175,0.175,0.175,0.175,0.175,0.175,0.175,0.175,0.175,0.175,0.175,0.0,0.1467,0.1467,0.1467,0.1467,0.1467,0.1467,0.1467,0.1467,0.1467,0.1467,0.1467,0.1467,0.1467,0.1467,0.1467,0.1467,0.1467,0.1467,0.1467,0.1467,0.1467,
55.02538704872131,2929,2896,2849,2807,2815,2791,2788,2778,2757,2715,2677,2707,2657,2611,2609,2577,2554,2540,2576,2550,0,2834,2864,2814,2757,2802,2769,2740,2680,2642,2619,2606,2626,2583,2505,2498,2489,2507,2495,2500,2461,0,2916,2854,2865,2816,2802,2764,2744,2711,2702,2674,2697,2660,2627,2625,2593,2577,2519,2506,2530,2539,0,2897,2839,2802,2873,2882,2803,2782,2789,2746,2682,2678,2731,2619,2623,2638,2634,2597,2561,2500,2520,0,2595,2579,2510,2538,2463,2510,2460,2406,2463,2364,2317,2291,2329,2282,2324,2249,2213,2192,2204,2196,0,2718,2676,2685,2656,2581,2602,2619,2602,2523,2539,2520,2503,2510,2416,2395,2419,2373,2310,2302,2303,2305,0.1688,0.1688,0.1688,0.1688,0.1688,0.1688,0.1688,0.1688,0.1688,0.1688,0.1688,0.1688,0.1688,0.1688,0.1688,0.1688,0.1688,0.1688,0.1688,0.1688,0.0,0.1573,0.1573,0.1573,0.1573,0.1573,0.1573,0.1573,0.1573,0.1573,0.1573,0.1573,0.1573,0.1573,0.1573,0.1573,0.1573,0.1573,0.1573,0.1573,0.1573,0.0,0.163,0.163,0.163,0.163,0.163,0.163,0.163,0.163,0.163,0.163,0.163,0.163,0.163,0.163,0.163,0.163,0.163,0.163,0.163,0.163,0.0,0.1688,0.1688,0.1688,0.1688,0.1688,0.1688,0.1688,0.1688,0.1688,0.1688,0.1688,0.1688,0.1688,0.1688,0.1688,0.1688,0.1688,0.1688,0.1688,0.1688,0.0,0.1418,0.1286,0.1286,0.1286,0.1286,0.1286,0.1286,0.1286,0.1286,0.1286,0.1286,0.1286,0.1286,0.1286,0.1286,0.1286,0.1286,0.1286,0.1286,0.1286,0.0,0.1467,0.1467,0.1467,0.1467,0.1467,0.1467,0.1467,0.1467,0.1467,0.1467,0.1467,0.1467,0.1467,0.1467,0.1467,0.1467,0.1467,0.1467,0.1467,0.1467,0.1467,
55.177348613739014,2482,2455,2401,2347,2323,2312,2309,2307,2283,2246,2192,2217,2192,2131,2132,2108,2077,2064,2138,2107,0,2834,2864,2814,2757,2802,2769,2740,2680,2642,2619,2606,2626,2583,2505,2498,2489,2507,2495,2500,2461,0,2916,2854,2865,2816,2802,2764,2744,2711,2702,2674,2697,2660,2627,2625,2593,2577,2519,2506,2530,2539,0,2442,2389,2355,2428,2419,2335,2320,2314,2311,2233,2228,2275,2166,2134,2192,2166,2138,2083,2045,2082,0,2595,2579,2510,2538,2463,2510,2460,2406,2463,2364,2317,2291,2329,2282,2324,2249,2213,2192,2204,2196,0,2718,2676,2685,2656,2581,2602,2619,2602,2523,2539,2520,2503,2510,2416,2395,2419,2373,2310,2302,2303,2305,0.1327,0.1211,0.1211,0.1211,0.1211,0.1211,0.1211,0.1211,0.1211,0.1211,0.1211,0.1211,0.1211,0.1211,0.1211,0.1211,0.1211,0.1211,0.1211,0.1211,0.0,0.1573,0.1573,0.1573,0.1573,0.1573,0.1573,0.1573,0.1573,0.1573,0.1573,0.1573,0.1573,0.1573,0.1573,0.1573,0.1573,0.1573,0.1573,0.1573,0.1573,0.0,0.163,0.163,0.163,0.163,0.163,0.163,0.163,0.163,0.163,0.163,0.163,0.163,0.163,0.163,0.163,0.163,0.163,0.163,0.163,0.163,0.0,0.1286,0.1286,0.1286,0.1286,0.1286,0.1286,0.1286,0.1286,0.1286,0.1286,0.1286,0.1286,0.1286,0.1286,0.1286,0.1286,0.1286,0.1286,0.1286,0.1286,0.0,0.1418,0.1286,0.1286,0.1286,0.1286,0.1286,0.1286,0.1286,0.1286,0.1286,0.1286,0.1286,0.1286,0.1286,0.1286,0.1286,0.1286,0.1286,0.1286,0.1286,0.0,0.1467,0.1467,0.1467,0.1467,0.1467,0.1467,0.1467,0.1467,0.1467,0.1467,0.1467,0.1467,0.1467,0.1467,0.1467,0.1467,0.1467,0.1467,0.1467,0.1467,0.1467,
55.278918504714966,2482,2455,2401,2347,2323,2312,2309,2307,2283,2246,2192,2217,2192,2131,2132,2108,2077,2064,2138,2107,0,2834,2864,2814,2757,2802,2769,2740,2680,2642,2619,2606,2626,2583,2505,2498,2489,2507,2495,2500,2461,0,2467,2436,2410,2341,2354,2332,2292,2240,2232,2238,2272,2213,2172,2174,2137,2094,2059,2018,2038,2029,0,2442,2389,2355,2428,2419,2335,2320,2314,2311,2233,2228,2275,2166,2134,2192,2166,2138,2083,2045,2082,0,2595,2579,2510,2538,2463,2510,2460,2406,2463,2364,2317,2291,2329,2282,2324,2249,2213,2192,2204,2196,0,2718,2676,2685,2656,2581,2602,2619,2602,2523,2539,2520,2503,2510,2416,2395,2419,2373,2310,2302,2303,2305,0.1327,0.1211,0.1211,0.1211,0.1211,0.1211,0.1211,0.1211,0.1211,0.1211,0.1211,0.1211,0.1211,0.1211,0.1211,0.1211,0.1211,0.1211,0.1211,0.1211,0.0,0.1573,0.1573,0.1573,0.1573,0.1573,0.1573,0.1573,0.1573,0.1573,0.1573,0.1573,0.1573,0.1573,0.1573,0.1573,0.1573,0.1573,0.1573,0.1573,0.1573,0.0,0.1286,0.1286,0.1286,0.1286,0.1286,0.1286,0.1286,0.1286,0.1286,0.1286,0.1286,0.1286,0.1286,0.1286,0.1286,0.1286,0.1286,0.1286,0.1286,0.1286,0.0,0.1286,0.1286,0.1286,0.1286,0.1286,0.1286,0.1286,0.1286,0.1286,0.1286,0.1286,0.1286,0.1286,0.1286,0.1286,0.1286,0.1286,0.1286,0.1286,0.1286,0.0,0.1418,0.1286,0.1286,0.1286,0.1286,0.1286,0.1286,0.1286,0.1286,0.1286,0.1286,0.1286,0.1286,0.1286,0.1286,0.1286,0.1286,0.1286,0.1286,0.1286,0.0,0.1467,0.1467,0.1467,0.1467,0.1467,0.1467,0.1467,0.1467,0.1467,0.1467,0.1467,0.1467,0.1467,0.1467,0.1467,0.1467,0.1467,0.1467,0.1467,0.1467,0.1467,
55.38049626350403,2482,2455,2401,2347,2323,2312,2309,2307,2283,2246,2192,2217,2192,2131,2132,2108,2077,2064,2138,2107,0,2400,2417,2405,2311,2346,2326,2293,2245,2172,2172,2146,2189,2108,2050,2036,2005,2031,2009,2048,2005,0,2467,2436,2410,2341,2354,2332,2292,2240,2232,2238,2272,2213,2172,2174,2137,2094,2059,2018,2038,2029,0,2442,2389,2355,2428,2419,2335,2320,2314,2311,2233,2228,2275,2166,2134,2192,2166,2138,2083,2045,2082,0,2595,2579,2510,2538,2463,2510,2460,2406,2463,2364,2317,2291,2329,2282,2324,2249,2213,2192,2204,2196,0,2718,2676,2685,2656,2581,2602,2619,2602,2523,2539,2520,2503,2510,2416,2395,2419,2373,2310,2302,2303,2305,0.1327,0.1211,0.1211,0.1211,0.1211,0.1211,0.1211,0.1211,0.1211,0.1211,0.1211,0.1211,0.1211,0.1211,0.1211,0.1211,0.1211,0.1211,0.1211,0.1211,0.0,0.1247,0.1177,0.1177,0.1177,0.1177,0.1177,0.1177,0.1177,0.1177,0.1177,0.1177,0.1177,0.1177,0.1177,0.1177,0.1177,0.1177,0.1177,0.1177,0.1177,0.0,0.1286,0.1286,0.1286,0.1286,0.1286,0.1286,0.1286,0.1286,0.1286,0.1286,0.1286,0.1286,0.1286,0.1286,0.1286,0.1286,0.1286,0.1286,0.1286,0.1286,0.0,0.1286,0.1286,0.1286,0.1286,0.1286,0.1286,0.1286,0.1286,0.1286,0.1286,0.1286,0.1286,0.1286,0.1286,0.1286,0.1286,0.1286,0.1286,0.1286,0.1286,0.0,0.1418,0.1286,0.1286,0.1286,0.1286,0.1286,0.1286,0.1286,0.1286,0.1286,0.1286,0.1286,0.1286,0.1286,0.1286,0.1286,0.1286,0.1286,0.1286,0.1286,0.0,0.1467,0.1467,0.1467,0.1467,0.1467,0.1467,0.1467,0.1467,0.1467,0.1467,0.1467,0.1467,0.1467,0.1467,0.1467,0.1467,0.1467,0.1467,0.1467,0.1467,0.1467,
55.53258919715881,2482,2455,2401,2347,2323,2312,2309,2307,2283,2246,2192,2217,2192,2131,2132,2108,2077,2064,2138,2107,0,2400,2417,2405,2311,2346,2326,2293,2245,2172,2172,2146,2189,2108,2050,2036,2005,2031,2009,2048,2005,0,2467,2436,2410,2341,2354,2332,2292,2240,2232,2238,2272,2213,2172,2174,2137,2094,2059,2018,2038,2029,0,2442,2389,2355,2428,2419,2335,2320,2314,2311,2233,2228,2275,2166,2134,2192,2166,2138,2083,2045,2082,0,2595,2579,2510,2538,2463,2510,2460,2406,2463,2364,2317,2291,2329,2282,2324,2249,2213,2192,2204,2196,0,2718,2676,2685,2656,2581,2602,2619,2602,2523,2539,2520,2503,2510,2416,2395,2419,2373,2310,2302,2303,2305,0.1327,0.1211,0.1211,0.1211,0.1211,0.1211,0.1211,0.1211,0.1211,0.1211,0.1211,0.1211,0.1211,0.1211,0.1211,0.1211,0.1211,0.1211,0.1211,0.1211,0.0,0.1247,0.1177,0.1177,0.1177,0.1177,0.1177,0.1177,0.1177,0.1177,0.1177,0.1177,0.1177,0.1177,0.1177,0.1177,0.1177,0.1177,0.1177,0.1177,0.1177,0.0,0.1286,0.1286,0.1286,0.1286,0.1286,0.1286,0.1286,0.1286,0.1286,0.1286,0.1286,0.1286,0.1286,0.1286,0.1286,0.1286,0.1286,0.1286,0.1286,0.1286,0.0,0.1286,0.1286,0.1286,0.1286,0.1286,0.1286,0.1286,0.1286,0.1286,0.1286,0.1286,0.1286,0.1286,0.1286,0.1286,0.1286,0.1286,0.1286,0.1286,0.1286,0.0,0.1418,0.1286,0.1286,0.1286,0.1286,0.1286,0.1286,0.1286,0.1286,0.1286,0.1286,0.1286,0.1286,0.1286,0.1286,0.1286,0.1286,0.1286,0.1286,0.1286,0.0,0.1467,0.1467,0.1467,0.1467,0.1467,0.1467,0.1467,0.1467,0.1467,0.1467,0.1467,0.1467,0.1467,0.1467,0.1467,0.1467,0.1467,0.1467,0.1467,0.1467,0.1467,
55.63420367240906,2482,2455,2401,2347,2323,2312,2309,2307,2283,2246,2192,2217,2192,2131,2132,2108,2077,2064,2138,2107,0,2400,2417,2405,2311,2346,2326,2293,2245,2172,2172,2146,2189,2108,2050,2036,2005,2031,2009,2048,2005,0,2467,2436,2410,2341,2354,2332,2292,2240,2232,2238,2272,2213,2172,2174,2137,2094,2059,2018,2038,2029,0,2442,2389,2355,2428,2419,2335,2320,2314,2311,2233,2228,2275,2166,2134,2192,2166,2138,2083,2045,2082,0,2595,2579,2510,2538,2463,2510,2460,2406,2463,2364,2317,2291,2329,2282,2324,2249,2213,2192,2204,2196,0,2297,2228,2231,2227,2116,2124,2173,2158,2072,2090,2095,2068,2055,1942,1950,1978,1891,1847,1840,1910,1883,0.1327,0.1211,0.1211,0.1211,0.1211,0.1211,0.1211,0.1211,0.1211,0.1211,0.1211,0.1211,0.1211,0.1211,0.1211,0.1211,0.1211,0.1211,0.1211,0.1211,0.0,0.1247,0.1177,0.1177,0.1177,0.1177,0.1177,0.1177,0.1177,0.1177,0.1177,0.1177,0.1177,0.1177,0.1177,0.1177,0.1177,0.1177,0.1177,0.1177,0.1177,0.0,0.1286,0.1286,0.1286,0.1286,0.1286,0.1286,0.1286,0.1286,0.1286,0.1286,0.1286,0.1286,0.1286,0.1286,0.1286,0.1286,0.1286,0.1286,0.1286,0.1286,0.0,0.1286,0.1286,0.1286,0.1286,0.1286,0.1286,0.1286,0.1286,0.1286,0.1286,0.1286,0.1286,0.1286,0.1286,0.1286,0.1286,0.1286,0.1286,0.1286,0.1286,0.0,0.1418,0.1286,0.1286,0.1286,0.1286,0.1286,0.1286,0.1286,0.1286,0.1286,0.1286,0.1286,0.1286,0.1286,0.1286,0.1286,0.1286,0.1286,0.1286,0.1286,0.0,0.1119,0.1119,0.1119,0.1119,0.1119,0.1119,0.1119,0.1119,0.1119,0.1119,0.1119,0.1119,0.1119,0.1119,0.1119,0.1119,0.1119,0.1119,0.1119,0.1119,0.1119,
55.73577642440796,2482,2455,2401,2347,2323,2312,2309,2307,2283,2246,2192,2217,2192,2131,2132,2108,2077,2064,2138,2107,0,2400,2417,2405,2311,2346,2326,2293,2245,2172,2172,2146,2189,2108,2050,2036,2005,2031,2009,2048,2005,0,2467,2436,2410,2341,2354,2332,2292,2240,2232,2238,2272,2213,2172,2174,2137,2094,2059,2018,2038,2029,0,2442,2389,2355,2428,2419,2335,2320,2314,2311,2233,2228,2275,2166,2134,2192,2166,2138,2083,2045,2082,0,2595,2579,2510,2538,2463,2510,2460,2406,2463,2364,2317,2291,2329,2282,2324,2249,2213,2192,2204,2196,0,2297,2228,2231,2227,2116,2124,2173,2158,2072,2090,2095,2068,2055,1942,1950,1978,1891,1847,1840,1910,1883,0.1327,0.1211,0.1211,0.1211,0.1211,0.1211,0.1211,0.1211,0.1211,0.1211,0.1211,0.1211,0.1211,0.1211,0.1211,0.1211,0.1211,0.1211,0.1211,0.1211,0.0,0.1247,0.1177,0.1177,0.1177,0.1177,0.1177,0.1177,0.1177,0.1177,0.1177,0.1177,0.1177,0.1177,0.1177,0.1177,0.1177,0.1177,0.1177,0.1177,0.1177,0.0,0.1286,0.1286,0.1286,0.1286,0.1286,0.1286,0.1286,0.1286,0.1286,0.1286,0.1286,0.1286,0.1286,0.1286,0.1286,0.1286,0.1286,0.1286,0.1286,0.1286,0.0,0.1286,0.1286,0.1286,0.1286,0.1286,0.1286,0.1286,0.1286,0.1286,0.1286,0.1286,0.1286,0.1286,0.1286,0.1286,0.1286,0.1286,0.1286,0.1286,0.1286,0.0,0.1418,0.1286,0.1286,0.1286,0.1286,0.1286,0.1286,0.1286,0.1286,0.1286,0.1286,0.1286,0.1286,0.1286,0.1286,0.1286,0.1286,0.1286,0.1286,0.1286,0.0,0.1119,0.1119,0.1119,0.1119,0.1119,0.1119,0.1119,0.1119,0.1119,0.1119,0.1119,0.1119,0.1119,0.1119,0.1119,0.1119,0.1119,0.1119,0.1119,0.1119,0.1119,
55.83733630180359,2482,2455,2401,2347,2323,2312,2309,2307,2283,2246,2192,2217,2192,2131,2132,2108,2077,2064,2138,2107,0,2400,2417,2405,2311,2346,2326,2293,2245,2172,2172,2146,2189,2108,2050,2036,2005,2031,2009,2048,2005,0,2467,2436,2410,2341,2354,2332,2292,2240,2232,2238,2272,2213,2172,2174,2137,2094,2059,2018,2038,2029,0,2442,2389,2355,2428,2419,2335,2320,2314,2311,2233,2228,2275,2166,2134,2192,2166,2138,2083,2045,2082,0,2112,2110,2005,2099,1974,2050,1981,1962,2043,1916,1872,1851,1917,1866,1891,1840,1825,1805,1814,1787,0,2297,2228,2231,2227,2116,2124,2173,2158,2072,2090,2095,2068,2055,1942,1950,1978,1891,1847,1840,1910,1883,0.1327,0.1211,0.1211,0.1211,0.1211,0.1211,0.1211,0.1211,0.1211,0.1211,0.1211,0.1211,0.1211,0.1211,0.1211,0.1211,0.1211,0.1211,0.1211,0.1211,0.0,0.1247,0.1177,0.1177,0.1177,0.1177,0.1177,0.1177,0.1177,0.1177,0.1177,0.1177,0.1177,0.1177,0.1177,0.1177,0.1177,0.1177,0.1177,0.1177,0.1177,0.0,0.1286,0.1286,0.1286,0.1286,0.1286,0.1286,0.1286,0.1286,0.1286,0.1286,0.1286,0.1286,0.1286,0.1286,0.1286,0.1286,0.1286,0.1286,0.1286,0.1286,0.0,0.1286,0.1286,0.1286,0.1286,0.1286,0.1286,0.1286,0.1286,0.1286,0.1286,0.1286,0.1286,0.1286,0.1286,0.1286,0.1286,0.1286,0.1286,0.1286,0.1286,0.0,0.1072,0.1072,0.1072,0.1072,0.1072,0.1072,0.1072,0.1072,0.1072,0.1072,0.1072,0.1072,0.1072,0.1072,0.1072,0.1072,0.1072,0.1072,0.1072,0.1072,0.0,0.1119,0.1119,0.1119,0.1119,0.1119,0.1119,0.1119,0.1119,0.1119,0.1119,0.1119,0.1119,0.1119,0.1119,0.1119,0.1119,0.1119,0.1119,0.1119,0.1119,0.1119,
55.98912024497986,2482,2455,2401,2347,2323,2312,2309,2307,2283,2246,2192,2217,2192,2131,2132,2108,2077,2064,2138,2107,0,2400,2417,2405,2311,2346,2326,2293,2245,2172,2172,2146,2189,2108,2050,2036,2005,2031,2009,2048,2005,0,2467,2436,2410,2341,2354,2332,2292,2240,2232,2238,2272,2213,2172,2174,2137,2094,2059,2018,2038,2029,0,2442,2389,2355,2428,2419,2335,2320,2314,2311,2233,2228,2275,2166,2134,2192,2166,2138,2083,2045,2082,0,2112,2110,2005,2099,1974,2050,1981,1962,2043,1916,1872,1851,1917,1866,1891,1840,1825,1805,1814,1787,0,2297,2228,2231,2227,2116,2124,2173,2158,2072,2090,2095,2068,2055,1942,1950,1978,1891,1847,1840,1910,1883,0.1327,0.1211,0.1211,0.1211,0.1211,0.1211,0.1211,0.1211,0.1211,0.1211,0.1211,0.1211,0.1211,0.1211,0.1211,0.1211,0.1211,0.1211,0.1211,0.1211,0.0,0.1247,0.1177,0.1177,0.1177,0.1177,0.1177,0.1177,0.1177,0.1177,0.1177,0.1177,0.1177,0.1177,0.1177,0.1177,0.1177,0.1177,0.1177,0.1177,0.1177,0.0,0.1286,0.1286,0.1286,0.1286,0.1286,0.1286,0.1286,0.1286,0.1286,0.1286,0.1286,0.1286,0.1286,0.1286,0.1286,0.1286,0.1286,0.1286,0.1286,0.1286,0.0,0.1286,0.1286,0.1286,0.1286,0.1286,0.1286,0.1286,0.1286,0.1286,0.1286,0.1286,0.1286,0.1286,0.1286,0.1286,0.1286,0.1286,0.1286,0.1286,0.1286,0.0,0.1072,0.1072,0.1072,0.1072,0.1072,0.1072,0.1072,0.1072,0.1072,0.1072,0.1072,0.1072,0.1072,0.1072,0.1072,0.1072,0.1072,0.1072,0.1072,0.1072,0.0,0.1119,0.1119,0.1119,0.1119,0.1119,0.1119,0.1119,0.1119,0.1119,0.1119,0.1119,0.1119,0.1119,0.1119,0.1119,0.1119,0.1119,0.1119,0.1119,0.1119,0.1119,
56.09064292907715,2028,1980,1951,1913,1896,1886,1834,1838,1829,1786,1760,1782,1755,1709,1695,1693,1753,1730,1738,1706,0,2400,2417,2405,2311,2346,2326,2293,2245,2172,2172,2146,2189,2108,2050,2036,2005,2031,2009,2048,2005,0,2467,2436,2410,2341,2354,2332,2292,2240,2232,2238,2272,2213,2172,2174,2137,2094,2059,2018,2038,2029,0,2442,2389,2355,2428,2419,2335,2320,2314,2311,2233,2228,2275,2166,2134,2192,2166,2138,2083,2045,2082,0,2112,2110,2005,2099,1974,2050,1981,1962,2043,1916,1872,1851,1917,1866,1891,1840,1825,1805,1814,1787,0,2297,2228,2231,2227,2116,2124,2173,2158,2072,2090,2095,2068,2055,1942,1950,1978,1891,1847,1840,1910,1883,0.1037,0.1037,0.1037,0.1037,0.1037,0.1037,0.1037,0.1037,0.1037,0.1037,0.1037,0.1037,0.1037,0.1037,0.1037,0.1037,0.1037,0.1037,0.1037,0.1037,0.0,0.1247,0.1177,0.1177,0.1177,0.1177,0.1177,0.1177,0.1177,0.1177,0.1177,0.1177,0.1177,0.1177,0.1177,0.1177,0.1177,0.1177,0.1177,0.1177,0.1177,0.0,0.1286,0.1286,0.1286,0.1286,0.1286,0.1286,0.1286,0.1286,0.1286,0.1286,0.1286,0.1286,0.1286,0.1286,0.1286,0.1286,0.1286,0.1286,0.1286,0.1286,0.0,0.1286,0.1286,0.1286,0.1286,0.1286,0.1286,0.1286,0.1286,0.1286,0.1286,0.1286,0.1286,0.1286,0.1286,0.1286,0.1286,0.1286,0.1286,0.1286,0.1286,0.0,0.1072,0.1072,0.1072,0.1072,0.1072,0.1072,0.1072,0.1072,0.1072,0.1072,0.1072,0.1072,0.1072,0.1072,0.1072,0.1072,0.1072,0.1072,0.1072,0.1072,0.0,0.1119,0.1119,0.1119,0.1119,0.1119,0.1119,0.1119,0.1119,0.1119,0.1119,0.1119,0.1119,0.1119,0.1119,0.1119,0.1119,0.1119,0.1119,0.1119,0.1119,0.1119,
56.242921113967896,2028,1980,1951,1913,1896,1886,1834,1838,1829,1786,1760,1782,1755,1709,1695,1693,1753,1730,1738,1706,0,2400,2417,2405,2311,2346,2326,2293,2245,2172,2172,2146,2189,2108,2050,2036,2005,2031,2009,2048,2005,0,1998,1941,1950,1878,1906,1853,1839,1783,1742,1790,1821,1791,1744,1753,1809,1639,1635,1590,1608,1599,0,1989,1938,1905,1983,2006,1892,1867,1851,1856,1789,1755,1839,1728,1736,1790,1743,1675,1715,1603,1674,0,2112,2110,2005,2099,1974,2050,1981,1962,2043,1916,1872,1851,1917,1866,1891,1840,1825,1805,1814,1787,0,2297,2228,2231,2227,2116,2124,2173,2158,2072,2090,2095,2068,2055,1942,1950,1978,1891,1847,1840,1910,1883,0.1037,0.1037,0.1037,0.1037,0.1037,0.1037,0.1037,0.1037,0.1037,0.1037,0.1037,0.1037,0.1037,0.1037,0.1037,0.1037,0.1037,0.1037,0.1037,0.1037,0.0,0.1247,0.1177,0.1177,0.1177,0.1177,0.1177,0.1177,0.1177,0.1177,0.1177,0.1177,0.1177,0.1177,0.1177,0.1177,0.1177,0.1177,0.1177,0.1177,0.1177,0.0,0.1024,0.1024,0.1024,0.1024,0.1024,0.1024,0.1024,0.1024,0.1024,0.1024,0.1024,0.1024,0.1024,0.1024,0.1024,0.1024,0.1024,0.1024,0.1024,0.1024,0.0,0.1024,0.1024,0.1024,0.1024,0.1024,0.1024,0.1024,0.1024,0.1024,0.1024,0.1024,0.1024,0.1024,0.1024,0.1024,0.1024,0.1024,0.1024,0.1024,0.1024,0.0,0.1072,0.1072,0.1072,0.1072,0.1072,0.1072,0.1072,0.1072,0.1072,0.1072,0.1072,0.1072,0.1072,0.1072,0.1072,0.1072,0.1072,0.1072,0.1072,0.1072,0.0,0.1119,0.1119,0.1119,0.1119,0.1119,0.1119,0.1119,0.1119,0.1119,0.1119,0.1119,0.1119,0.1119,0.1119,0.1119,0.1119,0.1119,0.1119,0.1119,0.1119,0.1119,
56.34451341629028,2028,1980,1951,1913,1896,1886,1834,1838,1829,1786,1760,1782,1755,1709,1695,1693,1753,1730,1738,1706,0,1954,1956,1940,1828,1902,1890,1839,1773,1754,1710,1788,1723,1791,1621,1575,1594,1586,1623,1651,1622,0,1998,1941,1950,1878,1906,1853,1839,1783,1742,1790,1821,1791,1744,1753,1809,1639,1635,1590,1608,1599,0,1989,1938,1905,1983,2006,1892,1867,1851,1856,1789,1755,1839,1728,1736,1790,1743,1675,1715,1603,1674,0,2112,2110,2005,2099,1974,2050,1981,1962,2043,1916,1872,1851,1917,1866,1891,1840,1825,1805,1814,1787,0,2297,2228,2231,2227,2116,2124,2173,2158,2072,2090,2095,2068,2055,1942,1950,1978,1891,1847,1840,1910,1883,0.1037,0.1037,0.1037,0.1037,0.1037,0.1037,0.1037,0.1037,0.1037,0.1037,0.1037,0.1037,0.1037,0.1037,0.1037,0.1037,0.1037,0.1037,0.1037,0.1037,0.0,0.1013,0.1001,0.1001,0.1001,0.1001,0.1001,0.1001,0.1001,0.1001,0.1001,0.1001,0.1001,0.1001,0.1001,0.1001,0.1001,0.1001,0.1001,0.1001,0.1001,0.0,0.1024,0.1024,0.1024,0.1024,0.1024,0.1024,0.1024,0.1024,0.1024,0.1024,0.1024,0.1024,0.1024,0.1024,0.1024,0.1024,0.1024,0.1024,0.1024,0.1024,0.0,0.1024,0.1024,0.1024,0.1024,0.1024,0.1024,0.1024,0.1024,0.1024,0.1024,0.1024,0.1024,0.1024,0.1024,0.1024,0.1024,0.1024,0.1024,0.1024,0.1024,0.0,0.1072,0.1072,0.1072,0.1072,0.1072,0.1072,0.1072,0.1072,0.1072,0.1072,0.1072,0.1072,0.1072,0.1072,0.1072,0.1072,0.1072,0.1072,0.1072,0.1072,0.0,0.1119,0.1119,0.1119,0.1119,0.1119,0.1119,0.1119,0.1119,0.1119,0.1119,0.1119,0.1119,0.1119,0.1119,0.1119,0.1119,0.1119,0.1119,0.1119,0.1119,0.1119,
56.44623780250549,2028,1980,1951,1913,1896,1886,1834,1838,1829,1786,1760,1782,1755,1709,1695,1693,1753,1730,1738,1706,0,1954,1956,1940,1828,1902,1890,1839,1773,1754,1710,1788,1723,1791,1621,1575,1594,1586,1623,1651,1622,0,1998,1941,1950,1878,1906,1853,1839,1783,1742,1790,1821,1791,1744,1753,1809,1639,1635,1590,1608,1599,0,1989,1938,1905,1983,2006,1892,1867,1851,1856,1789,1755,1839,1728,1736,1790,1743,1675,1715,1603,1674,0,2112,2110,2005,2099,1974,2050,1981,1962,2043,1916,1872,1851,1917,1866,1891,1840,1825,1805,1814,1787,0,2297,2228,2231,2227,2116,2124,2173,2158,2072,2090,2095,2068,2055,1942,1950,1978,1891,1847,1840,1910,1883,0.1037,0.1037,0.1037,0.1037,0.1037,0.1037,0.1037,0.1037,0.1037,0.1037,0.1037,0.1037,0.1037,0.1037,0.1037,0.1037,0.1037,0.1037,0.1037,0.1037,0.0,0.1013,0.1001,0.1001,0.1001,0.1001,0.1001,0.1001,0.1001,0.1001,0.1001,0.1001,0.1001,0.1001,0.1001,0.1001,0.1001,0.1001,0.1001,0.1001,0.1001,0.0,0.1024,0.1024,0.1024,0.1024,0.1024,0.1024,0.1024,0.1024,0.1024,0.1024,0.1024,0.1024,0.1024,0.1024,0.1024,0.1024,0.1024,0.1024,0.1024,0.1024,0.0,0.1024,0.1024,0.1024,0.1024,0.1024,0.1024,0.1024,0.1024,0.1024,0.1024,0.1024,0.1024,0.1024,0.1024,0.1024,0.1024,0.1024,0.1024,0.1024,0.1024,0.0,0.1072,0.1072,0.1072,0.1072,0.1072,0.1072,0.1072,0.1072,0.1072,0.1072,0.1072,0.1072,0.1072,0.1072,0.1072,0.1072,0.1072,0.1072,0.1072,0.1072,0.0,0.1119,0.1119,0.1119,0.1119,0.1119,0.1119,0.1119,0.1119,0.1119,0.1119,0.1119,0.1119,0.1119,0.1119,0.1119,0.1119,0.1119,0.1119,0.1119,0.1119,0.1119,
56.64814114570618,2028,1980,1951,1913,1896,1886,1834,1838,1829,1786,1760,1782,1755,1709,1695,1693,1753,1730,1738,1706,0,1954,1956,1940,1828,1902,1890,1839,1773,1754,1710,1788,1723,1791,1621,1575,1594,1586,1623,1651,1622,0,1998,1941,1950,1878,1906,1853,1839,1783,1742,1790,1821,1791,1744,1753,1809,1639,1635,1590,1608,1599,0,1989,1938,1905,1983,2006,1892,1867,1851,1856,1789,1755,1839,1728,1736,1790,1743,1675,1715,1603,1674,0,2112,2110,2005,2099,1974,2050,1981,1962,2043,1916,1872,1851,1917,1866,1891,1840,1825,1805,1814,1787,0,1876,1780,1789,1828,1699,1694,1772,1741,1834,1704,1695,1685,1647,1539,1573,1588,1744,1480,1928,1539,1567,0.1037,0.1037,0.1037,0.1037,0.1037,0.1037,0.1037,0.1037,0.1037,0.1037,0.1037,0.1037,0.1037,0.1037,0.1037,0.1037,0.1037,0.1037,0.1037,0.1037,0.0,0.1013,0.1001,0.1001,0.1001,0.1001,0.1001,0.1001,0.1001,0.1001,0.1001,0.1001,0.1001,0.1001,0.1001,0.1001,0.1001,0.1001,0.1001,0.1001,0.1001,0.0,0.1024,0.1024,0.1024,0.1024,0.1024,0.1024,0.1024,0.1024,0.1024,0.1024,0.1024,0.1024,0.1024,0.1024,0.1024,0.1024,0.1024,0.1024,0.1024,0.1024,0.0,0.1024,0.1024,0.1024,0.1024,0.1024,0.1024,0.1024,0.1024,0.1024,0.1024,0.1024,0.1024,0.1024,0.1024,0.1024,0.1024,0.1024,0.1024,0.1024,0.1024,0.0,0.1072,0.1072,0.1072,0.1072,0.1072,0.1072,0.1072,0.1072,0.1072,0.1072,0.1072,0.1072,0.1072,0.1072,0.1072,0.1072,0.1072,0.1072,0.1072,0.1072,0.0,0.1006,0.1006,0.1006,0.1006,0.1006,0.1006,0.1006,0.1006,0.1006,0.1006,0.1006,0.1006,0.1006,0.1006,0.1006,0.1006,0.1006,0.1006,0.1006,0.1006,0.1006,
56.749672174453735,2028,1980,1951,1913,1896,1886,1834,1838,1829,1786,1760,1782,1755,1709,1695,1693,1753,1730,1738,1706,0,1954,1956,1940,1828,1902,1890,1839,1773,1754,1710,1788,1723,1791,1621,1575,1594,1586,1623,1651,1622,0,1998,1941,1950,1878,1906,1853,1839,1783,1742,1790,1821,1791,1744,1753,1809,1639,1635,1590,1608,1599,0,1989,1938,1905,1983,2006,1892,1867,1851,1856,1789,1755,1839,1728,1736,1790,1743,1675,1715,1603,1674,0,2112,2110,2005,2099,1974,2050,1981,1962,2043,1916,1872,1851,1917,1866,1891,1840,1825,1805,1814,1787,0,1876,1780,1789,1828,1699,1694,1772,1741,1834,1704,1695,1685,1647,1539,1573,1588,1744,1480,1928,1539,1567,0.1037,0.1037,0.1037,0.1037,0.1037,0.1037,0.1037,0.1037,0.1037,0.1037,0.1037,0.1037,0.1037,0.1037,0.1037,0.1037,0.1037,0.1037,0.1037,0.1037,0.0,0.1013,0.1001,0.1001,0.1001,0.1001,0.1001,0.1001,0.1001,0.1001,0.1001,0.1001,0.1001,0.1001,0.1001,0.1001,0.1001,0.1001,0.1001,0.1001,0.1001,0.0,0.1024,0.1024,0.1024,0.1024,0.1024,0.1024,0.1024,0.1024,0.1024,0.1024,0.1024,0.1024,0.1024,0.1024,0.1024,0.1024,0.1024,0.1024,0.1024,0.1024,0.0,0.1024,0.1024,0.1024,0.1024,0.1024,0.1024,0.1024,0.1024,0.1024,0.1024,0.1024,0.1024,0.1024,0.1024,0.1024,0.1024,0.1024,0.1024,0.1024,0.1024,0.0,0.1072,0.1072,0.1072,0.1072,0.1072,0.1072,0.1072,0.1072,0.1072,0.1072,0.1072,0.1072,0.1072,0.1072,0.1072,0.1072,0.1072,0.1072,0.1072,0.1072,0.0,0.1006,0.1006,0.1006,0.1006,0.1006,0.1006,0.1006,0.1006,0.1006,0.1006,0.1006,0.1006,0.1006,0.1006,0.1006,0.1006,0.1006,0.1006,0.1006,0.1006,0.1006,
56.85122036933899,2028,1980,1951,1913,1896,1886,1834,1838,1829,1786,1760,1782,1755,1709,1695,1693,1753,1730,1738,1706,0,1954,1956,1940,1828,1902,1890,1839,1773,1754,1710,1788,1723,1791,1621,1575,1594,1586,1623,1651,1622,0,1998,1941,1950,1878,1906,1853,1839,1783,1742,1790,1821,1791,1744,1753,1809,1639,1635,1590,1608,1599,0,1989,1938,1905,1983,2006,1892,1867,1851,1856,1789,1755,1839,1728,1736,1790,1743,1675,1715,1603,1674,0,2112,2110,2005,2099,1974,2050,1981,1962,2043,1916,1872,1851,1917,1866,1891,1840,1825,1805,1814,1787,0,1876,1780,1789,1828,1699,1694,1772,1741,1834,1704,1695,1685,1647,1539,1573,1588,1744,1480,1928,1539,1567,0.1037,0.1037,0.1037,0.1037,0.1037,0.1037,0.1037,0.1037,0.1037,0.1037,0.1037,0.1037,0.1037,0.1037,0.1037,0.1037,0.1037,0.1037,0.1037,0.1037,0.0,0.1013,0.1001,0.1001,0.1001,0.1001,0.1001,0.1001,0.1001,0.1001,0.1001,0.1001,0.1001,0.1001,0.1001,0.1001,0.1001,0.1001,0.1001,0.1001,0.1001,0.0,0.1024,0.1024,0.1024,0.1024,0.1024,0.1024,0.1024,0.1024,0.1024,0.1024,0.1024,0.1024,0.1024,0.1024,0.1024,0.1024,0.1024,0.1024,0.1024,0.1024,0.0,0.1024,0.1024,0.1024,0.1024,0.1024,0.1024,0.1024,0.1024,0.1024,0.1024,0.1024,0.1024,0.1024,0.1024,0.1024,0.1024,0.1024,0.1024,0.1024,0.1024,0.0,0.1072,0.1072,0.1072,0.1072,0.1072,0.1072,0.1072,0.1072,0.1072,0.1072,0.1072,0.1072,0.1072,0.1072,0.1072,0.1072,0.1072,0.1072,0.1072,0.1072,0.0,0.1006,0.1006,0.1006,0.1006,0.1006,0.1006,0.1006,0.1006,0.1006,0.1006,0.1006,0.1006,0.1006,0.1006,0.1006,0.1006,0.1006,0.1006,0.1006,0.1006,0.1006,
56.95278334617615,2028,1980,1951,1913,1896,1886,1834,1838,1829,1786,1760,1782,1755,1709,1695,1693,1753,1730,1738,1706,0,1954,1956,1940,1828,1902,1890,1839,1773,1754,1710,1788,1723,1791,1621,1575,1594,1586,1623,1651,1622,0,1998,1941,1950,1878,1906,1853,1839,1783,1742,1790,1821,1791,1744,1753,1809,1639,1635,1590,1608,1599,0,1989,1938,1905,1983,2006,1892,1867,1851,1856,1789,1755,1839,1728,1736,1790,1743,1675,1715,1603,1674,0,1737,1715,1596,1714,1600,1667,1560,1568,1866,1679,1479,1454,1772,1886,1524,1475,1493,1782,1936,1526,0,1876,1780,1789,1828,1699,1694,1772,1741,1834,1704,1695,1685,1647,1539,1573,1588,1744,1480,1928,1539,1567,0.1037,0.1037,0.1037,0.1037,0.1037,0.1037,0.1037,0.1037,0.1037,0.1037,0.1037,0.1037,0.1037,0.1037,0.1037,0.1037,0.1037,0.1037,0.1037,0.1037,0.0,0.1013,0.1001,0.1001,0.1001,0.1001,0.1001,0.1001,0.1001,0.1001,0.1001,0.1001,0.1001,0.1001,0.1001,0.1001,0.1001,0.1001,0.1001,0.1001,0.1001,0.0,0.1024,0.1024,0.1024,0.1024,0.1024,0.1024,0.1024,0.1024,0.1024,0.1024,0.1024,0.1024,0.1024,0.1024,0.1024,0.1024,0.1024,0.1024,0.1024,0.1024,0.0,0.1024,0.1024,0.1024,0.1024,0.1024,0.1024,0.1024,0.1024,0.1024,0.1024,0.1024,0.1024,0.1024,0.1024,0.1024,0.1024,0.1024,0.1024,0.1024,0.1024,0.0,0.1006,0.1024,0.1024,0.1024,0.1024,0.1024,0.1024,0.1024,0.1024,0.1024,0.1024,0.1024,0.1024,0.1024,0.1024,0.1024,0.1024,0.1024,0.1024,0.1024,0.0,0.1006,0.1006,0.1006,0.1006,0.1006,0.1006,0.1006,0.1006,0.1006,0.1006,0.1006,0.1006,0.1006,0.1006,0.1006,0.1006,0.1006,0.1006,0.1006,0.1006,0.1006,
57.05431246757507,2028,1980,1951,1913,1896,1886,1834,1838,1829,1786,1760,1782,1755,1709,1695,1693,1753,1730,1738,1706,0,1954,1956,1940,1828,1902,1890,1839,1773,1754,1710,1788,1723,1791,1621,1575,1594,1586,1623,1651,1622,0,1998,1941,1950,1878,1906,1853,1839,1783,1742,1790,1821,1791,1744,1753,1809,1639,1635,1590,1608,1599,0,1989,1938,1905,1983,2006,1892,1867,1851,1856,1789,1755,1839,1728,1736,1790,1743,1675,1715,1603,1674,0,1737,1715,1596,1714,1600,1667,1560,1568,1866,1679,1479,1454,1772,1886,1524,1475,1493,1782,1936,1526,0,1876,1780,1789,1828,1699,1694,1772,1741,1834,1704,1695,1685,1647,1539,1573,1588,1744,1480,1928,1539,1567,0.1037,0.1037,0.1037,0.1037,0.1037,0.1037,0.1037,0.1037,0.1037,0.1037,0.1037,0.1037,0.1037,0.1037,0.1037,0.1037,0.1037,0.1037,0.1037,0.1037,0.0,0.1013,0.1001,0.1001,0.1001,0.1001,0.1001,0.1001,0.1001,0.1001,0.1001,0.1001,0.1001,0.1001,0.1001,0.1001,0.1001,0.1001,0.1001,0.1001,0.1001,0.0,0.1024,0.1024,0.1024,0.1024,0.1024,0.1024,0.1024,0.1024,0.1024,0.1024,0.1024,0.1024,0.1024,0.1024,0.1024,0.1024,0.1024,0.1024,0.1024,0.1024,0.0,0.1024,0.1024,0.1024,0.1024,0.1024,0.1024,0.1024,0.1024,0.1024,0.1024,0.1024,0.1024,0.1024,0.1024,0.1024,0.1024,0.1024,0.1024,0.1024,0.1024,0.0,0.1006,0.1024,0.1024,0.1024,0.1024,0.1024,0.1024,0.1024,0.1024,0.1024,0.1024,0.1024,0.1024,0.1024,0.1024,0.1024,0.1024,0.1024,0.1024,0.1024,0.0,0.1006,0.1006,0.1006,0.1006,0.1006,0.1006,0.1006,0.1006,0.1006,0.1006,0.1006,0.1006,0.1006,0.1006,0.1006,0.1006,0.1006,0.1006,0.1006,0.1006,0.1006,
57.35651755332947,1597,1552,1911,1507,1493,1973,1462,1700,1428,1575,1562,1399,1924,1476,1511,1432,1280,1833,1602,1582,0,1954,1956,1940,1828,1902,1890,1839,1773,1754,1710,1788,1723,1791,1621,1575,1594,1586,1623,1651,1622,0,1871,1519,1558,1465,1952,1445,1951,1399,1370,1445,1453,1853,1400,1792,1463,2232,2248,1406,2285,1906,0,1572,1552,1489,1560,1817,1893,1566,1443,1825,2108,1903,1577,2120,1505,1447,1394,1888,2121,1660,1338,0,1737,1715,1596,1714,1600,1667,1560,1568,1866,1679,1479,1454,1772,1886,1524,1475,1493,1782,1936,1526,0,1876,1780,1789,1828,1699,1694,1772,1741,1834,1704,1695,1685,1647,1539,1573,1588,1744,1480,1928,1539,1567,0.1072,0.1072,0.1072,0.1072,0.1072,0.1072,0.1072,0.1072,0.1072,0.1072,0.1072,0.1072,0.1072,0.1072,0.1072,0.1072,0.1072,0.1072,0.1072,0.1072,0.0,0.1013,0.1001,0.1001,0.1001,0.1001,0.1001,0.1001,0.1001,0.1001,0.1001,0.1001,0.1001,0.1001,0.1001,0.1001,0.1001,0.1001,0.1001,0.1001,0.1001,0.0,0.1053,0.1053,0.1053,0.1053,0.1053,0.1053,0.1053,0.1053,0.1053,0.1053,0.1053,0.1053,0.1053,0.1053,0.1053,0.1053,0.1053,0.1053,0.1053,0.1053,0.0,0.1072,0.1072,0.1072,0.1072,0.1072,0.1072,0.1072,0.1072,0.1072,0.1072,0.1072,0.1072,0.1072,0.1072,0.1072,0.1072,0.1072,0.1072,0.1072,0.1072,0.0,0.1006,0.1024,0.1024,0.1024,0.1024,0.1024,0.1024,0.1024,0.1024,0.1024,0.1024,0.1024,0.1024,0.1024,0.1024,0.1024,0.1024,0.1024,0.1024,0.1024,0.0,0.1006,0.1006,0.1006,0.1006,0.1006,0.1006,0.1006,0.1006,0.1006,0.1006,0.1006,0.1006,0.1006,0.1006,0.1006,0.1006,0.1006,0.1006,0.1006,0.1006,0.1006,
57.45810294151306,1597,1552,1911,1507,1493,1973,1462,1700,1428,1575,1562,1399,1924,1476,1511,1432,1280,1833,1602,1582,0,1570,1871,1570,1418,1535,1523,1713,1961,1404,1318,1975,1898,1535,1349,1415,2284,1837,1487,1322,1655,0,1871,1519,1558,1465,1952,1445,1951,1399,1370,1445,1453,1853,1400,1792,1463,2232,2248,1406,2285,1906,0,1572,1552,1489,1560,1817,1893,1566,1443,1825,2108,1903,1577,2120,1505,1447,1394,1888,2121,1660,1338,0,1737,1715,1596,1714,1600,1667,1560,1568,1866,1679,1479,1454,1772,1886,1524,1475,1493,1782,1936,1526,0,1876,1780,1789,1828,1699,1694,1772,1741,1834,1704,1695,1685,1647,1539,1573,1588,1744,1480,1928,1539,1567,0.1072,0.1072,0.1072,0.1072,0.1072,0.1072,0.1072,0.1072,0.1072,0.1072,0.1072,0.1072,0.1072,0.1072,0.1072,0.1072,0.1072,0.1072,0.1072,0.1072,0.0,0.1119,0.1119,0.1119,0.1119,0.1119,0.1119,0.1119,0.1119,0.1119,0.1119,0.1119,0.1119,0.1119,0.1119,0.1119,0.1119,0.1119,0.1119,0.1119,0.1119,0.0,0.1053,0.1053,0.1053,0.1053,0.1053,0.1053,0.1053,0.1053,0.1053,0.1053,0.1053,0.1053,0.1053,0.1053,0.1053,0.1053,0.1053,0.1053,0.1053,0.1053,0.0,0.1072,0.1072,0.1072,0.1072,0.1072,0.1072,0.1072,0.1072,0.1072,0.1072,0.1072,0.1072,0.1072,0.1072,0.1072,0.1072,0.1072,0.1072,0.1072,0.1072,0.0,0.1006,0.1024,0.1024,0.1024,0.1024,0.1024,0.1024,0.1024,0.1024,0.1024,0.1024,0.1024,0.1024,0.1024,0.1024,0.1024,0.1024,0.1024,0.1024,0.1024,0.0,0.1006,0.1006,0.1006,0.1006,0.1006,0.1006,0.1006,0.1006,0.1006,0.1006,0.1006,0.1006,0.1006,0.1006,0.1006,0.1006,0.1006,0.1006,0.1006,0.1006,0.1006,
57.76030683517456,1597,1552,1911,1507,1493,1973,1462,1700,1428,1575,1562,1399,1924,1476,1511,1432,1280,1833,1602,1582,0,1570,1871,1570,1418,1535,1523,1713,1961,1404,1318,1975,1898,1535,1349,1415,2284,1837,1487,1322,1655,0,1871,1519,1558,1465,1952,1445,1951,1399,1370,1445,1453,1853,1400,1792,1463,2232,2248,1406,2285,1906,0,1572,1552,1489,1560,1817,1893,1566,1443,1825,2108,1903,1577,2120,1505,1447,1394,1888,2121,1660,1338,0,1737,1715,1596,1714,1600,1667,1560,1568,1866,1679,1479,1454,1772,1886,1524,1475,1493,1782,1936,1526,0,1876,1780,1789,1828,1699,1694,1772,1741,1834,1704,1695,1685,1647,1539,1573,1588,1744,1480,1928,1539,1567,0.1072,0.1072,0.1072,0.1072,0.1072,0.1072,0.1072,0.1072,0.1072,0.1072,0.1072,0.1072,0.1072,0.1072,0.1072,0.1072,0.1072,0.1072,0.1072,0.1072,0.0,0.1119,0.1119,0.1119,0.1119,0.1119,0.1119,0.1119,0.1119,0.1119,0.1119,0.1119,0.1119,0.1119,0.1119,0.1119,0.1119,0.1119,0.1119,0.1119,0.1119,0.0,0.1053,0.1053,0.1053,0.1053,0.1053,0.1053,0.1053,0.1053,0.1053,0.1053,0.1053,0.1053,0.1053,0.1053,0.1053,0.1053,0.1053,0.1053,0.1053,0.1053,0.0,0.1072,0.1072,0.1072,0.1072,0.1072,0.1072,0.1072,0.1072,0.1072,0.1072,0.1072,0.1072,0.1072,0.1072,0.1072,0.1072,0.1072,0.1072,0.1072,0.1072,0.0,0.1006,0.1024,0.1024,0.1024,0.1024,0.1024,0.1024,0.1024,0.1024,0.1024,0.1024,0.1024,0.1024,0.1024,0.1024,0.1024,0.1024,0.1024,0.1024,0.1024,0.0,0.1006,0.1006,0.1006,0.1006,0.1006,0.1006,0.1006,0.1006,0.1006,0.1006,0.1006,0.1006,0.1006,0.1006,0.1006,0.1006,0.1006,0.1006,0.1006,0.1006,0.1006,
57.86242747306824,1597,1552,1911,1507,1493,1973,1462,1700,1428,1575,1562,1399,1924,1476,1511,1432,1280,1833,1602,1582,0,1570,1871,1570,1418,1535,1523,1713,1961,1404,1318,1975,1898,1535,1349,1415,2284,1837,1487,1322,1655,0,1871,1519,1558,1465,1952,1445,1951,1399,1370,1445,1453,1853,1400,1792,1463,2232,2248,1406,2285,1906,0,1572,1552,1489,1560,1817,1893,1566,1443,1825,2108,1903,1577,2120,1505,1447,1394,1888,2121,1660,1338,0,1737,1715,1596,1714,1600,1667,1560,1568,1866,1679,1479,1454,1772,1886,1524,1475,1493,1782,1936,1526,0,1630,1833,1477,1432,1657,1327,1617,1665,1980,1895,1760,1586,1558,1848,1286,1262,0,1396,1503,1416,1419,0.1072,0.1072,0.1072,0.1072,0.1072,0.1072,0.1072,0.1072,0.1072,0.1072,0.1072,0.1072,0.1072,0.1072,0.1072,0.1072,0.1072,0.1072,0.1072,0.1072,0.0,0.1119,0.1119,0.1119,0.1119,0.1119,0.1119,0.1119,0.1119,0.1119,0.1119,0.1119,0.1119,0.1119,0.1119,0.1119,0.1119,0.1119,0.1119,0.1119,0.1119,0.0,0.1053,0.1053,0.1053,0.1053,0.1053,0.1053,0.1053,0.1053,0.1053,0.1053,0.1053,0.1053,0.1053,0.1053,0.1053,0.1053,0.1053,0.1053,0.1053,0.1053,0.0,0.1072,0.1072,0.1072,0.1072,0.1072,0.1072,0.1072,0.1072,0.1072,0.1072,0.1072,0.1072,0.1072,0.1072,0.1072,0.1072,0.1072,0.1072,0.1072,0.1072,0.0,0.1006,0.1024,0.1024,0.1024,0.1024,0.1024,0.1024,0.1024,0.1024,0.1024,0.1024,0.1024,0.1024,0.1024,0.1024,0.1024,0.1024,0.1024,0.1024,0.1024,0.0,0.1177,0.1247,0.1247,0.1247,0.1247,0.1247,0.1247,0.1247,0.1247,0.1247,0.1247,0.1247,0.1247,0.1247,0.1247,0.1247,0.1247,0.1247,0.1247,0.1247,0.1247,
57.964059829711914,1597,1552,1911,1507,1493,1973,1462,1700,1428,1575,1562,1399,1924,1476,1511,1432,1280,1833,1602,1582,0,1570,1871,1570,1418,1535,1523,1713,1961,1404,1318,1975,1898,1535,1349,1415,2284,1837,1487,1322,1655,0,1871,1519,1558,1465,1952,1445,1951,1399,1370,1445,1453,1853,1400,1792,1463,2232,2248,1406,2285,1906,0,1572,1552,1489,1560,1817,1893,1566,1443,1825,2108,1903,1577,2120,1505,1447,1394,1888,2121,1660,1338,0,1677,2043,1367,1373,1754,1933,1737,1625,1338,1386,1321,1713,1371,1347,1710,1231,1594,1468,1448,1326,0,1630,1833,1477,1432,1657,1327,1617,1665,1980,1895,1760,1586,1558,1848,1286,1262,0,1396,1503,1416,1419,0.1072,0.1072,0.1072,0.1072,0.1072,0.1072,0.1072,0.1072,0.1072,0.1072,0.1072,0.1072,0.1072,0.1072,0.1072,0.1072,0.1072,0.1072,0.1072,0.1072,0.0,0.1119,0.1119,0.1119,0.1119,0.1119,0.1119,0.1119,0.1119,0.1119,0.1119,0.1119,0.1119,0.1119,0.1119,0.1119,0.1119,0.1119,0.1119,0.1119,0.1119,0.0,0.1053,0.1053,0.1053,0.1053,0.1053,0.1053,0.1053,0.1053,0.1053,0.1053,0.1053,0.1053,0.1053,0.1053,0.1053,0.1053,0.1053,0.1053,0.1053,0.1053,0.0,0.1072,0.1072,0.1072,0.1072,0.1072,0.1072,0.1072,0.1072,0.1072,0.1072,0.1072,0.1072,0.1072,0.1072,0.1072,0.1072,0.1072,0.1072,0.1072,0.1072,0.0,0.1247,0.1247,0.1247,0.1247,0.1247,0.1247,0.1247,0.1247,0.1247,0.1247,0.1247,0.1247,0.1247,0.1247,0.1247,0.1247,0.1247,0.1247,0.1247,0.1247,0.0,0.1177,0.1247,0.1247,0.1247,0.1247,0.1247,0.1247,0.1247,0.1247,0.1247,0.1247,0.1247,0.1247,0.1247,0.1247,0.1247,0.1247,0.1247,0.1247,0.1247,0.1247,
58.11648178100586,1597,1552,1911,1507,1493,1973,1462,1700,1428,1575,1562,1399,1924,1476,1511,1432,1280,1833,1602,1582,0,1570,1871,1570,1418,1535,1523,1713,1961,1404,1318,1975,1898,1535,1349,1415,2284,1837,1487,1322,1655,0,1871,1519,1558,1465,1952,1445,1951,1399,1370,1445,1453,1853,1400,1792,1463,2232,2248,1406,2285,1906,0,1572,1552,1489,1560,1817,1893,1566,1443,1825,2108,1903,1577,2120,1505,1447,1394,1888,2121,1660,1338,0,1677,2043,1367,1373,1754,1933,1737,1625,1338,1386,1321,1713,1371,1347,1710,1231,1594,1468,1448,1326,0,1630,1833,1477,1432,1657,1327,1617,1665,1980,1895,1760,1586,1558,1848,1286,1262,0,1396,1503,1416,1419,0.1072,0.1072,0.1072,0.1072,0.1072,0.1072,0.1072,0.1072,0.1072,0.1072,0.1072,0.1072,0.1072,0.1072,0.1072,0.1072,0.1072,0.1072,0.1072,0.1072,0.0,0.1119,0.1119,0.1119,0.1119,0.1119,0.1119,0.1119,0.1119,0.1119,0.1119,0.1119,0.1119,0.1119,0.1119,0.1119,0.1119,0.1119,0.1119,0.1119,0.1119,0.0,0.1053,0.1053,0.1053,0.1053,0.1053,0.1053,0.1053,0.1053,0.1053,0.1053,0.1053,0.1053,0.1053,0.1053,0.1053,0.1053,0.1053,0.1053,0.1053,0.1053,0.0,0.1072,0.1072,0.1072,0.1072,0.1072,0.1072,0.1072,0.1072,0.1072,0.1072,0.1072,0.1072,0.1072,0.1072,0.1072,0.1072,0.1072,0.1072,0.1072,0.1072,0.0,0.1247,0.1247,0.1247,0.1247,0.1247,0.1247,0.1247,0.1247,0.1247,0.1247,0.1247,0.1247,0.1247,0.1247,0.1247,0.1247,0.1247,0.1247,0.1247,0.1247,0.0,0.1177,0.1247,0.1247,0.1247,0.1247,0.1247,0.1247,0.1247,0.1247,0.1247,0.1247,0.1247,0.1247,0.1247,0.1247,0.1247,0.1247,0.1247,0.1247,0.1247,0.1247,
58.21809935569763,1597,1552,1911,1507,1493,1973,1462,1700,1428,1575,1562,1399,1924,1476,1511,1432,1280,1833,1602,1582,0,1570,1871,1570,1418,1535,1523,1713,1961,1404,1318,1975,1898,1535,1349,1415,2284,1837,1487,1322,1655,0,1871,1519,1558,1465,1952,1445,1951,1399,1370,1445,1453,1853,1400,1792,1463,2232,2248,1406,2285,1906,0,1572,1552,1489,1560,1817,1893,1566,1443,1825,2108,1903,1577,2120,1505,1447,1394,1888,2121,1660,1338,0,1677,2043,1367,1373,1754,1933,1737,1625,1338,1386,1321,1713,1371,1347,1710,1231,1594,1468,1448,1326,0,1630,1833,1477,1432,1657,1327,1617,1665,1980,1895,1760,1586,1558,1848,1286,1262,0,1396,1503,1416,1419,0.1072,0.1072,0.1072,0.1072,0.1072,0.1072,0.1072,0.1072,0.1072,0.1072,0.1072,0.1072,0.1072,0.1072,0.1072,0.1072,0.1072,0.1072,0.1072,0.1072,0.0,0.1119,0.1119,0.1119,0.1119,0.1119,0.1119,0.1119,0.1119,0.1119,0.1119,0.1119,0.1119,0.1119,0.1119,0.1119,0.1119,0.1119,0.1119,0.1119,0.1119,0.0,0.1053,0.1053,0.1053,0.1053,0.1053,0.1053,0.1053,0.1053,0.1053,0.1053,0.1053,0.1053,0.1053,0.1053,0.1053,0.1053,0.1053,0.1053,0.1053,0.1053,0.0,0.1072,0.1072,0.1072,0.1072,0.1072,0.1072,0.1072,0.1072,0.1072,0.1072,0.1072,0.1072,0.1072,0.1072,0.1072,0.1072,0.1072,0.1072,0.1072,0.1072,0.0,0.1247,0.1247,0.1247,0.1247,0.1247,0.1247,0.1247,0.1247,0.1247,0.1247,0.1247,0.1247,0.1247,0.1247,0.1247,0.1247,0.1247,0.1247,0.1247,0.1247,0.0,0.1177,0.1247,0.1247,0.1247,0.1247,0.1247,0.1247,0.1247,0.1247,0.1247,0.1247,0.1247,0.1247,0.1247,0.1247,0.1247,0.1247,0.1247,0.1247,0.1247,0.1247,
58.36987900733948,1937,2022,2295,1487,0,1847,0,2178,1782,1350,1779,1336,1504,0,1629,1934,1628,0,1654,1422,0,1570,1871,1570,1418,1535,1523,1713,1961,1404,1318,1975,1898,1535,1349,1415,2284,1837,1487,1322,1655,0,1871,1519,1558,1465,1952,1445,1951,1399,1370,1445,1453,1853,1400,1792,1463,2232,2248,1406,2285,1906,0,1572,1552,1489,1560,1817,1893,1566,1443,1825,2108,1903,1577,2120,1505,1447,1394,1888,2121,1660,1338,0,1677,2043,1367,1373,1754,1933,1737,1625,1338,1386,1321,1713,1371,1347,1710,1231,1594,1468,1448,1326,0,1630,1833,1477,1432,1657,1327,1617,1665,1980,1895,1760,1586,1558,1848,1286,1262,0,1396,1503,1416,1419,0.1418,0.1418,0.1418,0.1418,0.1418,0.1418,0.1418,0.1418,0.1418,0.1418,0.1418,0.1418,0.1418,0.1418,0.1418,0.1418,0.1418,0.1418,0.1418,0.1418,0.0,0.1119,0.1119,0.1119,0.1119,0.1119,0.1119,0.1119,0.1119,0.1119,0.1119,0.1119,0.1119,0.1119,0.1119,0.1119,0.1119,0.1119,0.1119,0.1119,0.1119,0.0,0.1053,0.1053,0.1053,0.1053,0.1053,0.1053,0.1053,0.1053,0.1053,0.1053,0.1053,0.1053,0.1053,0.1053,0.1053,0.1053,0.1053,0.1053,0.1053,0.1053,0.0,0.1072,0.1072,0.1072,0.1072,0.1072,0.1072,0.1072,0.1072,0.1072,0.1072,0.1072,0.1072,0.1072,0.1072,0.1072,0.1072,0.1072,0.1072,0.1072,0.1072,0.0,0.1247,0.1247,0.1247,0.1247,0.1247,0.1247,0.1247,0.1247,0.1247,0.1247,0.1247,0.1247,0.1247,0.1247,0.1247,0.1247,0.1247,0.1247,0.1247,0.1247,0.0,0.1177,0.1247,0.1247,0.1247,0.1247,0.1247,0.1247,0.1247,0.1247,0.1247,0.1247,0.1247,0.1247,0.1247,0.1247,0.1247,0.1247,0.1247,0.1247,0.1247,0.1247,
58.57236099243164,1937,2022,2295,1487,0,1847,0,2178,1782,1350,1779,1336,1504,0,1629,1934,1628,0,1654,1422,0,1570,1871,1570,1418,1535,1523,1713,1961,1404,1318,1975,1898,1535,1349,1415,2284,1837,1487,1322,1655,0,1312,1473,2110,0,1852,1867,2137,1397,0,1212,2043,1603,1399,1425,1661,1675,1252,0,0,1955,0,2175,2232,1223,1614,1731,1223,0,1236,1282,1494,1352,1516,0,1216,1255,1597,1423,0,0,1727,0,1677,2043,1367,1373,1754,1933,1737,1625,1338,1386,1321,1713,1371,1347,1710,1231,1594,1468,1448,1326,0,1630,1833,1477,1432,1657,1327,1617,1665,1980,1895,1760,1586,1558,1848,1286,1262,0,1396,1503,1416,1419,0.1418,0.1418,0.1418,0.1418,0.1418,0.1418,0.1418,0.1418,0.1418,0.1418,0.1418,0.1418,0.1418,0.1418,0.1418,0.1418,0.1418,0.1418,0.1418,0.1418,0.0,0.1119,0.1119,0.1119,0.1119,0.1119,0.1119,0.1119,0.1119,0.1119,0.1119,0.1119,0.1119,0.1119,0.1119,0.1119,0.1119,0.1119,0.1119,0.1119,0.1119,0.0,0.1519,0.1519,0.1519,0.1519,0.1519,0.1519,0.1519,0.1519,0.1519,0.1519,0.1519,0.1519,0.1519,0.1519,0.1519,0.1519,0.1519,0.1519,0.1519,0.1519,0.0,0.1418,0.1418,0.1418,0.1418,0.1418,0.1418,0.1418,0.1418,0.1418,0.1418,0.1418,0.1418,0.1418,0.1418,0.1418,0.1418,0.1418,0.1418,0.1418,0.1418,0.0,0.1247,0.1247,0.1247,0.1247,0.1247,0.1247,0.1247,0.1247,0.1247,0.1247,0.1247,0.1247,0.1247,0.1247,0.1247,0.1247,0.1247,0.1247,0.1247,0.1247,0.0,0.1177,0.1247,0.1247,0.1247,0.1247,0.1247,0.1247,0.1247,0.1247,0.1247,0.1247,0.1247,0.1247,0.1247,0.1247,0.1247,0.1247,0.1247,0.1247,0.1247,0.1247,
58.77427291870117,1937,2022,2295,1487,0,1847,0,2178,1782,1350,1779,1336,1504,0,1629,1934,1628,0,1654,1422,0,1264,1682,1500,1310,1889,1681,2141,0,1386,0,2014,1897,1531,1820,1216,1865,0,1235,1231,1818,0,1312,1473,2110,0,1852,1867,2137,1397,0,1212,2043,1603,1399,1425,1661,1675,1252,0,0,1955,0,2175,2232,1223,1614,1731,1223,0,1236,1282,1494,1352,1516,0,1216,1255,1597,1423,0,0,1727,0,1677,2043,1367,1373,1754,1933,1737,1625,1338,1386,1321,1713,1371,1347,1710,1231,1594,1468,1448,1326,0,1630,1833,1477,1432,1657,1327,1617,1665,1980,1895,1760,1586,1558,1848,1286,1262,0,1396,1503,1416,1419,0.1418,0.1418,0.1418,0.1418,0.1418,0.1418,0.1418,0.1418,0.1418,0.1418,0.1418,0.1418,0.1418,0.1418,0.1418,0.1418,0.1418,0.1418,0.1418,0.1418,0.0,0.163,0.163,0.163,0.163,0.163,0.163,0.163,0.163,0.163,0.163,0.163,0.163,0.163,0.163,0.163,0.163,0.163,0.163,0.163,0.163,0.0,0.1519,0.1519,0.1519,0.1519,0.1519,0.1519,0.1519,0.1519,0.1519,0.1519,0.1519,0.1519,0.1519,0.1519,0.1519,0.1519,0.1519,0.1519,0.1519,0.1519,0.0,0.1418,0.1418,0.1418,0.1418,0.1418,0.1418,0.1418,0.1418,0.1418,0.1418,0.1418,0.1418,0.1418,0.1418,0.1418,0.1418,0.1418,0.1418,0.1418,0.1418,0.0,0.1247,0.1247,0.1247,0.1247,0.1247,0.1247,0.1247,0.1247,0.1247,0.1247,0.1247,0.1247,0.1247,0.1247,0.1247,0.1247,0.1247,0.1247,0.1247,0.1247,0.0,0.1177,0.1247,0.1247,0.1247,0.1247,0.1247,0.1247,0.1247,0.1247,0.1247,0.1247,0.1247,0.1247,0.1247,0.1247,0.1247,0.1247,0.1247,0.1247,0.1247,0.1247,
58.97620964050293,1937,2022,2295,1487,0,1847,0,2178,1782,1350,1779,1336,1504,0,1629,1934,1628,0,1654,1422,0,1264,1682,1500,1310,1889,1681,2141,0,1386,0,2014,1897,1531,1820,1216,1865,0,1235,1231,1818,0,1312,1473,2110,0,1852,1867,2137,1397,0,1212,2043,1603,1399,1425,1661,1675,1252,0,0,1955,0,2175,2232,1223,1614,1731,1223,0,1236,1282,1494,1352,1516,0,1216,1255,1597,1423,0,0,1727,0,1677,2043,1367,1373,1754,1933,1737,1625,1338,1386,1321,1713,1371,1347,1710,1231,1594,1468,1448,1326,0,2280,1330,1856,1571,0,1671,1712,1277,0,1339,1279,1598,1370,1248,2067,0,1472,1438,2010,1441,1797,0.1418,0.1418,0.1418,0.1418,0.1418,0.1418,0.1418,0.1418,0.1418,0.1418,0.1418,0.1418,0.1418,0.1418,0.1418,0.1418,0.1418,0.1418,0.1418,0.1418,0.0,0.163,0.163,0.163,0.163,0.163,0.163,0.163,0.163,0.163,0.163,0.163,0.163,0.163,0.163,0.163,0.163,0.163,0.163,0.163,0.163,0.0,0.1519,0.1519,0.1519,0.1519,0.1519,0.1519,0.1519,0.1519,0.1519,0.1519,0.1519,0.1519,0.1519,0.1519,0.1519,0.1519,0.1519,0.1519,0.1519,0.1519,0.0,0.1418,0.1418,0.1418,0.1418,0.1418,0.1418,0.1418,0.1418,0.1418,0.1418,0.1418,0.1418,0.1418,0.1418,0.1418,0.1418,0.1418,0.1418,0.1418,0.1418,0.0,0.1247,0.1247,0.1247,0.1247,0.1247,0.1247,0.1247,0.1247,0.1247,0.1247,0.1247,0.1247,0.1247,0.1247,0.1247,0.1247,0.1247,0.1247,0.1247,0.1247,0.0,0.1519,0.1813,0.1813,0.1813,0.1813,0.1813,0.1813,0.1813,0.1813,0.1813,0.1813,0.1813,0.1813,0.1813,0.1813,0.1813,0.1813,0.1813,0.1813,0.1813,0.1813,
59.07777428627014,1937,2022,2295,1487,0,1847,0,2178,1782,1350,1779,1336,1504,0,1629,1934,1628,0,1654,1422,0,1264,1682,1500,1310,1889,1681,2141,0,1386,0,2014,1897,1531,1820,1216,1865,0,1235,1231,1818,0,1312,1473,2110,0,1852,1867,2137,1397,0,1212,2043,1603,1399,1425,1661,1675,1252,0,0,1955,0,2175,2232,1223,1614,1731,1223,0,1236,1282,1494,1352,1516,0,1216,1255,1597,1423,0,0,1727,0,1677,2043,1367,1373,1754,1933,1737,1625,1338,1386,1321,1713,1371,1347,1710,1231,1594,1468,1448,1326,0,2280,1330,1856,1571,0,1671,1712,1277,0,1339,1279,1598,1370,1248,2067,0,1472,1438,2010,1441,1797,0.1418,0.1418,0.1418,0.1418,0.1418,0.1418,0.1418,0.1418,0.1418,0.1418,0.1418,0.1418,0.1418,0.1418,0.1418,0.1418,0.1418,0.1418,0.1418,0.1418,0.0,0.163,0.163,0.163,0.163,0.163,0.163,0.163,0.163,0.163,0.163,0.163,0.163,0.163,0.163,0.163,0.163,0.163,0.163,0.163,0.163,0.0,0.1519,0.1519,0.1519,0.1519,0.1519,0.1519,0.1519,0.1519,0.1519,0.1519,0.1519,0.1519,0.1519,0.1519,0.1519,0.1519,0.1519,0.1519,0.1519,0.1519,0.0,0.1418,0.1418,0.1418,0.1418,0.1418,0.1418,0.1418,0.1418,0.1418,0.1418,0.1418,0.1418,0.1418,0.1418,0.1418,0.1418,0.1418,0.1418,0.1418,0.1418,0.0,0.1247,0.1247,0.1247,0.1247,0.1247,0.1247,0.1247,0.1247,0.1247,0.1247,0.1247,0.1247,0.1247,0.1247,0.1247,0.1247,0.1247,0.1247,0.1247,0.1247,0.0,0.1519,0.1813,0.1813,0.1813,0.1813,0.1813,0.1813,0.1813,0.1813,0.1813,0.1813,0.1813,0.1813,0.1813,0.1813,0.1813,0.1813,0.1813,0.1813,0.1813,0.1813,
59.17933177947998,1937,2022,2295,1487,0,1847,0,2178,1782,1350,1779,1336,1504,0,1629,1934,1628,0,1654,1422,0,1264,1682,1500,1310,1889,1681,2141,0,1386,0,2014,1897,1531,1820,1216,1865,0,1235,1231,1818,0,1312,1473,2110,0,1852,1867,2137,1397,0,1212,2043,1603,1399,1425,1661,1675,1252,0,0,1955,0,2175,2232,1223,1614,1731,1223,0,1236,1282,1494,1352,1516,0,1216,1255,1597,1423,0,0,1727,0,1488,1282,1405,1362,1233,1484,0,1547,1911,1367,1459,1500,0,2190,2034,1558,1578,1764,1628,1651,0,2280,1330,1856,1571,0,1671,1712,1277,0,1339,1279,1598,1370,1248,2067,0,1472,1438,2010,1441,1797,0.1418,0.1418,0.1418,0.1418,0.1418,0.1418,0.1418,0.1418,0.1418,0.1418,0.1418,0.1418,0.1418,0.1418,0.1418,0.1418,0.1418,0.1418,0.1418,0.1418,0.0,0.163,0.163,0.163,0.163,0.163,0.163,0.163,0.163,0.163,0.163,0.163,0.163,0.163,0.163,0.163,0.163,0.163,0.163,0.163,0.163,0.0,0.1519,0.1519,0.1519,0.1519,0.1519,0.1519,0.1519,0.1519,0.1519,0.1519,0.1519,0.1519,0.1519,0.1519,0.1519,0.1519,0.1519,0.1519,0.1519,0.1519,0.0,0.1418,0.1418,0.1418,0.1418,0.1418,0.1418,0.1418,0.1418,0.1418,0.1418,0.1418,0.1418,0.1418,0.1418,0.1418,0.1418,0.1418,0.1418,0.1418,0.1418,0.0,0.1813,0.1813,0.1813,0.1813,0.1813,0.1813,0.1813,0.1813,0.1813,0.1813,0.1813,0.1813,0.1813,0.1813,0.1813,0.1813,0.1813,0.1813,0.1813,0.1813,0.0,0.1519,0.1813,0.1813,0.1813,0.1813,0.1813,0.1813,0.1813,0.1813,0.1813,0.1813,0.1813,0.1813,0.1813,0.1813,0.1813,0.1813,0.1813,0.1813,0.1813,0.1813,
59.28100228309631,1937,2022,2295,1487,0,1847,0,2178,1782,1350,1779,1336,1504,0,1629,1934,1628,0,1654,1422,0,1264,1682,1500,1310,1889,1681,2141,0,1386,0,2014,1897,1531,1820,1216,1865,0,1235,1231,1818,0,1312,1473,2110,0,1852,1867,2137,1397,0,1212,2043,1603,1399,1425,1661,1675,1252,0,0,1955,0,2175,2232,1223,1614,1731,1223,0,1236,1282,1494,1352,1516,0,1216,1255,1597,1423,0,0,1727,0,1488,1282,1405,1362,1233,1484,0,1547,1911,1367,1459,1500,0,2190,2034,1558,1578,1764,1628,1651,0,2280,1330,1856,1571,0,1671,1712,1277,0,1339,1279,1598,1370,1248,2067,0,1472,1438,2010,1441,1797,0.1418,0.1418,0.1418,0.1418,0.1418,0.1418,0.1418,0.1418,0.1418,0.1418,0.1418,0.1418,0.1418,0.1418,0.1418,0.1418,0.1418,0.1418,0.1418,0.1418,0.0,0.163,0.163,0.163,0.163,0.163,0.163,0.163,0.163,0.163,0.163,0.163,0.163,0.163,0.163,0.163,0.163,0.163,0.163,0.163,0.163,0.0,0.1519,0.1519,0.1519,0.1519,0.1519,0.1519,0.1519,0.1519,0.1519,0.1519,0.1519,0.1519,0.1519,0.1519,0.1519,0.1519,0.1519,0.1519,0.1519,0.1519,0.0,0.1418,0.1418,0.1418,0.1418,0.1418,0.1418,0.1418,0.1418,0.1418,0.1418,0.1418,0.1418,0.1418,0.1418,0.1418,0.1418,0.1418,0.1418,0.1418,0.1418,0.0,0.1813,0.1813,0.1813,0.1813,0.1813,0.1813,0.1813,0.1813,0.1813,0.1813,0.1813,0.1813,0.1813,0.1813,0.1813,0.1813,0.1813,0.1813,0.1813,0.1813,0.0,0.1519,0.1813,0.1813,0.1813,0.1813,0.1813,0.1813,0.1813,0.1813,0.1813,0.1813,0.1813,0.1813,0.1813,0.1813,0.1813,0.1813,0.1813,0.1813,0.1813,0.1813,
59.432750940322876,1881,1924,1863,1312,1432,1952,1621,1665,1953,1747,1685,1954,1794,1897,1755,1683,1823,1914,2014,1956,0,1264,1682,1500,1310,1889,1681,2141,0,1386,0,2014,1897,1531,1820,1216,1865,0,1235,1231,1818,0,1312,1473,2110,0,1852,1867,2137,1397,0,1212,2043,1603,1399,1425,1661,1675,1252,0,0,1955,0,2175,2232,1223,1614,1731,1223,0,1236,1282,1494,1352,1516,0,1216,1255,1597,1423,0,0,1727,0,1488,1282,1405,1362,1233,1484,0,1547,1911,1367,1459,1500,0,2190,2034,1558,1578,1764,1628,1651,0,2280,1330,1856,1571,0,1671,1712,1277,0,1339,1279,1598,1370,1248,2067,0,1472,1438,2010,1441,1797,0.2016,0.2016,0.2016,0.2016,0.2016,0.2016,0.2016,0.2016,0.2016,0.2016,0.2016,0.2016,0.2016,0.2016,0.2016,0.2016,0.2016,0.2016,0.2016,0.2016,0.0,0.163,0.163,0.163,0.163,0.163,0.163,0.163,0.163,0.163,0.163,0.163,0.163,0.163,0.163,0.163,0.163,0.163,0.163,0.163,0.163,0.0,0.1519,0.1519,0.1519,0.1519,0.1519,0.1519,0.1519,0.1519,0.1519,0.1519,0.1519,0.1519,0.1519,0.1519,0.1519,0.1519,0.1519,0.1519,0.1519,0.1519,0.0,0.1418,0.1418,0.1418,0.1418,0.1418,0.1418,0.1418,0.1418,0.1418,0.1418,0.1418,0.1418,0.1418,0.1418,0.1418,0.1418,0.1418,0.1418,0.1418,0.1418,0.0,0.1813,0.1813,0.1813,0.1813,0.1813,0.1813,0.1813,0.1813,0.1813,0.1813,0.1813,0.1813,0.1813,0.1813,0.1813,0.1813,0.1813,0.1813,0.1813,0.1813,0.0,0.1519,0.1813,0.1813,0.1813,0.1813,0.1813,0.1813,0.1813,0.1813,0.1813,0.1813,0.1813,0.1813,0.1813,0.1813,0.1813,0.1813,0.1813,0.1813,0.1813,0.1813,
59.58447074890137,1881,1924,1863,1312,1432,1952,1621,1665,1953,1747,1685,1954,1794,1897,1755,1683,1823,1914,2014,1956,0,1264,1682,1500,1310,1889,1681,2141,0,1386,0,2014,1897,1531,1820,1216,1865,0,1235,1231,1818,0,2152,1475,1319,1498,1551,1704,1671,1797,1682,1658,1882,1872,1964,1839,2036,1902,2025,2133,2002,2147,0,1430,0,1421,1419,0,1714,1648,1517,1680,1747,1961,1793,1909,1963,1414,1895,2048,2058,2133,2123,0,1488,1282,1405,1362,1233,1484,0,1547,1911,1367,1459,1500,0,2190,2034,1558,1578,1764,1628,1651,0,2280,1330,1856,1571,0,1671,1712,1277,0,1339,1279,1598,1370,1248,2067,0,1472,1438,2010,1441,1797,0.2016,0.2016,0.2016,0.2016,0.2016,0.2016,0.2016,0.2016,0.2016,0.2016,0.2016,0.2016,0.2016,0.2016,0.2016,0.2016,0.2016,0.2016,0.2016,0.2016,0.0,0.163,0.163,0.163,0.163,0.163,0.163,0.163,0.163,0.163,0.163,0.163,0.163,0.163,0.163,0.163,0.163,0.163,0.163,0.163,0.163,0.0,0.2016,0.2161,0.2161,0.2161,0.2161,0.2161,0.2161,0.2161,0.2161,0.2161,0.2161,0.2161,0.2161,0.2161,0.2161,0.2161,0.2161,0.2161,0.2161,0.2161,0.0,0.2016,0.2161,0.2161,0.2161,0.2161,0.2161,0.2161,0.2161,0.2161,0.2161,0.2161,0.2161,0.2161,0.2161,0.2161,0.2161,0.2161,0.2161,0.2161,0.2161,0.0,0.1813,0.1813,0.1813,0.1813,0.1813,0.1813,0.1813,0.1813,0.1813,0.1813,0.1813,0.1813,0.1813,0.1813,0.1813,0.1813,0.1813,0.1813,0.1813,0.1813,0.0,0.1519,0.1813,0.1813,0.1813,0.1813,0.1813,0.1813,0.1813,0.1813,0.1813,0.1813,0.1813,0.1813,0.1813,0.1813,0.1813,0.1813,0.1813,0.1813,0.1813,0.1813,
59.78684401512146,1881,1924,1863,1312,1432,1952,1621,1665,1953,1747,1685,1954,1794,1897,1755,1683,1823,1914,2014,1956,0,1279,1756,1377,1726,2008,1424,1635,1939,1898,1857,1953,2142,1995,2106,2144,2209,2210,2182,2208,2207,0,2152,1475,1319,1498,1551,1704,1671,1797,1682,1658,1882,1872,1964,1839,2036,1902,2025,2133,2002,2147,0,1430,0,1421,1419,0,1714,1648,1517,1680,1747,1961,1793,1909,1963,1414,1895,2048,2058,2133,2123,0,1488,1282,1405,1362,1233,1484,0,1547,1911,1367,1459,1500,0,2190,2034,1558,1578,1764,1628,1651,0,2280,1330,1856,1571,0,1671,1712,1277,0,1339,1279,1598,1370,1248,2067,0,1472,1438,2010,1441,1797,0.2016,0.2016,0.2016,0.2016,0.2016,0.2016,0.2016,0.2016,0.2016,0.2016,0.2016,0.2016,0.2016,0.2016,0.2016,0.2016,0.2016,0.2016,0.2016,0.2016,0.0,0.2237,0.2237,0.2237,0.2237,0.2237,0.2237,0.2237,0.2237,0.2237,0.2237,0.2237,0.2237,0.2237,0.2237,0.2237,0.2237,0.2237,0.2237,0.2237,0.2237,0.0,0.2016,0.2161,0.2161,0.2161,0.2161,0.2161,0.2161,0.2161,0.2161,0.2161,0.2161,0.2161,0.2161,0.2161,0.2161,0.2161,0.2161,0.2161,0.2161,0.2161,0.0,0.2016,0.2161,0.2161,0.2161,0.2161,0.2161,0.2161,0.2161,0.2161,0.2161,0.2161,0.2161,0.2161,0.2161,0.2161,0.2161,0.2161,0.2161,0.2161,0.2161,0.0,0.1813,0.1813,0.1813,0.1813,0.1813,0.1813,0.1813,0.1813,0.1813,0.1813,0.1813,0.1813,0.1813,0.1813,0.1813,0.1813,0.1813,0.1813,0.1813,0.1813,0.0,0.1519,0.1813,0.1813,0.1813,0.1813,0.1813,0.1813,0.1813,0.1813,0.1813,0.1813,0.1813,0.1813,0.1813,0.1813,0.1813,0.1813,0.1813,0.1813,0.1813,0.1813,
59.888442277908325,1881,1924,1863,1312,1432,1952,1621,1665,1953,1747,1685,1954,1794,1897,1755,1683,1823,1914,2014,1956,0,1279,1756,1377,1726,2008,1424,1635,1939,1898,1857,1953,2142,1995,2106,2144,2209,2210,2182,2208,2207,0,2152,1475,1319,1498,1551,1704,1671,1797,1682,1658,1882,1872,1964,1839,2036,1902,2025,2133,2002,2147,0,1430,0,1421,1419,0,1714,1648,1517,1680,1747,1961,1793,1909,1963,1414,1895,2048,2058,2133,2123,0,1749,1738,1969,2004,2016,2131,2184,1924,2111,2208,2184,2063,2175,2184,2328,2249,2246,2332,2274,2371,0,1419,1838,1829,1735,1874,1899,1851,1987,1922,1938,2036,1987,2111,1956,1928,1934,2044,2175,2035,2328,2378,0.2016,0.2016,0.2016,0.2016,0.2016,0.2016,0.2016,0.2016,0.2016,0.2016,0.2016,0.2016,0.2016,0.2016,0.2016,0.2016,0.2016,0.2016,0.2016,0.2016,0.0,0.2237,0.2237,0.2237,0.2237,0.2237,0.2237,0.2237,0.2237,0.2237,0.2237,0.2237,0.2237,0.2237,0.2237,0.2237,0.2237,0.2237,0.2237,0.2237,0.2237,0.0,0.2016,0.2161,0.2161,0.2161,0.2161,0.2161,0.2161,0.2161,0.2161,0.2161,0.2161,0.2161,0.2161,0.2161,0.2161,0.2161,0.2161,0.2161,0.2161,0.2161,0.0,0.2016,0.2161,0.2161,0.2161,0.2161,0.2161,0.2161,0.2161,0.2161,0.2161,0.2161,0.2161,0.2161,0.2161,0.2161,0.2161,0.2161,0.2161,0.2161,0.2161,0.0,0.2393,0.2393,0.2393,0.2393,0.2393,0.2393,0.2393,0.2393,0.2393,0.2393,0.2393,0.2393,0.2393,0.2393,0.2393,0.2393,0.2393,0.2393,0.2393,0.2393,0.0,0.2237,0.2473,0.2473,0.2473,0.2473,0.2473,0.2473,0.2473,0.2473,0.2473,0.2473,0.2473,0.2473,0.2473,0.2473,0.2473,0.2473,0.2473,0.2473,0.2473,0.2473,
60.09030103683472,1989,1893,2171,2163,1866,2022,2119,2150,2167,2152,2191,2221,2271,2264,2357,2483,2393,2441,2371,2501,0,1279,1756,1377,1726,2008,1424,1635,1939,1898,1857,1953,2142,1995,2106,2144,2209,2210,2182,2208,2207,0,2152,1475,1319,1498,1551,1704,1671,1797,1682,1658,1882,1872,1964,1839,2036,1902,2025,2133,2002,2147,0,1430,0,1421,1419,0,1714,1648,1517,1680,1747,1961,1793,1909,1963,1414,1895,2048,2058,2133,2123,0,1749,1738,1969,2004,2016,2131,2184,1924,2111,2208,2184,2063,2175,2184,2328,2249,2246,2332,2274,2371,0,1419,1838,1829,1735,1874,1899,1851,1987,1922,1938,2036,1987,2111,1956,1928,1934,2044,2175,2035,2328,2378,0.2723,0.2723,0.2723,0.2723,0.2723,0.2723,0.2723,0.2723,0.2723,0.2723,0.2723,0.2723,0.2723,0.2723,0.2723,0.2723,0.2723,0.2723,0.2723,0.2723,0.0,0.2237,0.2237,0.2237,0.2237,0.2237,0.2237,0.2237,0.2237,0.2237,0.2237,0.2237,0.2237,0.2237,0.2237,0.2237,0.2237,0.2237,0.2237,0.2237,0.2237,0.0,0.2016,0.2161,0.2161,0.2161,0.2161,0.2161,0.2161,0.2161,0.2161,0.2161,0.2161,0.2161,0.2161,0.2161,0.2161,0.2161,0.2161,0.2161,0.2161,0.2161,0.0,0.2016,0.2161,0.2161,0.2161,0.2161,0.2161,0.2161,0.2161,0.2161,0.2161,0.2161,0.2161,0.2161,0.2161,0.2161,0.2161,0.2161,0.2161,0.2161,0.2161,0.0,0.2393,0.2393,0.2393,0.2393,0.2393,0.2393,0.2393,0.2393,0.2393,0.2393,0.2393,0.2393,0.2393,0.2393,0.2393,0.2393,0.2393,0.2393,0.2393,0.2393,0.0,0.2237,0.2473,0.2473,0.2473,0.2473,0.2473,0.2473,0.2473,0.2473,0.2473,0.2473,0.2473,0.2473,0.2473,0.2473,0.2473,0.2473,0.2473,0.2473,0.2473,0.2473,
60.292216539382935,1989,1893,2171,2163,1866,2022,2119,2150,2167,2152,2191,2221,2271,2264,2357,2483,2393,2441,2371,2501,0,1279,1756,1377,1726,2008,1424,1635,1939,1898,1857,1953,2142,1995,2106,2144,2209,2210,2182,2208,2207,0,2199,2231,2317,2258,2262,2056,2266,2187,2234,2274,2309,2236,2261,2271,2282,2288,2370,2408,2509,2420,0,2202,2147,2008,2237,2266,2200,2176,2345,2300,2159,2195,2342,2277,2256,2470,2366,2291,2431,2441,2357,0,1749,1738,1969,2004,2016,2131,2184,1924,2111,2208,2184,2063,2175,2184,2328,2249,2246,2332,2274,2371,0,1419,1838,1829,1735,1874,1899,1851,1987,1922,1938,2036,1987,2111,1956,1928,1934,2044,2175,2035,2328,2378,0.2723,0.2723,0.2723,0.2723,0.2723,0.2723,0.2723,0.2723,0.2723,0.2723,0.2723,0.2723,0.2723,0.2723,0.2723,0.2723,0.2723,0.2723,0.2723,0.2723,0.0,0.2237,0.2237,0.2237,0.2237,0.2237,0.2237,0.2237,0.2237,0.2237,0.2237,0.2237,0.2237,0.2237,0.2237,0.2237,0.2237,0.2237,0.2237,0.2237,0.2237,0.0,0.2555,0.2723,0.2723,0.2723,0.2723,0.2723,0.2723,0.2723,0.2723,0.2723,0.2723,0.2723,0.2723,0.2723,0.2723,0.2723,0.2723,0.2723,0.2723,0.2723,0.0,0.2723,0.2723,0.2723,0.2723,0.2723,0.2723,0.2723,0.2723,0.2723,0.2723,0.2723,0.2723,0.2723,0.2723,0.2723,0.2723,0.2723,0.2723,0.2723,0.2723,0.0,0.2393,0.2393,0.2393,0.2393,0.2393,0.2393,0.2393,0.2393,0.2393,0.2393,0.2393,0.2393,0.2393,0.2393,0.2393,0.2393,0.2393,0.2393,0.2393,0.2393,0.0,0.2237,0.2473,0.2473,0.2473,0.2473,0.2473,0.2473,0.2473,0.2473,0.2473,0.2473,0.2473,0.2473,0.2473,0.2473,0.2473,0.2473,0.2473,0.2473,0.2473,0.2473,
60.3941171169281,1989,1893,2171,2163,1866,2022,2119,2150,2167,2152,2191,2221,2271,2264,2357,2483,2393,2441,2371,2501,0,2240,2264,2142,2226,2196,2410,2289,2296,2241,2316,2254,2336,2258,2272,2452,2577,2569,2515,2711,2700,0,2199,2231,2317,2258,2262,2056,2266,2187,2234,2274,2309,2236,2261,2271,2282,2288,2370,2408,2509,2420,0,2202,2147,2008,2237,2266,2200,2176,2345,2300,2159,2195,2342,2277,2256,2470,2366,2291,2431,2441,2357,0,1749,1738,1969,2004,2016,2131,2184,1924,2111,2208,2184,2063,2175,2184,2328,2249,2246,2332,2274,2371,0,1419,1838,1829,1735,1874,1899,1851,1987,1922,1938,2036,1987,2111,1956,1928,1934,2044,2175,2035,2328,2378,0.2723,0.2723,0.2723,0.2723,0.2723,0.2723,0.2723,0.2723,0.2723,0.2723,0.2723,0.2723,0.2723,0.2723,0.2723,0.2723,0.2723,0.2723,0.2723,0.2723,0.0,0.2809,0.2809,0.2809,0.2809,0.2809,0.2809,0.2809,0.2809,0.2809,0.2809,0.2809,0.2809,0.2809,0.2809,0.2809,0.2809,0.2809,0.2809,0.2809,0.2809,0.0,0.2555,0.2723,0.2723,0.2723,0.2723,0.2723,0.2723,0.2723,0.2723,0.2723,0.2723,0.2723,0.2723,0.2723,0.2723,0.2723,0.2723,0.2723,0.2723,0.2723,0.0,0.2723,0.2723,0.2723,0.2723,0.2723,0.2723,0.2723,0.2723,0.2723,0.2723,0.2723,0.2723,0.2723,0.2723,0.2723,0.2723,0.2723,0.2723,0.2723,0.2723,0.0,0.2393,0.2393,0.2393,0.2393,0.2393,0.2393,0.2393,0.2393,0.2393,0.2393,0.2393,0.2393,0.2393,0.2393,0.2393,0.2393,0.2393,0.2393,0.2393,0.2393,0.0,0.2237,0.2473,0.2473,0.2473,0.2473,0.2473,0.2473,0.2473,0.2473,0.2473,0.2473,0.2473,0.2473,0.2473,0.2473,0.2473,0.2473,0.2473,0.2473,0.2473,0.2473,
60.495710611343384,1989,1893,2171,2163,1866,2022,2119,2150,2167,2152,2191,2221,2271,2264,2357,2483,2393,2441,2371,2501,0,2240,2264,2142,2226,2196,2410,2289,2296,2241,2316,2254,2336,2258,2272,2452,2577,2569,2515,2711,2700,0,2199,2231,2317,2258,2262,2056,2266,2187,2234,2274,2309,2236,2261,2271,2282,2288,2370,2408,2509,2420,0,2202,2147,2008,2237,2266,2200,2176,2345,2300,2159,2195,2342,2277,2256,2470,2366,2291,2431,2441,2357,0,1749,1738,1969,2004,2016,2131,2184,1924,2111,2208,2184,2063,2175,2184,2328,2249,2246,2332,2274,2371,0,2287,2238,2301,2415,2367,2424,2428,2269,2480,2561,2390,2591,2508,2698,2861,2923,2806,2858,2963,2958,2890,0.2723,0.2723,0.2723,0.2723,0.2723,0.2723,0.2723,0.2723,0.2723,0.2723,0.2723,0.2723,0.2723,0.2723,0.2723,0.2723,0.2723,0.2723,0.2723,0.2723,0.0,0.2809,0.2809,0.2809,0.2809,0.2809,0.2809,0.2809,0.2809,0.2809,0.2809,0.2809,0.2809,0.2809,0.2809,0.2809,0.2809,0.2809,0.2809,0.2809,0.2809,0.0,0.2555,0.2723,0.2723,0.2723,0.2723,0.2723,0.2723,0.2723,0.2723,0.2723,0.2723,0.2723,0.2723,0.2723,0.2723,0.2723,0.2723,0.2723,0.2723,0.2723,0.0,0.2723,0.2723,0.2723,0.2723,0.2723,0.2723,0.2723,0.2723,0.2723,0.2723,0.2723,0.2723,0.2723,0.2723,0.2723,0.2723,0.2723,0.2723,0.2723,0.2723,0.0,0.2393,0.2393,0.2393,0.2393,0.2393,0.2393,0.2393,0.2393,0.2393,0.2393,0.2393,0.2393,0.2393,0.2393,0.2393,0.2393,0.2393,0.2393,0.2393,0.2393,0.0,0.2984,0.2984,0.2984,0.2984,0.2984,0.2984,0.2984,0.2984,0.2984,0.2984,0.2984,0.2984,0.2984,0.2984,0.2984,0.2984,0.2984,0.2984,0.2984,0.2984,0.2984,
60.64743900299072,1989,1893,2171,2163,1866,2022,2119,2150,2167,2152,2191,2221,2271,2264,2357,2483,2393,2441,2371,2501,0,2240,2264,2142,2226,2196,2410,2289,2296,2241,2316,2254,2336,2258,2272,2452,2577,2569,2515,2711,2700,0,2199,2231,2317,2258,2262,2056,2266,2187,2234,2274,2309,2236,2261,2271,2282,2288,2370,2408,2509,2420,0,2202,2147,2008,2237,2266,2200,2176,2345,2300,2159,2195,2342,2277,2256,2470,2366,2291,2431,2441,2357,0,2383,2455,2390,2496,2424,2470,2419,2593,2699,2518,2674,2828,2784,2784,2771,2822,2904,2866,2917,6070,0,2287,2238,2301,2415,2367,2424,2428,2269,2480,2561,2390,2591,2508,2698,2861,2923,2806,2858,2963,2958,2890,0.2723,0.2723,0.2723,0.2723,0.2723,0.2723,0.2723,0.2723,0.2723,0.2723,0.2723,0.2723,0.2723,0.2723,0.2723,0.2723,0.2723,0.2723,0.2723,0.2723,0.0,0.2809,0.2809,0.2809,0.2809,0.2809,0.2809,0.2809,0.2809,0.2809,0.2809,0.2809,0.2809,0.2809,0.2809,0.2809,0.2809,0.2809,0.2809,0.2809,0.2809,0.0,0.2555,0.2723,0.2723,0.2723,0.2723,0.2723,0.2723,0.2723,0.2723,0.2723,0.2723,0.2723,0.2723,0.2723,0.2723,0.2723,0.2723,0.2723,0.2723,0.2723,0.0,0.2723,0.2723,0.2723,0.2723,0.2723,0.2723,0.2723,0.2723,0.2723,0.2723,0.2723,0.2723,0.2723,0.2723,0.2723,0.2723,0.2723,0.2723,0.2723,0.2723,0.0,0.3073,0.3073,0.3073,0.3073,0.3073,0.3073,0.3073,0.3073,0.3073,0.3073,0.3073,0.3073,0.3073,0.3073,0.3073,0.3073,0.3073,0.3073,0.3073,0.3073,0.0,0.2984,0.2984,0.2984,0.2984,0.2984,0.2984,0.2984,0.2984,0.2984,0.2984,0.2984,0.2984,0.2984,0.2984,0.2984,0.2984,0.2984,0.2984,0.2984,0.2984,0.2984,
60.74900507926941,1989,1893,2171,2163,1866,2022,2119,2150,2167,2152,2191,2221,2271,2264,2357,2483,2393,2441,2371,2501,0,2240,2264,2142,2226,2196,2410,2289,2296,2241,2316,2254,2336,2258,2272,2452,2577,2569,2515,2711,2700,0,2199,2231,2317,2258,2262,2056,2266,2187,2234,2274,2309,2236,2261,2271,2282,2288,2370,2408,2509,2420,0,2640,2621,2808,2791,2858,2824,2901,2822,3062,3008,2999,3095,3146,3214,2893,3242,3206,3201,3279,3248,0,2383,2455,2390,2496,2424,2470,2419,2593,2699,2518,2674,2828,2784,2784,2771,2822,2904,2866,2917,6070,0,2287,2238,2301,2415,2367,2424,2428,2269,2480,2561,2390,2591,2508,2698,2861,2923,2806,2858,2963,2958,2890,0.2723,0.2723,0.2723,0.2723,0.2723,0.2723,0.2723,0.2723,0.2723,0.2723,0.2723,0.2723,0.2723,0.2723,0.2723,0.2723,0.2723,0.2723,0.2723,0.2723,0.0,0.2809,0.2809,0.2809,0.2809,0.2809,0.2809,0.2809,0.2809,0.2809,0.2809,0.2809,0.2809,0.2809,0.2809,0.2809,0.2809,0.2809,0.2809,0.2809,0.2809,0.0,0.2555,0.2723,0.2723,0.2723,0.2723,0.2723,0.2723,0.2723,0.2723,0.2723,0.2723,0.2723,0.2723,0.2723,0.2723,0.2723,0.2723,0.2723,0.2723,0.2723,0.0,0.3254,0.3254,0.3254,0.3254,0.3254,0.3254,0.3254,0.3254,0.3254,0.3254,0.3254,0.3254,0.3254,0.3254,0.3254,0.3254,0.3254,0.3254,0.3254,0.3254,0.0,0.3073,0.3073,0.3073,0.3073,0.3073,0.3073,0.3073,0.3073,0.3073,0.3073,0.3073,0.3073,0.3073,0.3073,0.3073,0.3073,0.3073,0.3073,0.3073,0.3073,0.0,0.2984,0.2984,0.2984,0.2984,0.2984,0.2984,0.2984,0.2984,0.2984,0.2984,0.2984,0.2984,0.2984,0.2984,0.2984,0.2984,0.2984,0.2984,0.2984,0.2984,0.2984,
60.85059905052185,2520,2591,2568,2302,2800,2700,2731,2763,2856,2872,3016,2949,2870,3049,3082,3016,3089,3140,3134,3225,0,2240,2264,2142,2226,2196,2410,2289,2296,2241,2316,2254,2336,2258,2272,2452,2577,2569,2515,2711,2700,0,2524,2649,2558,2743,2763,2850,2804,2818,2898,2942,2973,3036,3024,3126,3143,3142,3201,3144,3132,3248,0,2640,2621,2808,2791,2858,2824,2901,2822,3062,3008,2999,3095,3146,3214,2893,3242,3206,3201,3279,3248,0,2383,2455,2390,2496,2424,2470,2419,2593,2699,2518,2674,2828,2784,2784,2771,2822,2904,2866,2917,6070,0,2287,2238,2301,2415,2367,2424,2428,2269,2480,2561,2390,2591,2508,2698,2861,2923,2806,2858,2963,2958,2890,0.3163,0.3163,0.3163,0.3163,0.3163,0.3163,0.3163,0.3163,0.3163,0.3163,0.3163,0.3163,0.3163,0.3163,0.3163,0.3163,0.3163,0.3163,0.3163,0.3163,0.0,0.2809,0.2809,0.2809,0.2809,0.2809,0.2809,0.2809,0.2809,0.2809,0.2809,0.2809,0.2809,0.2809,0.2809,0.2809,0.2809,0.2809,0.2809,0.2809,0.2809,0.0,0.3346,0.3346,0.3346,0.3346,0.3346,0.3346,0.3346,0.3346,0.3346,0.3346,0.3346,0.3346,0.3346,0.3346,0.3346,0.3346,0.3346,0.3346,0.3346,0.3346,0.0,0.3254,0.3254,0.3254,0.3254,0.3254,0.3254,0.3254,0.3254,0.3254,0.3254,0.3254,0.3254,0.3254,0.3254,0.3254,0.3254,0.3254,0.3254,0.3254,0.3254,0.0,0.3073,0.3073,0.3073,0.3073,0.3073,0.3073,0.3073,0.3073,0.3073,0.3073,0.3073,0.3073,0.3073,0.3073,0.3073,0.3073,0.3073,0.3073,0.3073,0.3073,0.0,0.2984,0.2984,0.2984,0.2984,0.2984,0.2984,0.2984,0.2984,0.2984,0.2984,0.2984,0.2984,0.2984,0.2984,0.2984,0.2984,0.2984,0.2984,0.2984,0.2984,0.2984,
60.95217442512512,2520,2591,2568,2302,2800,2700,2731,2763,2856,2872,3016,2949,2870,3049,3082,3016,3089,3140,3134,3225,0,2727,2752,2835,2785,2947,2914,5882,2908,2997,3007,3076,3140,3180,3204,3112,3123,3154,3182,3198,3192,0,2524,2649,2558,2743,2763,2850,2804,2818,2898,2942,2973,3036,3024,3126,3143,3142,3201,3144,3132,3248,0,2640,2621,2808,2791,2858,2824,2901,2822,3062,3008,2999,3095,3146,3214,2893,3242,3206,3201,3279,3248,0,2383,2455,2390,2496,2424,2470,2419,2593,2699,2518,2674,2828,2784,2784,2771,2822,2904,2866,2917,6070,0,3024,2994,3037,2956,3023,3060,3097,3171,3118,3200,3330,3329,3401,3320,3301,3359,3393,3299,3337,3430,3475,0.3163,0.3163,0.3163,0.3163,0.3163,0.3163,0.3163,0.3163,0.3163,0.3163,0.3163,0.3163,0.3163,0.3163,0.3163,0.3163,0.3163,0.3163,0.3163,0.3163,0.0,0.3438,0.3438,0.3438,0.3438,0.3438,0.3438,0.3438,0.3438,0.3438,0.3438,0.3438,0.3438,0.3438,0.3438,0.3438,0.3438,0.3438,0.3438,0.3438,0.3438,0.0,0.3346,0.3346,0.3346,0.3346,0.3346,0.3346,0.3346,0.3346,0.3346,0.3346,0.3346,0.3346,0.3346,0.3346,0.3346,0.3346,0.3346,0.3346,0.3346,0.3346,0.0,0.3254,0.3254,0.3254,0.3254,0.3254,0.3254,0.3254,0.3254,0.3254,0.3254,0.3254,0.3254,0.3254,0.3254,0.3254,0.3254,0.3254,0.3254,0.3254,0.3254,0.0,0.3073,0.3073,0.3073,0.3073,0.3073,0.3073,0.3073,0.3073,0.3073,0.3073,0.3073,0.3073,0.3073,0.3073,0.3073,0.3073,0.3073,0.3073,0.3073,0.3073,0.0,0.3346,0.3624,0.3624,0.3624,0.3624,0.3624,0.3624,0.3624,0.3624,0.3624,0.3624,0.3624,0.3624,0.3624,0.3624,0.3624,0.3624,0.3624,0.3624,0.3624,0.3624,
61.05387830734253,2520,2591,2568,2302,2800,2700,2731,2763,2856,2872,3016,2949,2870,3049,3082,3016,3089,3140,3134,3225,0,2727,2752,2835,2785,2947,2914,5882,2908,2997,3007,3076,3140,3180,3204,3112,3123,3154,3182,3198,3192,0,2524,2649,2558,2743,2763,2850,2804,2818,2898,2942,2973,3036,3024,3126,3143,3142,3201,3144,3132,3248,0,2640,2621,2808,2791,2858,2824,2901,2822,3062,3008,2999,3095,3146,3214,2893,3242,3206,3201,3279,3248,0,2383,2455,2390,2496,2424,2470,2419,2593,2699,2518,2674,2828,2784,2784,2771,2822,2904,2866,2917,6070,0,3024,2994,3037,2956,3023,3060,3097,3171,3118,3200,3330,3329,3401,3320,3301,3359,3393,3299,3337,3430,3475,0.3163,0.3163,0.3163,0.3163,0.3163,0.3163,0.3163,0.3163,0.3163,0.3163,0.3163,0.3163,0.3163,0.3163,0.3163,0.3163,0.3163,0.3163,0.3163,0.3163,0.0,0.3438,0.3438,0.3438,0.3438,0.3438,0.3438,0.3438,0.3438,0.3438,0.3438,0.3438,0.3438,0.3438,0.3438,0.3438,0.3438,0.3438,0.3438,0.3438,0.3438,0.0,0.3346,0.3346,0.3346,0.3346,0.3346,0.3346,0.3346,0.3346,0.3346,0.3346,0.3346,0.3346,0.3346,0.3346,0.3346,0.3346,0.3346,0.3346,0.3346,0.3346,0.0,0.3254,0.3254,0.3254,0.3254,0.3254,0.3254,0.3254,0.3254,0.3254,0.3254,0.3254,0.3254,0.3254,0.3254,0.3254,0.3254,0.3254,0.3254,0.3254,0.3254,0.0,0.3073,0.3073,0.3073,0.3073,0.3073,0.3073,0.3073,0.3073,0.3073,0.3073,0.3073,0.3073,0.3073,0.3073,0.3073,0.3073,0.3073,0.3073,0.3073,0.3073,0.0,0.3346,0.3624,0.3624,0.3624,0.3624,0.3624,0.3624,0.3624,0.3624,0.3624,0.3624,0.3624,0.3624,0.3624,0.3624,0.3624,0.3624,0.3624,0.3624,0.3624,0.3624,
61.205950021743774,2520,2591,2568,2302,2800,2700,2731,2763,2856,2872,3016,2949,2870,3049,3082,3016,3089,3140,3134,3225,0,2727,2752,2835,2785,2947,2914,5882,2908,2997,3007,3076,3140,3180,3204,3112,3123,3154,3182,3198,3192,0,2524,2649,2558,2743,2763,2850,2804,2818,2898,2942,2973,3036,3024,3126,3143,3142,3201,3144,3132,3248,0,2640,2621,2808,2791,2858,2824,2901,2822,3062,3008,2999,3095,3146,3214,2893,3242,3206,3201,3279,3248,0,3004,3165,3151,3134,3198,3251,3287,3237,3231,3382,3344,3323,3303,3450,3480,3414,3426,3481,3533,3484,0,3024,2994,3037,2956,3023,3060,3097,3171,3118,3200,3330,3329,3401,3320,3301,3359,3393,3299,3337,3430,3475,0.3163,0.3163,0.3163,0.3163,0.3163,0.3163,0.3163,0.3163,0.3163,0.3163,0.3163,0.3163,0.3163,0.3163,0.3163,0.3163,0.3163,0.3163,0.3163,0.3163,0.0,0.3438,0.3438,0.3438,0.3438,0.3438,0.3438,0.3438,0.3438,0.3438,0.3438,0.3438,0.3438,0.3438,0.3438,0.3438,0.3438,0.3438,0.3438,0.3438,0.3438,0.0,0.3346,0.3346,0.3346,0.3346,0.3346,0.3346,0.3346,0.3346,0.3346,0.3346,0.3346,0.3346,0.3346,0.3346,0.3346,0.3346,0.3346,0.3346,0.3346,0.3346,0.0,0.3254,0.3254,0.3254,0.3254,0.3254,0.3254,0.3254,0.3254,0.3254,0.3254,0.3254,0.3254,0.3254,0.3254,0.3254,0.3254,0.3254,0.3254,0.3254,0.3254,0.0,0.3438,0.3718,0.3718,0.3718,0.3718,0.3718,0.3718,0.3718,0.3718,0.3718,0.3718,0.3718,0.3718,0.3718,0.3718,0.3718,0.3718,0.3718,0.3718,0.3718,0.0,0.3346,0.3624,0.3624,0.3624,0.3624,0.3624,0.3624,0.3624,0.3624,0.3624,0.3624,0.3624,0.3624,0.3624,0.3624,0.3624,0.3624,0.3624,0.3624,0.3624,0.3624,
61.40784692764282,3296,3241,3247,3113,3351,3301,3354,3399,3429,3410,3333,3483,3635,3585,3435,3718,3696,3680,3642,3764,0,3384,3323,3348,3486,3420,3477,3410,3592,3577,3593,3524,3622,3648,3795,3723,3729,3854,3796,3876,3791,0,2524,2649,2558,2743,2763,2850,2804,2818,2898,2942,2973,3036,3024,3126,3143,3142,3201,3144,3132,3248,0,3352,3349,3335,3374,3354,3449,3401,3377,3451,3443,3530,3528,3510,3587,3643,3597,3566,3718,3691,3706,0,3004,3165,3151,3134,3198,3251,3287,3237,3231,3382,3344,3323,3303,3450,3480,3414,3426,3481,3533,3484,0,3024,2994,3037,2956,3023,3060,3097,3171,3118,3200,3330,3329,3401,3320,3301,3359,3393,3299,3337,3430,3475,0.3624,0.3812,0.3812,0.3812,0.3812,0.3812,0.3812,0.3812,0.3812,0.3812,0.3812,0.3812,0.3812,0.3812,0.3812,0.3812,0.3812,0.3812,0.3812,0.3812,0.0,0.3812,0.3812,0.3812,0.3812,0.3812,0.3812,0.3812,0.3812,0.3812,0.3812,0.3812,0.3812,0.3812,0.3812,0.3812,0.3812,0.3812,0.3812,0.3812,0.3812,0.0,0.3346,0.3346,0.3346,0.3346,0.3346,0.3346,0.3346,0.3346,0.3346,0.3346,0.3346,0.3346,0.3346,0.3346,0.3346,0.3346,0.3346,0.3346,0.3346,0.3346,0.0,0.3624,0.3812,0.3812,0.3812,0.3812,0.3812,0.3812,0.3812,0.3812,0.3812,0.3812,0.3812,0.3812,0.3812,0.3812,0.3812,0.3812,0.3812,0.3812,0.3812,0.0,0.3438,0.3718,0.3718,0.3718,0.3718,0.3718,0.3718,0.3718,0.3718,0.3718,0.3718,0.3718,0.3718,0.3718,0.3718,0.3718,0.3718,0.3718,0.3718,0.3718,0.0,0.3346,0.3624,0.3624,0.3624,0.3624,0.3624,0.3624,0.3624,0.3624,0.3624,0.3624,0.3624,0.3624,0.3624,0.3624,0.3624,0.3624,0.3624,0.3624,0.3624,0.3624,
61.50953650474548,3296,3241,3247,3113,3351,3301,3354,3399,3429,3410,3333,3483,3635,3585,3435,3718,3696,3680,3642,3764,0,3384,3323,3348,3486,3420,3477,3410,3592,3577,3593,3524,3622,3648,3795,3723,3729,3854,3796,3876,3791,0,3307,6741,3354,3284,3329,3418,3447,3456,3449,3523,3558,3563,3572,3619,3590,3622,3705,3716,3817,3726,0,3352,3349,3335,3374,3354,3449,3401,3377,3451,3443,3530,3528,3510,3587,3643,3597,3566,3718,3691,3706,0,3004,3165,3151,3134,3198,3251,3287,3237,3231,3382,3344,3323,3303,3450,3480,3414,3426,3481,3533,3484,0,3537,3515,3483,3548,3605,3574,3672,3684,3648,3654,3748,3735,3770,3748,3877,3879,3885,3927,3952,3911,3986,0.3624,0.3812,0.3812,0.3812,0.3812,0.3812,0.3812,0.3812,0.3812,0.3812,0.3812,0.3812,0.3812,0.3812,0.3812,0.3812,0.3812,0.3812,0.3812,0.3812,0.0,0.3812,0.3812,0.3812,0.3812,0.3812,0.3812,0.3812,0.3812,0.3812,0.3812,0.3812,0.3812,0.3812,0.3812,0.3812,0.3812,0.3812,0.3812,0.3812,0.3812,0.0,0.3718,0.3906,0.3906,0.3906,0.3906,0.3906,0.3906,0.3906,0.3906,0.3906,0.3906,0.3906,0.3906,0.3906,0.3906,0.3906,0.3906,0.3906,0.3906,0.3906,0.0,0.3624,0.3812,0.3812,0.3812,0.3812,0.3812,0.3812,0.3812,0.3812,0.3812,0.3812,0.3812,0.3812,0.3812,0.3812,0.3812,0.3812,0.3812,0.3812,0.3812,0.0,0.3438,0.3718,0.3718,0.3718,0.3718,0.3718,0.3718,0.3718,0.3718,0.3718,0.3718,0.3718,0.3718,0.3718,0.3718,0.3718,0.3718,0.3718,0.3718,0.3718,0.0,0.3812,0.4,0.4,0.4,0.4,0.4,0.4,0.4,0.4,0.4,0.4,0.4,0.4,0.4,0.4,0.4,0.4,0.4,0.4,0.4,0.4,
61.6111843585968,3296,3241,3247,3113,3351,3301,3354,3399,3429,3410,3333,3483,3635,3585,3435,3718,3696,3680,3642,3764,0,3384,3323,3348,3486,3420,3477,3410,3592,3577,3593,3524,3622,3648,3795,3723,3729,3854,3796,3876,3791,0,3307,6741,3354,3284,3329,3418,3447,3456,3449,3523,3558,3563,3572,3619,3590,3622,3705,3716,3817,3726,0,3352,3349,3335,3374,3354,3449,3401,3377,3451,3443,3530,3528,3510,3587,3643,3597,3566,3718,3691,3706,0,3004,3165,3151,3134,3198,3251,3287,3237,3231,3382,3344,3323,3303,3450,3480,3414,3426,3481,3533,3484,0,3537,3515,3483,3548,3605,3574,3672,3684,3648,3654,3748,3735,3770,3748,3877,3879,3885,3927,3952,3911,3986,0.3624,0.3812,0.3812,0.3812,0.3812,0.3812,0.3812,0.3812,0.3812,0.3812,0.3812,0.3812,0.3812,0.3812,0.3812,0.3812,0.3812,0.3812,0.3812,0.3812,0.0,0.3812,0.3812,0.3812,0.3812,0.3812,0.3812,0.3812,0.3812,0.3812,0.3812,0.3812,0.3812,0.3812,0.3812,0.3812,0.3812,0.3812,0.3812,0.3812,0.3812,0.0,0.3718,0.3906,0.3906,0.3906,0.3906,0.3906,0.3906,0.3906,0.3906,0.3906,0.3906,0.3906,0.3906,0.3906,0.3906,0.3906,0.3906,0.3906,0.3906,0.3906,0.0,0.3624,0.3812,0.3812,0.3812,0.3812,0.3812,0.3812,0.3812,0.3812,0.3812,0.3812,0.3812,0.3812,0.3812,0.3812,0.3812,0.3812,0.3812,0.3812,0.3812,0.0,0.3438,0.3718,0.3718,0.3718,0.3718,0.3718,0.3718,0.3718,0.3718,0.3718,0.3718,0.3718,0.3718,0.3718,0.3718,0.3718,0.3718,0.3718,0.3718,0.3718,0.0,0.3812,0.4,0.4,0.4,0.4,0.4,0.4,0.4,0.4,0.4,0.4,0.4,0.4,0.4,0.4,0.4,0.4,0.4,0.4,0.4,0.4,
61.71283507347107,3838,3898,3869,3954,3870,3937,3977,3961,3988,4060,4096,4091,4079,4080,4110,4135,4121,4174,4211,4222,0,3384,3323,3348,3486,3420,3477,3410,3592,3577,3593,3524,3622,3648,3795,3723,3729,3854,3796,3876,3791,0,3307,6741,3354,3284,3329,3418,3447,3456,3449,3523,3558,3563,3572,3619,3590,3622,3705,3716,3817,3726,0,3352,3349,3335,3374,3354,3449,3401,3377,3451,3443,3530,3528,3510,3587,3643,3597,3566,3718,3691,3706,0,3650,3621,3664,3686,3650,3654,3650,3712,3747,3670,3732,3850,3835,3785,3783,3917,3987,3890,4009,4002,0,3537,3515,3483,3548,3605,3574,3672,3684,3648,3654,3748,3735,3770,3748,3877,3879,3885,3927,3952,3911,3986,0.4,0.4,0.4,0.4,0.4,0.4,0.4,0.4,0.4,0.4,0.4,0.4,0.4,0.4,0.4,0.4,0.4,0.4,0.4,0.4,0.0,0.3812,0.3812,0.3812,0.3812,0.3812,0.3812,0.3812,0.3812,0.3812,0.3812,0.3812,0.3812,0.3812,0.3812,0.3812,0.3812,0.3812,0.3812,0.3812,0.3812,0.0,0.3718,0.3906,0.3906,0.3906,0.3906,0.3906,0.3906,0.3906,0.3906,0.3906,0.3906,0.3906,0.3906,0.3906,0.3906,0.3906,0.3906,0.3906,0.3906,0.3906,0.0,0.3624,0.3812,0.3812,0.3812,0.3812,0.3812,0.3812,0.3812,0.3812,0.3812,0.3812,0.3812,0.3812,0.3812,0.3812,0.3812,0.3812,0.3812,0.3812,0.3812,0.0,0.4,0.4,0.4,0.4,0.4,0.4,0.4,0.4,0.4,0.4,0.4,0.4,0.4,0.4,0.4,0.4,0.4,0.4,0.4,0.4,0.0,0.3812,0.4,0.4,0.4,0.4,0.4,0.4,0.4,0.4,0.4,0.4,0.4,0.4,0.4,0.4,0.4,0.4,0.4,0.4,0.4,0.4,
61.81475639343262,3838,3898,3869,3954,3870,3937,3977,3961,3988,4060,4096,4091,4079,4080,4110,4135,4121,4174,4211,4222,0,3384,3323,3348,3486,3420,3477,3410,3592,3577,3593,3524,3622,3648,3795,3723,3729,3854,3796,3876,3791,0,3923,3794,3946,3961,3974,3996,3994,4105,3994,4034,4141,4151,4123,4158,4044,4281,4297,4227,4292,8766,0,3832,3827,3858,3930,3982,3972,3980,4022,4023,4063,4037,4054,4127,4181,4105,4190,4170,4217,4214,4204,0,3650,3621,3664,3686,3650,3654,3650,3712,3747,3670,3732,3850,3835,3785,3783,3917,3987,3890,4009,4002,0,4053,4050,4060,4063,4088,4116,4118,4101,4180,4177,4181,4210,4234,4266,4252,4327,4282,4336,4278,4359,4356,0.4,0.4,0.4,0.4,0.4,0.4,0.4,0.4,0.4,0.4,0.4,0.4,0.4,0.4,0.4,0.4,0.4,0.4,0.4,0.4,0.0,0.3812,0.3812,0.3812,0.3812,0.3812,0.3812,0.3812,0.3812,0.3812,0.3812,0.3812,0.3812,0.3812,0.3812,0.3812,0.3812,0.3812,0.3812,0.3812,0.3812,0.0,0.4,0.4,0.4,0.4,0.4,0.4,0.4,0.4,0.4,0.4,0.4,0.4,0.4,0.4,0.4,0.4,0.4,0.4,0.4,0.4,0.0,0.4,0.4,0.4,0.4,0.4,0.4,0.4,0.4,0.4,0.4,0.4,0.4,0.4,0.4,0.4,0.4,0.4,0.4,0.4,0.4,0.0,0.4,0.4,0.4,0.4,0.4,0.4,0.4,0.4,0.4,0.4,0.4,0.4,0.4,0.4,0.4,0.4,0.4,0.4,0.4,0.4,0.0,0.4,0.4,0.4,0.4,0.4,0.4,0.4,0.4,0.4,0.4,0.4,0.4,0.4,0.4,0.4,0.4,0.4,0.4,0.4,0.4,0.4,
61.91636610031128,3838,3898,3869,3954,3870,3937,3977,3961,3988,4060,4096,4091,4079,4080,4110,4135,4121,4174,4211,4222,0,3927,4039,4010,4053,4052,4106,4146,4095,4175,4213,4204,4320,4282,4224,4298,4363,4318,4363,4356,4429,0,3923,3794,3946,3961,3974,3996,3994,4105,3994,4034,4141,4151,4123,4158,4044,4281,4297,4227,4292,8766,0,3832,3827,3858,3930,3982,3972,3980,4022,4023,4063,4037,4054,4127,4181,4105,4190,4170,4217,4214,4204,0,3650,3621,3664,3686,3650,3654,3650,3712,3747,3670,3732,3850,3835,3785,3783,3917,3987,3890,4009,4002,0,4053,4050,4060,4063,4088,4116,4118,4101,4180,4177,4181,4210,4234,4266,4252,4327,4282,4336,4278,4359,4356,0.4,0.4,0.4,0.4,0.4,0.4,0.4,0.4,0.4,0.4,0.4,0.4,0.4,0.4,0.4,0.4,0.4,0.4,0.4,0.4,0.0,0.4,0.4,0.4,0.4,0.4,0.4,0.4,0.4,0.4,0.4,0.4,0.4,0.4,0.4,0.4,0.4,0.4,0.4,0.4,0.4,0.0,0.4,0.4,0.4,0.4,0.4,0.4,0.4,0.4,0.4,0.4,0.4,0.4,0.4,0.4,0.4,0.4,0.4,0.4,0.4,0.4,0.0,0.4,0.4,0.4,0.4,0.4,0.4,0.4,0.4,0.4,0.4,0.4,0.4,0.4,0.4,0.4,0.4,0.4,0.4,0.4,0.4,0.0,0.4,0.4,0.4,0.4,0.4,0.4,0.4,0.4,0.4,0.4,0.4,0.4,0.4,0.4,0.4,0.4,0.4,0.4,0.4,0.4,0.0,0.4,0.4,0.4,0.4,0.4,0.4,0.4,0.4,0.4,0.4,0.4,0.4,0.4,0.4,0.4,0.4,0.4,0.4,0.4,0.4,0.4,
62.017932415008545,3838,3898,3869,3954,3870,3937,3977,3961,3988,4060,4096,4091,4079,4080,4110,4135,4121,4174,4211,4222,0,3927,4039,4010,4053,4052,4106,4146,4095,4175,4213,4204,4320,4282,4224,4298,4363,4318,4363,4356,4429,0,3923,3794,3946,3961,3974,3996,3994,4105,3994,4034,4141,4151,4123,4158,4044,4281,4297,4227,4292,8766,0,3832,3827,3858,3930,3982,3972,3980,4022,4023,4063,4037,4054,4127,4181,4105,4190,4170,4217,4214,4204,0,4083,4182,4138,4150,4118,4112,4205,4189,4266,4239,4247,4307,4282,4282,4316,4343,4324,4340,4368,4356,0,4053,4050,4060,4063,4088,4116,4118,4101,4180,4177,4181,4210,4234,4266,4252,4327,4282,4336,4278,4359,4356,0.4,0.4,0.4,0.4,0.4,0.4,0.4,0.4,0.4,0.4,0.4,0.4,0.4,0.4,0.4,0.4,0.4,0.4,0.4,0.4,0.0,0.4,0.4,0.4,0.4,0.4,0.4,0.4,0.4,0.4,0.4,0.4,0.4,0.4,0.4,0.4,0.4,0.4,0.4,0.4,0.4,0.0,0.4,0.4,0.4,0.4,0.4,0.4,0.4,0.4,0.4,0.4,0.4,0.4,0.4,0.4,0.4,0.4,0.4,0.4,0.4,0.4,0.0,0.4,0.4,0.4,0.4,0.4,0.4,0.4,0.4,0.4,0.4,0.4,0.4,0.4,0.4,0.4,0.4,0.4,0.4,0.4,0.4,0.0,0.4,0.4,0.4,0.4,0.4,0.4,0.4,0.4,0.4,0.4,0.4,0.4,0.4,0.4,0.4,0.4,0.4,0.4,0.4,0.4,0.0,0.4,0.4,0.4,0.4,0.4,0.4,0.4,0.4,0.4,0.4,0.4,0.4,0.4,0.4,0.4,0.4,0.4,0.4,0.4,0.4,0.4,
62.16957640647888,4271,4144,4245,4247,4295,4291,4306,4303,4370,4357,4454,4344,4287,4403,4408,4392,4412,4363,4361,4458,0,3927,4039,4010,4053,4052,4106,4146,4095,4175,4213,4204,4320,4282,4224,4298,4363,4318,4363,4356,4429,0,4364,4397,4343,4410,4464,4409,4501,4410,4431,4447,4460,4507,4539,4537,4466,4575,4632,4458,4496,4633,0,4243,4235,4232,4300,4258,4320,4296,4330,4305,4310,4353,4372,4421,4455,4394,4440,4498,4440,4390,4368,0,4083,4182,4138,4150,4118,4112,4205,4189,4266,4239,4247,4307,4282,4282,4316,4343,4324,4340,4368,4356,0,4053,4050,4060,4063,4088,4116,4118,4101,4180,4177,4181,4210,4234,4266,4252,4327,4282,4336,4278,4359,4356,0.4,0.4,0.4,0.4,0.4,0.4,0.4,0.4,0.4,0.4,0.4,0.4,0.4,0.4,0.4,0.4,0.4,0.4,0.4,0.4,0.0,0.4,0.4,0.4,0.4,0.4,0.4,0.4,0.4,0.4,0.4,0.4,0.4,0.4,0.4,0.4,0.4,0.4,0.4,0.4,0.4,0.0,0.4,0.4,0.4,0.4,0.4,0.4,0.4,0.4,0.4,0.4,0.4,0.4,0.4,0.4,0.4,0.4,0.4,0.4,0.4,0.4,0.0,0.4,0.4,0.4,0.4,0.4,0.4,0.4,0.4,0.4,0.4,0.4,0.4,0.4,0.4,0.4,0.4,0.4,0.4,0.4,0.4,0.0,0.4,0.4,0.4,0.4,0.4,0.4,0.4,0.4,0.4,0.4,0.4,0.4,0.4,0.4,0.4,0.4,0.4,0.4,0.4,0.4,0.0,0.4,0.4,0.4,0.4,0.4,0.4,0.4,0.4,0.4,0.4,0.4,0.4,0.4,0.4,0.4,0.4,0.4,0.4,0.4,0.4,0.4,
62.27112627029419,4271,4144,4245,4247,4295,4291,4306,4303,4370,4357,4454,4344,4287,4403,4408,4392,4412,4363,4361,4458,0,4375,4445,4422,4345,4504,4366,4506,4436,4415,4459,4487,4556,4557,4496,4488,4599,4494,4557,4514,4615,0,4364,4397,4343,4410,4464,4409,4501,4410,4431,4447,4460,4507,4539,4537,4466,4575,4632,4458,4496,4633,0,4243,4235,4232,4300,4258,4320,4296,4330,4305,4310,4353,4372,4421,4455,4394,4440,4498,4440,4390,4368,0,4083,4182,4138,4150,4118,4112,4205,4189,4266,4239,4247,4307,4282,4282,4316,4343,4324,4340,4368,4356,0,4428,4333,4390,4356,4367,4475,4373,4442,4398,4470,4436,4446,4475,4492,4442,4487,8949,4467,4430,4503,4511,0.4,0.4,0.4,0.4,0.4,0.4,0.4,0.4,0.4,0.4,0.4,0.4,0.4,0.4,0.4,0.4,0.4,0.4,0.4,0.4,0.0,0.4,0.4,0.4,0.4,0.4,0.4,0.4,0.4,0.4,0.4,0.4,0.4,0.4,0.4,0.4,0.4,0.4,0.4,0.4,0.4,0.0,0.4,0.4,0.4,0.4,0.4,0.4,0.4,0.4,0.4,0.4,0.4,0.4,0.4,0.4,0.4,0.4,0.4,0.4,0.4,0.4,0.0,0.4,0.4,0.4,0.4,0.4,0.4,0.4,0.4,0.4,0.4,0.4,0.4,0.4,0.4,0.4,0.4,0.4,0.4,0.4,0.4,0.0,0.4,0.4,0.4,0.4,0.4,0.4,0.4,0.4,0.4,0.4,0.4,0.4,0.4,0.4,0.4,0.4,0.4,0.4,0.4,0.4,0.0,0.4,0.4,0.4,0.4,0.4,0.4,0.4,0.4,0.4,0.4,0.4,0.4,0.4,0.4,0.4,0.4,0.4,0.4,0.4,0.4,0.4,
62.37268924713135,4271,4144,4245,4247,4295,4291,4306,4303,4370,4357,4454,4344,4287,4403,4408,4392,4412,4363,4361,4458,0,4375,4445,4422,4345,4504,4366,4506,4436,4415,4459,4487,4556,4557,4496,4488,4599,4494,4557,4514,4615,0,4364,4397,4343,4410,4464,4409,4501,4410,4431,4447,4460,4507,4539,4537,4466,4575,4632,4458,4496,4633,0,4243,4235,4232,4300,4258,4320,4296,4330,4305,4310,4353,4372,4421,4455,4394,4440,4498,4440,4390,4368,0,4371,4434,4429,4413,4429,4439,4498,4446,4462,4526,4490,4502,4482,4502,4534,4517,4476,4557,4515,4510,0,4428,4333,4390,4356,4367,4475,4373,4442,4398,4470,4436,4446,4475,4492,4442,4487,8949,4467,4430,4503,4511,0.4,0.4,0.4,0.4,0.4,0.4,0.4,0.4,0.4,0.4,0.4,0.4,0.4,0.4,0.4,0.4,0.4,0.4,0.4,0.4,0.0,0.4,0.4,0.4,0.4,0.4,0.4,0.4,0.4,0.4,0.4,0.4,0.4,0.4,0.4,0.4,0.4,0.4,0.4,0.4,0.4,0.0,0.4,0.4,0.4,0.4,0.4,0.4,0.4,0.4,0.4,0.4,0.4,0.4,0.4,0.4,0.4,0.4,0.4,0.4,0.4,0.4,0.0,0.4,0.4,0.4,0.4,0.4,0.4,0.4,0.4,0.4,0.4,0.4,0.4,0.4,0.4,0.4,0.4,0.4,0.4,0.4,0.4,0.0,0.4,0.4,0.4,0.4,0.4,0.4,0.4,0.4,0.4,0.4,0.4,0.4,0.4,0.4,0.4,0.4,0.4,0.4,0.4,0.4,0.0,0.4,0.4,0.4,0.4,0.4,0.4,0.4,0.4,0.4,0.4,0.4,0.4,0.4,0.4,0.4,0.4,0.4,0.4,0.4,0.4,0.4,
62.47432851791382,4460,4271,4377,4349,4467,4434,4435,4427,4511,4484,4581,4460,4393,4533,4524,4519,4536,4473,4458,4553,0,4375,4445,4422,4345,4504,4366,4506,4436,4415,4459,4487,4556,4557,4496,4488,4599,4494,4557,4514,4615,0,4543,4616,4490,4556,4612,4551,4647,4537,4588,4576,4575,4624,4654,4649,4613,4667,4731,4569,4595,4680,0,4392,4416,4380,4440,4358,4459,4427,4460,4426,4415,4478,4493,4532,4574,4497,4558,4622,4537,4494,4478,0,4371,4434,4429,4413,4429,4439,4498,4446,4462,4526,4490,4502,4482,4502,4534,4517,4476,4557,4515,4510,0,4544,4466,4518,4462,4493,4618,4489,4571,4495,4578,4537,4544,4570,4600,4533,4573,4576,4547,4526,4596,4580,0.4,0.4,0.4,0.4,0.4,0.4,0.4,0.4,0.4,0.4,0.4,0.4,0.4,0.4,0.4,0.4,0.4,0.4,0.4,0.4,0.0,0.4,0.4,0.4,0.4,0.4,0.4,0.4,0.4,0.4,0.4,0.4,0.4,0.4,0.4,0.4,0.4,0.4,0.4,0.4,0.4,0.0,0.4,0.4,0.4,0.4,0.4,0.4,0.4,0.4,0.4,0.4,0.4,0.4,0.4,0.4,0.4,0.4,0.4,0.4,0.4,0.4,0.0,0.4,0.4,0.4,0.4,0.4,0.4,0.4,0.4,0.4,0.4,0.4,0.4,0.4,0.4,0.4,0.4,0.4,0.4,0.4,0.4,0.0,0.4,0.4,0.4,0.4,0.4,0.4,0.4,0.4,0.4,0.4,0.4,0.4,0.4,0.4,0.4,0.4,0.4,0.4,0.4,0.4,0.0,0.4,0.4,0.4,0.4,0.4,0.4,0.4,0.4,0.4,0.4,0.4,0.4,0.4,0.4,0.4,0.4,0.4,0.4,0.4,0.4,0.4,
62.62604331970215,4460,4271,4377,4349,4467,4434,4435,4427,4511,4484,4581,4460,4393,4533,4524,4519,4536,4473,4458,4553,0,4520,4577,4589,4476,4649,4480,4602,4562,4536,4557,4588,4657,4642,4612,4582,4658,4593,4613,4591,4640,0,4543,4616,4490,4556,4612,4551,4647,4537,4588,4576,4575,4624,4654,4649,4613,4667,4731,4569,4595,4680,0,4392,4416,4380,4440,4358,4459,4427,4460,4426,4415,4478,4493,4532,4574,4497,4558,4622,4537,4494,4478,0,4371,4434,4429,4413,4429,4439,4498,4446,4462,4526,4490,4502,4482,4502,4534,4517,4476,4557,4515,4510,0,4544,4466,4518,4462,4493,4618,4489,4571,4495,4578,4537,4544,4570,4600,4533,4573,4576,4547,4526,4596,4580,0.4,0.4,0.4,0.4,0.4,0.4,0.4,0.4,0.4,0.4,0.4,0.4,0.4,0.4,0.4,0.4,0.4,0.4,0.4,0.4,0.0,0.4,0.4,0.4,0.4,0.4,0.4,0.4,0.4,0.4,0.4,0.4,0.4,0.4,0.4,0.4,0.4,0.4,0.4,0.4,0.4,0.0,0.4,0.4,0.4,0.4,0.4,0.4,0.4,0.4,0.4,0.4,0.4,0.4,0.4,0.4,0.4,0.4,0.4,0.4,0.4,0.4,0.0,0.4,0.4,0.4,0.4,0.4,0.4,0.4,0.4,0.4,0.4,0.4,0.4,0.4,0.4,0.4,0.4,0.4,0.4,0.4,0.4,0.0,0.4,0.4,0.4,0.4,0.4,0.4,0.4,0.4,0.4,0.4,0.4,0.4,0.4,0.4,0.4,0.4,0.4,0.4,0.4,0.4,0.0,0.4,0.4,0.4,0.4,0.4,0.4,0.4,0.4,0.4,0.4,0.4,0.4,0.4,0.4,0.4,0.4,0.4,0.4,0.4,0.4,0.4,
62.77770948410034,4460,4271,4377,4349,4467,4434,4435,4427,4511,4484,4581,4460,4393,4533,4524,4519,4536,4473,4458,4553,0,4520,4577,4589,4476,4649,4480,4602,4562,4536,4557,4588,4657,4642,4612,4582,4658,4593,4613,4591,4640,0,4543,4616,4490,4556,4612,4551,4647,4537,4588,4576,4575,4624,4654,4649,4613,4667,4731,4569,4595,4680,0,4392,4416,4380,4440,4358,4459,4427,4460,4426,4415,4478,4493,4532,4574,4497,4558,4622,4537,4494,4478,0,4487,4561,4552,4513,4557,4564,4617,4555,4562,4626,4582,4599,4574,4586,4618,4592,4569,4615,4572,4591,0,4544,4466,4518,4462,4493,4618,4489,4571,4495,4578,4537,4544,4570,4600,4533,4573,4576,4547,4526,4596,4580,0.4,0.4,0.4,0.4,0.4,0.4,0.4,0.4,0.4,0.4,0.4,0.4,0.4,0.4,0.4,0.4,0.4,0.4,0.4,0.4,0.0,0.4,0.4,0.4,0.4,0.4,0.4,0.4,0.4,0.4,0.4,0.4,0.4,0.4,0.4,0.4,0.4,0.4,0.4,0.4,0.4,0.0,0.4,0.4,0.4,0.4,0.4,0.4,0.4,0.4,0.4,0.4,0.4,0.4,0.4,0.4,0.4,0.4,0.4,0.4,0.4,0.4,0.0,0.4,0.4,0.4,0.4,0.4,0.4,0.4,0.4,0.4,0.4,0.4,0.4,0.4,0.4,0.4,0.4,0.4,0.4,0.4,0.4,0.0,0.4,0.4,0.4,0.4,0.4,0.4,0.4,0.4,0.4,0.4,0.4,0.4,0.4,0.4,0.4,0.4,0.4,0.4,0.4,0.4,0.0,0.4,0.4,0.4,0.4,0.4,0.4,0.4,0.4,0.4,0.4,0.4,0.4,0.4,0.4,0.4,0.4,0.4,0.4,0.4,0.4,0.4,
62.92936134338379,4566,4348,4459,4449,4567,4515,4520,4509,4595,4582,4613,4534,4477,4582,4598,4598,4590,4553,4465,4608,0,4520,4577,4589,4476,4649,4480,4602,4562,4536,4557,4588,4657,4642,4612,4582,4658,4593,4613,4591,4640,0,4618,4679,4582,4614,4655,4601,4695,4609,4618,4612,4617,4644,4688,4672,4644,4681,4712,4590,4626,4680,0,4487,4509,4465,4526,4453,4550,4518,4541,4503,4503,4565,4564,4596,4623,4576,4600,4645,4610,4580,4561,0,4487,4561,4552,4513,4557,4564,4617,4555,4562,4626,4582,4599,4574,4586,4618,4592,4569,4615,4572,4591,0,4611,4550,4595,4547,4577,4653,4580,4605,4553,4602,4597,4596,4605,4637,4598,4609,4627,4591,4578,4625,4608,0.4,0.4,0.4,0.4,0.4,0.4,0.4,0.4,0.4,0.4,0.4,0.4,0.4,0.4,0.4,0.4,0.4,0.4,0.4,0.4,0.0,0.4,0.4,0.4,0.4,0.4,0.4,0.4,0.4,0.4,0.4,0.4,0.4,0.4,0.4,0.4,0.4,0.4,0.4,0.4,0.4,0.0,0.4,0.4,0.4,0.4,0.4,0.4,0.4,0.4,0.4,0.4,0.4,0.4,0.4,0.4,0.4,0.4,0.4,0.4,0.4,0.4,0.0,0.4,0.4,0.4,0.4,0.4,0.4,0.4,0.4,0.4,0.4,0.4,0.4,0.4,0.4,0.4,0.4,0.4,0.4,0.4,0.4,0.0,0.4,0.4,0.4,0.4,0.4,0.4,0.4,0.4,0.4,0.4,0.4,0.4,0.4,0.4,0.4,0.4,0.4,0.4,0.4,0.4,0.0,0.4,0.4,0.4,0.4,0.4,0.4,0.4,0.4,0.4,0.4,0.4,0.4,0.4,0.4,0.4,0.4,0.4,0.4,0.4,0.4,0.4,
63.08114290237427,4566,4348,4459,4449,4567,4515,4520,4509,4595,4582,4613,4534,4477,4582,4598,4598,4590,4553,4465,4608,0,4592,4631,4644,4560,4674,4549,4617,4592,4583,4605,4607,4677,4669,4624,4603,4672,4618,4616,4602,4652,0,4618,4679,4582,4614,4655,4601,4695,4609,4618,4612,4617,4644,4688,4672,4644,4681,4712,4590,4626,4680,0,4487,4509,4465,4526,4453,4550,4518,4541,4503,4503,4565,4564,4596,4623,4576,4600,4645,4610,4580,4561,0,4487,4561,4552,4513,4557,4564,4617,4555,4562,4626,4582,4599,4574,4586,4618,4592,4569,4615,4572,4591,0,4611,4550,4595,4547,4577,4653,4580,4605,4553,4602,4597,4596,4605,4637,4598,4609,4627,4591,4578,4625,4608,0.4,0.4,0.4,0.4,0.4,0.4,0.4,0.4,0.4,0.4,0.4,0.4,0.4,0.4,0.4,0.4,0.4,0.4,0.4,0.4,0.0,0.4,0.4,0.4,0.4,0.4,0.4,0.4,0.4,0.4,0.4,0.4,0.4,0.4,0.4,0.4,0.4,0.4,0.4,0.4,0.4,0.0,0.4,0.4,0.4,0.4,0.4,0.4,0.4,0.4,0.4,0.4,0.4,0.4,0.4,0.4,0.4,0.4,0.4,0.4,0.4,0.4,0.0,0.4,0.4,0.4,0.4,0.4,0.4,0.4,0.4,0.4,0.4,0.4,0.4,0.4,0.4,0.4,0.4,0.4,0.4,0.4,0.4,0.0,0.4,0.4,0.4,0.4,0.4,0.4,0.4,0.4,0.4,0.4,0.4,0.4,0.4,0.4,0.4,0.4,0.4,0.4,0.4,0.4,0.0,0.4,0.4,0.4,0.4,0.4,0.4,0.4,0.4,0.4,0.4,0.4,0.4,0.4,0.4,0.4,0.4,0.4,0.4,0.4,0.4,0.4,
63.13253426551819,4566,4348,4459,4449,4567,4515,4520,4509,4595,4582,4613,4534,4477,4582,4598,4598,4590,4553,4465,4608,0,4592,4631,4644,4560,4674,4549,4617,4592,4583,4605,4607,4677,4669,4624,4603,4672,4618,4616,4602,4652,0,4618,4679,4582,4614,4655,4601,4695,4609,4618,4612,4617,4644,4688,4672,4644,4681,4712,4590,4626,4680,0,4487,4509,4465,4526,4453,4550,4518,4541,4503,4503,4565,4564,4596,4623,4576,4600,4645,4610,4580,4561,0,4564,4616,4606,4577,4593,4608,4638,4596,4601,4647,4599,4615,4612,4600,4631,4606,4620,4629,4584,4606,0,4611,4550,4595,4547,4577,4653,4580,4605,4553,4602,4597,4596,4605,4637,4598,4609,4627,4591,4578,4625,4608,0.4,0.4,0.4,0.4,0.4,0.4,0.4,0.4,0.4,0.4,0.4,0.4,0.4,0.4,0.4,0.4,0.4,0.4,0.4,0.4,0.0,0.4,0.4,0.4,0.4,0.4,0.4,0.4,0.4,0.4,0.4,0.4,0.4,0.4,0.4,0.4,0.4,0.4,0.4,0.4,0.4,0.0,0.4,0.4,0.4,0.4,0.4,0.4,0.4,0.4,0.4,0.4,0.4,0.4,0.4,0.4,0.4,0.4,0.4,0.4,0.4,0.4,0.0,0.4,0.4,0.4,0.4,0.4,0.4,0.4,0.4,0.4,0.4,0.4,0.4,0.4,0.4,0.4,0.4,0.4,0.4,0.4,0.4,0.0,0.4,0.4,0.4,0.4,0.4,0.4,0.4,0.4,0.4,0.4,0.4,0.4,0.4,0.4,0.4,0.4,0.4,0.4,0.4,0.4,0.0,0.4,0.4,0.4,0.4,0.4,0.4,0.4,0.4,0.4,0.4,0.4,0.4,0.4,0.4,0.4,0.4,0.4,0.4,0.4,0.4,0.4,
63.285518169403076,4609,4447,4522,4528,4593,4580,4593,4582,4614,4609,4620,4587,4558,4592,4612,4621,4595,4602,4512,4612,0,4592,4631,4644,4560,4674,4549,4617,4592,4583,4605,4607,4677,4669,4624,4603,4672,4618,4616,4602,4652,0,4631,4685,4610,4628,4667,4610,4634,4621,4623,4618,4629,4651,4676,4678,4648,4662,4646,4598,4626,4677,0,4570,4579,4543,4600,4521,4601,4587,4577,4576,4577,4604,4581,4597,4629,4587,4603,4649,4632,4598,4596,0,4564,4616,4606,4577,4593,4608,4638,4596,4601,4647,4599,4615,4612,4600,4631,4606,4620,4629,4584,4606,0,4623,4601,4612,4577,4599,4665,4609,4621,4578,4609,4609,4600,4611,4651,4602,4616,4642,4596,4594,4632,4607,0.4,0.4,0.4,0.4,0.4,0.4,0.4,0.4,0.4,0.4,0.4,0.4,0.4,0.4,0.4,0.4,0.4,0.4,0.4,0.4,0.0,0.4,0.4,0.4,0.4,0.4,0.4,0.4,0.4,0.4,0.4,0.4,0.4,0.4,0.4,0.4,0.4,0.4,0.4,0.4,0.4,0.0,0.4,0.4,0.4,0.4,0.4,0.4,0.4,0.4,0.4,0.4,0.4,0.4,0.4,0.4,0.4,0.4,0.4,0.4,0.4,0.4,0.0,0.4,0.4,0.4,0.4,0.4,0.4,0.4,0.4,0.4,0.4,0.4,0.4,0.4,0.4,0.4,0.4,0.4,0.4,0.4,0.4,0.0,0.4,0.4,0.4,0.4,0.4,0.4,0.4,0.4,0.4,0.4,0.4,0.4,0.4,0.4,0.4,0.4,0.4,0.4,0.4,0.4,0.0,0.4,0.4,0.4,0.4,0.4,0.4,0.4,0.4,0.4,0.4,0.4,0.4,0.4,0.4,0.4,0.4,0.4,0.4,0.4,0.4,0.4,
63.388335943222046,4609,4447,4522,4528,4593,4580,4593,4582,4614,4609,4620,4587,4558,4592,4612,4621,4595,4602,4512,4612,0,4603,4638,4655,4594,4682,4561,4611,4592,4597,4600,4616,4682,4669,4623,4609,4680,4626,4623,4591,4651,0,4631,4685,4610,4628,4667,4610,4634,4621,4623,4618,4629,4651,4676,4678,4648,4662,4646,4598,4626,4677,0,4570,4579,4543,4600,4521,4601,4587,4577,4576,4577,4604,4581,4597,4629,4587,4603,4649,4632,4598,4596,0,4564,4616,4606,4577,4593,4608,4638,4596,4601,4647,4599,4615,4612,4600,4631,4606,4620,4629,4584,4606,0,4623,4601,4612,4577,4599,4665,4609,4621,4578,4609,4609,4600,4611,4651,4602,4616,4642,4596,4594,4632,4607,0.4,0.4,0.4,0.4,0.4,0.4,0.4,0.4,0.4,0.4,0.4,0.4,0.4,0.4,0.4,0.4,0.4,0.4,0.4,0.4,0.0,0.4,0.4,0.4,0.4,0.4,0.4,0.4,0.4,0.4,0.4,0.4,0.4,0.4,0.4,0.4,0.4,0.4,0.4,0.4,0.4,0.0,0.4,0.4,0.4,0.4,0.4,0.4,0.4,0.4,0.4,0.4,0.4,0.4,0.4,0.4,0.4,0.4,0.4,0.4,0.4,0.4,0.0,0.4,0.4,0.4,0.4,0.4,0.4,0.4,0.4,0.4,0.4,0.4,0.4,0.4,0.4,0.4,0.4,0.4,0.4,0.4,0.4,0.0,0.4,0.4,0.4,0.4,0.4,0.4,0.4,0.4,0.4,0.4,0.4,0.4,0.4,0.4,0.4,0.4,0.4,0.4,0.4,0.4,0.0,0.4,0.4,0.4,0.4,0.4,0.4,0.4,0.4,0.4,0.4,0.4,0.4,0.4,0.4,0.4,0.4,0.4,0.4,0.4,0.4,0.4,
63.49117350578308,4609,4447,4522,4528,4593,4580,4593,4582,4614,4609,4620,4587,4558,4592,4612,4621,4595,4602,4512,4612,0,4603,4638,4655,4594,4682,4561,4611,4592,4597,4600,4616,4682,4669,4623,4609,4680,4626,4623,4591,4651,0,4631,4685,4610,4628,4667,4610,4634,4621,4623,4618,4629,4651,4676,4678,4648,4662,4646,4598,4626,4677,0,4570,4579,4543,4600,4521,4601,4587,4577,4576,4577,4604,4581,4597,4629,4587,4603,4649,4632,4598,4596,0,4583,4620,4615,4585,4599,4609,4635,4599,4606,4652,4600,4621,4615,4603,4637,4609,4621,4632,4595,4610,0,4623,4601,4612,4577,4599,4665,4609,4621,4578,4609,4609,4600,4611,4651,4602,4616,4642,4596,4594,4632,4607,0.4,0.4,0.4,0.4,0.4,0.4,0.4,0.4,0.4,0.4,0.4,0.4,0.4,0.4,0.4,0.4,0.4,0.4,0.4,0.4,0.0,0.4,0.4,0.4,0.4,0.4,0.4,0.4,0.4,0.4,0.4,0.4,0.4,0.4,0.4,0.4,0.4,0.4,0.4,0.4,0.4,0.0,0.4,0.4,0.4,0.4,0.4,0.4,0.4,0.4,0.4,0.4,0.4,0.4,0.4,0.4,0.4,0.4,0.4,0.4,0.4,0.4,0.0,0.4,0.4,0.4,0.4,0.4,0.4,0.4,0.4,0.4,0.4,0.4,0.4,0.4,0.4,0.4,0.4,0.4,0.4,0.4,0.4,0.0,0.4,0.4,0.4,0.4,0.4,0.4,0.4,0.4,0.4,0.4,0.4,0.4,0.4,0.4,0.4,0.4,0.4,0.4,0.4,0.4,0.0,0.4,0.4,0.4,0.4,0.4,0.4,0.4,0.4,0.4,0.4,0.4,0.4,0.4,0.4,0.4,0.4,0.4,0.4,0.4,0.4,0.4,
63.64295172691345,4613,4516,4556,4571,4602,4587,4609,4607,4612,4611,4620,4599,4591,4592,4615,4625,4596,4611,4575,4617,0,4603,4638,4655,4594,4682,4561,4611,4592,4597,4600,4616,4682,4669,4623,4609,4680,4626,4623,4591,4651,0,4632,4671,4610,4635,4671,4619,4588,4626,4626,4626,4625,4651,4608,4683,4648,4659,4613,4596,4624,4673,0,4597,4589,4574,4613,4580,4601,4601,4582,4599,4589,4609,4581,4599,4627,4589,4611,4644,4634,4604,4609,0,4583,4620,4615,4585,4599,4609,4635,4599,4606,4652,4600,4621,4615,4603,4637,4609,4621,4632,4595,4610,0,4623,4600,4623,4581,4601,4668,4612,4621,4575,4611,4615,4598,4608,4639,4615,4623,4615,4603,4586,4634,4604,0.4,0.4,0.4,0.4,0.4,0.4,0.4,0.4,0.4,0.4,0.4,0.4,0.4,0.4,0.4,0.4,0.4,0.4,0.4,0.4,0.0,0.4,0.4,0.4,0.4,0.4,0.4,0.4,0.4,0.4,0.4,0.4,0.4,0.4,0.4,0.4,0.4,0.4,0.4,0.4,0.4,0.0,0.4,0.4,0.4,0.4,0.4,0.4,0.4,0.4,0.4,0.4,0.4,0.4,0.4,0.4,0.4,0.4,0.4,0.4,0.4,0.4,0.0,0.4,0.4,0.4,0.4,0.4,0.4,0.4,0.4,0.4,0.4,0.4,0.4,0.4,0.4,0.4,0.4,0.4,0.4,0.4,0.4,0.0,0.4,0.4,0.4,0.4,0.4,0.4,0.4,0.4,0.4,0.4,0.4,0.4,0.4,0.4,0.4,0.4,0.4,0.4,0.4,0.4,0.0,0.4,0.4,0.4,0.4,0.4,0.4,0.4,0.4,0.4,0.4,0.4,0.4,0.4,0.4,0.4,0.4,0.4,0.4,0.4,0.4,0.4,
63.74455523490906,4613,4516,4556,4571,4602,4587,4609,4607,4612,4611,4620,4599,4591,4592,4615,4625,4596,4611,4575,4617,0,4608,4632,4656,4596,4681,4562,4614,4591,4599,4605,4615,4686,4664,4619,4611,4661,4627,4621,4602,4648,0,4632,4671,4610,4635,4671,4619,4588,4626,4626,4626,4625,4651,4608,4683,4648,4659,4613,4596,4624,4673,0,4597,4589,4574,4613,4580,4601,4601,4582,4599,4589,4609,4581,4599,4627,4589,4611,4644,4634,4604,4609,0,4583,4620,4615,4585,4599,4609,4635,4599,4606,4652,4600,4621,4615,4603,4637,4609,4621,4632,4595,4610,0,4623,4600,4623,4581,4601,4668,4612,4621,4575,4611,4615,4598,4608,4639,4615,4623,4615,4603,4586,4634,4604,0.4,0.4,0.4,0.4,0.4,0.4,0.4,0.4,0.4,0.4,0.4,0.4,0.4,0.4,0.4,0.4,0.4,0.4,0.4,0.4,0.0,0.4,0.4,0.4,0.4,0.4,0.4,0.4,0.4,0.4,0.4,0.4,0.4,0.4,0.4,0.4,0.4,0.4,0.4,0.4,0.4,0.0,0.4,0.4,0.4,0.4,0.4,0.4,0.4,0.4,0.4,0.4,0.4,0.4,0.4,0.4,0.4,0.4,0.4,0.4,0.4,0.4,0.0,0.4,0.4,0.4,0.4,0.4,0.4,0.4,0.4,0.4,0.4,0.4,0.4,0.4,0.4,0.4,0.4,0.4,0.4,0.4,0.4,0.0,0.4,0.4,0.4,0.4,0.4,0.4,0.4,0.4,0.4,0.4,0.4,0.4,0.4,0.4,0.4,0.4,0.4,0.4,0.4,0.4,0.0,0.4,0.4,0.4,0.4,0.4,0.4,0.4,0.4,0.4,0.4,0.4,0.4,0.4,0.4,0.4,0.4,0.4,0.4,0.4,0.4,0.4,
63.846086502075195,4613,4516,4556,4571,4602,4587,4609,4607,4612,4611,4620,4599,4591,4592,4615,4625,4596,4611,4575,4617,0,4608,4632,4656,4596,4681,4562,4614,4591,4599,4605,4615,4686,4664,4619,4611,4661,4627,4621,4602,4648,0,4632,4671,4610,4635,4671,4619,4588,4626,4626,4626,4625,4651,4608,4683,4648,4659,4613,4596,4624,4673,0,4597,4589,4574,4613,4580,4601,4601,4582,4599,4589,4609,4581,4599,4627,4589,4611,4644,4634,4604,4609,0,4583,4620,4615,4585,4599,4609,4635,4599,4606,4652,4600,4621,4615,4603,4637,4609,4621,4632,4595,4610,0,4623,4600,4623,4581,4601,4668,4612,4621,4575,4611,4615,4598,4608,4639,4615,4623,4615,4603,4586,4634,4604,0.4,0.4,0.4,0.4,0.4,0.4,0.4,0.4,0.4,0.4,0.4,0.4,0.4,0.4,0.4,0.4,0.4,0.4,0.4,0.4,0.0,0.4,0.4,0.4,0.4,0.4,0.4,0.4,0.4,0.4,0.4,0.4,0.4,0.4,0.4,0.4,0.4,0.4,0.4,0.4,0.4,0.0,0.4,0.4,0.4,0.4,0.4,0.4,0.4,0.4,0.4,0.4,0.4,0.4,0.4,0.4,0.4,0.4,0.4,0.4,0.4,0.4,0.0,0.4,0.4,0.4,0.4,0.4,0.4,0.4,0.4,0.4,0.4,0.4,0.4,0.4,0.4,0.4,0.4,0.4,0.4,0.4,0.4,0.0,0.4,0.4,0.4,0.4,0.4,0.4,0.4,0.4,0.4,0.4,0.4,0.4,0.4,0.4,0.4,0.4,0.4,0.4,0.4,0.4,0.0,0.4,0.4,0.4,0.4,0.4,0.4,0.4,0.4,0.4,0.4,0.4,0.4,0.4,0.4,0.4,0.4,0.4,0.4,0.4,0.4,0.4,
63.947656869888306,4613,4516,4556,4571,4602,4587,4609,4607,4612,4611,4620,4599,4591,4592,4615,4625,4596,4611,4575,4617,0,4608,4632,4656,4596,4681,4562,4614,4591,4599,4605,4615,4686,4664,4619,4611,4661,4627,4621,4602,4648,0,4632,4671,4610,4635,4671,4619,4588,4626,4626,4626,4625,4651,4608,4683,4648,4659,4613,4596,4624,4673,0,4597,4589,4574,4613,4580,4601,4601,4582,4599,4589,4609,4581,4599,4627,4589,4611,4644,4634,4604,4609,0,4590,4624,4613,4581,4593,4611,4640,4597,4608,4646,4595,4622,4616,4603,4638,4611,4622,4633,4593,4612,0,4623,4603,4625,4582,4602,4671,4611,4622,4576,4606,4617,4595,4609,4636,4616,4624,4622,4607,4589,4637,4607,0.4,0.4,0.4,0.4,0.4,0.4,0.4,0.4,0.4,0.4,0.4,0.4,0.4,0.4,0.4,0.4,0.4,0.4,0.4,0.4,0.0,0.4,0.4,0.4,0.4,0.4,0.4,0.4,0.4,0.4,0.4,0.4,0.4,0.4,0.4,0.4,0.4,0.4,0.4,0.4,0.4,0.0,0.4,0.4,0.4,0.4,0.4,0.4,0.4,0.4,0.4,0.4,0.4,0.4,0.4,0.4,0.4,0.4,0.4,0.4,0.4,0.4,0.0,0.4,0.4,0.4,0.4,0.4,0.4,0.4,0.4,0.4,0.4,0.4,0.4,0.4,0.4,0.4,0.4,0.4,0.4,0.4,0.4,0.0,0.4,0.4,0.4,0.4,0.4,0.4,0.4,0.4,0.4,0.4,0.4,0.4,0.4,0.4,0.4,0.4,0.4,0.4,0.4,0.4,0.0,0.4,0.4,0.4,0.4,0.4,0.4,0.4,0.4,0.4,0.4,0.4,0.4,0.4,0.4,0.4,0.4,0.4,0.4,0.4,0.4,0.4,
64.04917764663696,4610,4575,4556,4577,4607,4589,4610,4614,4610,4612,4622,4601,4593,4588,4616,4622,4602,4619,4605,4615,0,4608,4632,4656,4596,4681,4562,4614,4591,4599,4605,4615,4686,4664,4619,4611,4661,4627,4621,4602,4648,0,4634,4672,4609,4634,4667,4615,4576,4627,4631,4611,4628,4649,4593,4683,4650,4655,4604,4602,4628,4676,0,4596,4594,4580,4612,4594,4601,4603,4583,4600,4591,4609,4581,4603,4624,4592,4610,4647,4624,4602,4612,0,4590,4624,4613,4581,4593,4611,4640,4597,4608,4646,4595,4622,4616,4603,4638,4611,4622,4633,4593,4612,0,4623,4603,4625,4582,4602,4671,4611,4622,4576,4606,4617,4595,4609,4636,4616,4624,4622,4607,4589,4637,4607,0.4,0.4,0.4,0.4,0.4,0.4,0.4,0.4,0.4,0.4,0.4,0.4,0.4,0.4,0.4,0.4,0.4,0.4,0.4,0.4,0.0,0.4,0.4,0.4,0.4,0.4,0.4,0.4,0.4,0.4,0.4,0.4,0.4,0.4,0.4,0.4,0.4,0.4,0.4,0.4,0.4,0.0,0.4,0.4,0.4,0.4,0.4,0.4,0.4,0.4,0.4,0.4,0.4,0.4,0.4,0.4,0.4,0.4,0.4,0.4,0.4,0.4,0.0,0.4,0.4,0.4,0.4,0.4,0.4,0.4,0.4,0.4,0.4,0.4,0.4,0.4,0.4,0.4,0.4,0.4,0.4,0.4,0.4,0.0,0.4,0.4,0.4,0.4,0.4,0.4,0.4,0.4,0.4,0.4,0.4,0.4,0.4,0.4,0.4,0.4,0.4,0.4,0.4,0.4,0.0,0.4,0.4,0.4,0.4,0.4,0.4,0.4,0.4,0.4,0.4,0.4,0.4,0.4,0.4,0.4,0.4,0.4,0.4,0.4,0.4,0.4,
64.15074038505554,4610,4575,4556,4577,4607,4589,4610,4614,4610,4612,4622,4601,4593,4588,4616,4622,4602,4619,4605,4615,0,4609,4636,4656,4600,4670,4566,4617,4593,4592,4607,4613,4684,4671,4620,4614,4655,4624,4618,4609,4652,0,4634,4672,4609,4634,4667,4615,4576,4627,4631,4611,4628,4649,4593,4683,4650,4655,4604,4602,4628,4676,0,4596,4594,4580,4612,4594,4601,4603,4583,4600,4591,4609,4581,4603,4624,4592,4610,4647,4624,4602,4612,0,4590,4624,4613,4581,4593,4611,4640,4597,4608,4646,4595,4622,4616,4603,4638,4611,4622,4633,4593,4612,0,4623,4603,4625,4582,4602,4671,4611,4622,4576,4606,4617,4595,4609,4636,4616,4624,4622,4607,4589,4637,4607,0.4,0.4,0.4,0.4,0.4,0.4,0.4,0.4,0.4,0.4,0.4,0.4,0.4,0.4,0.4,0.4,0.4,0.4,0.4,0.4,0.0,0.4,0.4,0.4,0.4,0.4,0.4,0.4,0.4,0.4,0.4,0.4,0.4,0.4,0.4,0.4,0.4,0.4,0.4,0.4,0.4,0.0,0.4,0.4,0.4,0.4,0.4,0.4,0.4,0.4,0.4,0.4,0.4,0.4,0.4,0.4,0.4,0.4,0.4,0.4,0.4,0.4,0.0,0.4,0.4,0.4,0.4,0.4,0.4,0.4,0.4,0.4,0.4,0.4,0.4,0.4,0.4,0.4,0.4,0.4,0.4,0.4,0.4,0.0,0.4,0.4,0.4,0.4,0.4,0.4,0.4,0.4,0.4,0.4,0.4,0.4,0.4,0.4,0.4,0.4,0.4,0.4,0.4,0.4,0.0,0.4,0.4,0.4,0.4,0.4,0.4,0.4,0.4,0.4,0.4,0.4,0.4,0.4,0.4,0.4,0.4,0.4,0.4,0.4,0.4,0.4,
64.30244493484497,4610,4575,4556,4577,4607,4589,4610,4614,4610,4612,4622,4601,4593,4588,4616,4622,4602,4619,4605,4615,0,4609,4636,4656,4600,4670,4566,4617,4593,4592,4607,4613,4684,4671,4620,4614,4655,4624,4618,4609,4652,0,4634,4672,4609,4634,4667,4615,4576,4627,4631,4611,4628,4649,4593,4683,4650,4655,4604,4602,4628,4676,0,4596,4594,4580,4612,4594,4601,4603,4583,4600,4591,4609,4581,4603,4624,4592,4610,4647,4624,4602,4612,0,4589,4628,4615,4576,4593,4616,4644,4598,4606,4637,4596,4623,4616,4606,4630,4612,4620,4633,4593,4610,0,4624,4597,4632,4582,4603,4671,4611,4619,4572,4607,4616,4592,4610,4631,4621,4622,4619,4609,4589,4634,4604,0.4,0.4,0.4,0.4,0.4,0.4,0.4,0.4,0.4,0.4,0.4,0.4,0.4,0.4,0.4,0.4,0.4,0.4,0.4,0.4,0.0,0.4,0.4,0.4,0.4,0.4,0.4,0.4,0.4,0.4,0.4,0.4,0.4,0.4,0.4,0.4,0.4,0.4,0.4,0.4,0.4,0.0,0.4,0.4,0.4,0.4,0.4,0.4,0.4,0.4,0.4,0.4,0.4,0.4,0.4,0.4,0.4,0.4,0.4,0.4,0.4,0.4,0.0,0.4,0.4,0.4,0.4,0.4,0.4,0.4,0.4,0.4,0.4,0.4,0.4,0.4,0.4,0.4,0.4,0.4,0.4,0.4,0.4,0.0,0.4,0.4,0.4,0.4,0.4,0.4,0.4,0.4,0.4,0.4,0.4,0.4,0.4,0.4,0.4,0.4,0.4,0.4,0.4,0.4,0.0,0.4,0.4,0.4,0.4,0.4,0.4,0.4,0.4,0.4,0.4,0.4,0.4,0.4,0.4,0.4,0.4,0.4,0.4,0.4,0.4,0.4,
64.45423412322998,4611,4589,4556,4577,4608,4592,4608,4621,4610,4614,4619,4603,4593,4600,4617,4617,4597,4615,4647,4618,0,4609,4636,4656,4600,4670,4566,4617,4593,4592,4607,4613,4684,4671,4620,4614,4655,4624,4618,4609,4652,0,4634,4673,4612,4625,4675,4611,4578,4627,4627,4611,4632,4654,4591,4680,4650,4656,4603,4601,4625,4678,0,4605,4590,4582,4612,4599,4601,4603,4581,4600,4593,4612,4578,4604,4623,4590,4613,4641,4626,4602,4606,0,4589,4628,4615,4576,4593,4616,4644,4598,4606,4637,4596,4623,4616,4606,4630,4612,4620,4633,4593,4610,0,4624,4597,4632,4582,4603,4671,4611,4619,4572,4607,4616,4592,4610,4631,4621,4622,4619,4609,4589,4634,4604,0.4,0.4,0.4,0.4,0.4,0.4,0.4,0.4,0.4,0.4,0.4,0.4,0.4,0.4,0.4,0.4,0.4,0.4,0.4,0.4,0.0,0.4,0.4,0.4,0.4,0.4,0.4,0.4,0.4,0.4,0.4,0.4,0.4,0.4,0.4,0.4,0.4,0.4,0.4,0.4,0.4,0.0,0.4,0.4,0.4,0.4,0.4,0.4,0.4,0.4,0.4,0.4,0.4,0.4,0.4,0.4,0.4,0.4,0.4,0.4,0.4,0.4,0.0,0.4,0.4,0.4,0.4,0.4,0.4,0.4,0.4,0.4,0.4,0.4,0.4,0.4,0.4,0.4,0.4,0.4,0.4,0.4,0.4,0.0,0.4,0.4,0.4,0.4,0.4,0.4,0.4,0.4,0.4,0.4,0.4,0.4,0.4,0.4,0.4,0.4,0.4,0.4,0.4,0.4,0.0,0.4,0.4,0.4,0.4,0.4,0.4,0.4,0.4,0.4,0.4,0.4,0.4,0.4,0.4,0.4,0.4,0.4,0.4,0.4,0.4,0.4,
64.60602736473083,4611,4589,4556,4577,4608,4592,4608,4621,4610,4614,4619,4603,4593,4600,4617,4617,4597,4615,4647,4618,0,4607,4643,4653,4591,4665,4565,4619,4598,4585,4607,4608,4682,4668,4626,4614,4657,4624,4617,4601,4653,0,4634,4673,4612,4625,4675,4611,4578,4627,4627,4611,4632,4654,4591,4680,4650,4656,4603,4601,4625,4678,0,4605,4590,4582,4612,4599,4601,4603,4581,4600,4593,4612,4578,4604,4623,4590,4613,4641,4626,4602,4606,0,4589,4628,4615,4576,4593,4616,4644,4598,4606,4637,4596,4623,4616,4606,4630,4612,4620,4633,4593,4610,0,4622,4596,4629,4581,4604,4669,4614,4626,4577,4610,4610,4596,4607,4642,4613,4624,4627,4597,4588,4638,4610,0.4,0.4,0.4,0.4,0.4,0.4,0.4,0.4,0.4,0.4,0.4,0.4,0.4,0.4,0.4,0.4,0.4,0.4,0.4,0.4,0.0,0.4,0.4,0.4,0.4,0.4,0.4,0.4,0.4,0.4,0.4,0.4,0.4,0.4,0.4,0.4,0.4,0.4,0.4,0.4,0.4,0.0,0.4,0.4,0.4,0.4,0.4,0.4,0.4,0.4,0.4,0.4,0.4,0.4,0.4,0.4,0.4,0.4,0.4,0.4,0.4,0.4,0.0,0.4,0.4,0.4,0.4,0.4,0.4,0.4,0.4,0.4,0.4,0.4,0.4,0.4,0.4,0.4,0.4,0.4,0.4,0.4,0.4,0.0,0.4,0.4,0.4,0.4,0.4,0.4,0.4,0.4,0.4,0.4,0.4,0.4,0.4,0.4,0.4,0.4,0.4,0.4,0.4,0.4,0.0,0.4,0.4,0.4,0.4,0.4,0.4,0.4,0.4,0.4,0.4,0.4,0.4,0.4,0.4,0.4,0.4,0.4,0.4,0.4,0.4,0.4,
64.70775437355042,4611,4589,4556,4577,4608,4592,4608,4621,4610,4614,4619,4603,4593,4600,4617,4617,4597,4615,4647,4618,0,4607,4643,4653,4591,4665,4565,4619,4598,4585,4607,4608,4682,4668,4626,4614,4657,4624,4617,4601,4653,0,4634,4673,4612,4625,4675,4611,4578,4627,4627,4611,4632,4654,4591,4680,4650,4656,4603,4601,4625,4678,0,4605,4590,4582,4612,4599,4601,4603,4581,4600,4593,4612,4578,4604,4623,4590,4613,4641,4626,4602,4606,0,4590,4629,4618,4578,4589,4614,4641,4596,4608,4633,4597,4621,4614,4607,4641,4611,4616,4631,4595,4613,0,4622,4596,4629,4581,4604,4669,4614,4626,4577,4610,4610,4596,4607,4642,4613,4624,4627,4597,4588,4638,4610,0.4,0.4,0.4,0.4,0.4,0.4,0.4,0.4,0.4,0.4,0.4,0.4,0.4,0.4,0.4,0.4,0.4,0.4,0.4,0.4,0.0,0.4,0.4,0.4,0.4,0.4,0.4,0.4,0.4,0.4,0.4,0.4,0.4,0.4,0.4,0.4,0.4,0.4,0.4,0.4,0.4,0.0,0.4,0.4,0.4,0.4,0.4,0.4,0.4,0.4,0.4,0.4,0.4,0.4,0.4,0.4,0.4,0.4,0.4,0.4,0.4,0.4,0.0,0.4,0.4,0.4,0.4,0.4,0.4,0.4,0.4,0.4,0.4,0.4,0.4,0.4,0.4,0.4,0.4,0.4,0.4,0.4,0.4,0.0,0.4,0.4,0.4,0.4,0.4,0.4,0.4,0.4,0.4,0.4,0.4,0.4,0.4,0.4,0.4,0.4,0.4,0.4,0.4,0.4,0.0,0.4,0.4,0.4,0.4,0.4,0.4,0.4,0.4,0.4,0.4,0.4,0.4,0.4,0.4,0.4,0.4,0.4,0.4,0.4,0.4,0.4,
64.80929517745972,4613,4591,4555,4578,4608,4589,4610,4620,4614,4611,4616,4602,4596,4595,4621,4618,4600,4609,4678,4620,0,4607,4643,4653,4591,4665,4565,4619,4598,4585,4607,4608,4682,4668,4626,4614,4657,4624,4617,4601,4653,0,4633,4679,4610,4626,4675,4612,4581,4624,4632,4614,4628,4654,4592,4679,4653,4651,4602,4598,4626,4681,0,4599,4593,4585,4611,4600,4601,4605,4582,4600,4596,4610,4576,4609,4630,4593,4609,4646,4621,4603,4608,0,4590,4629,4618,4578,4589,4614,4641,4596,4608,4633,4597,4621,4614,4607,4641,4611,4616,4631,4595,4613,0,4622,4596,4629,4581,4604,4669,4614,4626,4577,4610,4610,4596,4607,4642,4613,4624,4627,4597,4588,4638,4610,0.4,0.4,0.4,0.4,0.4,0.4,0.4,0.4,0.4,0.4,0.4,0.4,0.4,0.4,0.4,0.4,0.4,0.4,0.4,0.4,0.0,0.4,0.4,0.4,0.4,0.4,0.4,0.4,0.4,0.4,0.4,0.4,0.4,0.4,0.4,0.4,0.4,0.4,0.4,0.4,0.4,0.0,0.4,0.4,0.4,0.4,0.4,0.4,0.4,0.4,0.4,0.4,0.4,0.4,0.4,0.4,0.4,0.4,0.4,0.4,0.4,0.4,0.0,0.4,0.4,0.4,0.4,0.4,0.4,0.4,0.4,0.4,0.4,0.4,0.4,0.4,0.4,0.4,0.4,0.4,0.4,0.4,0.4,0.0,0.4,0.4,0.4,0.4,0.4,0.4,0.4,0.4,0.4,0.4,0.4,0.4,0.4,0.4,0.4,0.4,0.4,0.4,0.4,0.4,0.0,0.4,0.4,0.4,0.4,0.4,0.4,0.4,0.4,0.4,0.4,0.4,0.4,0.4,0.4,0.4,0.4,0.4,0.4,0.4,0.4,0.4,
64.96158170700073,4613,4591,4555,4578,4608,4589,4610,4620,4614,4611,4616,4602,4596,4595,4621,4618,4600,4609,4678,4620,0,4609,4644,4658,4591,4667,4565,4618,4601,4590,4603,4607,4682,4654,4622,4613,4655,4628,4617,4598,4652,0,4633,4679,4610,4626,4675,4612,4581,4624,4632,4614,4628,4654,4592,4679,4653,4651,4602,4598,4626,4681,0,4599,4593,4585,4611,4600,4601,4605,4582,4600,4596,4610,4576,4609,4630,4593,4609,4646,4621,4603,4608,0,4590,4629,4618,4578,4589,4614,4641,4596,4608,4633,4597,4621,4614,4607,4641,4611,4616,4631,4595,4613,0,4622,4596,4629,4581,4604,4669,4614,4626,4577,4610,4610,4596,4607,4642,4613,4624,4627,4597,4588,4638,4610,0.4,0.4,0.4,0.4,0.4,0.4,0.4,0.4,0.4,0.4,0.4,0.4,0.4,0.4,0.4,0.4,0.4,0.4,0.4,0.4,0.0,0.4,0.4,0.4,0.4,0.4,0.4,0.4,0.4,0.4,0.4,0.4,0.4,0.4,0.4,0.4,0.4,0.4,0.4,0.4,0.4,0.0,0.4,0.4,0.4,0.4,0.4,0.4,0.4,0.4,0.4,0.4,0.4,0.4,0.4,0.4,0.4,0.4,0.4,0.4,0.4,0.4,0.0,0.4,0.4,0.4,0.4,0.4,0.4,0.4,0.4,0.4,0.4,0.4,0.4,0.4,0.4,0.4,0.4,0.4,0.4,0.4,0.4,0.0,0.4,0.4,0.4,0.4,0.4,0.4,0.4,0.4,0.4,0.4,0.4,0.4,0.4,0.4,0.4,0.4,0.4,0.4,0.4,0.4,0.0,0.4,0.4,0.4,0.4,0.4,0.4,0.4,0.4,0.4,0.4,0.4,0.4,0.4,0.4,0.4,0.4,0.4,0.4,0.4,0.4,0.4,
65.06314539909363,4613,4591,4555,4578,4608,4589,4610,4620,4614,4611,4616,4602,4596,4595,4621,4618,4600,4609,4678,4620,0,4609,4644,4658,4591,4667,4565,4618,4601,4590,4603,4607,4682,4654,4622,4613,4655,4628,4617,4598,4652,0,4633,4679,4610,4626,4675,4612,4581,4624,4632,4614,4628,4654,4592,4679,4653,4651,4602,4598,4626,4681,0,4599,4593,4585,4611,4600,4601,4605,4582,4600,4596,4610,4576,4609,4630,4593,4609,4646,4621,4603,4608,0,4589,4623,4615,4580,4588,4614,4644,4593,4607,4633,4601,4620,4616,4604,4640,4612,4612,4631,4595,4615,0,4623,4598,4628,4580,4602,4665,4613,4624,4575,4610,4612,4602,4609,4644,4613,4623,4645,4619,4568,4618,4605,0.4,0.4,0.4,0.4,0.4,0.4,0.4,0.4,0.4,0.4,0.4,0.4,0.4,0.4,0.4,0.4,0.4,0.4,0.4,0.4,0.0,0.4,0.4,0.4,0.4,0.4,0.4,0.4,0.4,0.4,0.4,0.4,0.4,0.4,0.4,0.4,0.4,0.4,0.4,0.4,0.4,0.0,0.4,0.4,0.4,0.4,0.4,0.4,0.4,0.4,0.4,0.4,0.4,0.4,0.4,0.4,0.4,0.4,0.4,0.4,0.4,0.4,0.0,0.4,0.4,0.4,0.4,0.4,0.4,0.4,0.4,0.4,0.4,0.4,0.4,0.4,0.4,0.4,0.4,0.4,0.4,0.4,0.4,0.0,0.4,0.4,0.4,0.4,0.4,0.4,0.4,0.4,0.4,0.4,0.4,0.4,0.4,0.4,0.4,0.4,0.4,0.4,0.4,0.4,0.0,0.4,0.4,0.4,0.4,0.4,0.4,0.4,0.4,0.4,0.4,0.4,0.4,0.4,0.4,0.4,0.4,0.4,0.4,0.4,0.4,0.4,
65.21485114097595,4615,4592,4559,4583,4606,4586,4610,4615,4618,4616,4616,4604,4599,4592,4620,4619,4600,4613,4697,4622,0,4609,4644,4658,4591,4667,4565,4618,4601,4590,4603,4607,4682,4654,4622,4613,4655,4628,4617,4598,4652,0,4633,4670,4610,4626,4676,4618,4581,4627,4632,4612,4626,4658,4586,4680,4653,4652,4600,4594,4630,4676,0,4600,4593,4582,4611,4599,4602,4595,4589,4603,4599,4610,4579,4602,4632,4591,4609,4654,4622,4602,4606,0,4589,4623,4615,4580,4588,4614,4644,4593,4607,4633,4601,4620,4616,4604,4640,4612,4612,4631,4595,4615,0,4623,4598,4628,4580,4602,4665,4613,4624,4575,4610,4612,4602,4609,4644,4613,4623,4645,4619,4568,4618,4605,0.4,0.4,0.4,0.4,0.4,0.4,0.4,0.4,0.4,0.4,0.4,0.4,0.4,0.4,0.4,0.4,0.4,0.4,0.4,0.4,0.0,0.4,0.4,0.4,0.4,0.4,0.4,0.4,0.4,0.4,0.4,0.4,0.4,0.4,0.4,0.4,0.4,0.4,0.4,0.4,0.4,0.0,0.4,0.4,0.4,0.4,0.4,0.4,0.4,0.4,0.4,0.4,0.4,0.4,0.4,0.4,0.4,0.4,0.4,0.4,0.4,0.4,0.0,0.4,0.4,0.4,0.4,0.4,0.4,0.4,0.4,0.4,0.4,0.4,0.4,0.4,0.4,0.4,0.4,0.4,0.4,0.4,0.4,0.0,0.4,0.4,0.4,0.4,0.4,0.4,0.4,0.4,0.4,0.4,0.4,0.4,0.4,0.4,0.4,0.4,0.4,0.4,0.4,0.4,0.0,0.4,0.4,0.4,0.4,0.4,0.4,0.4,0.4,0.4,0.4,0.4,0.4,0.4,0.4,0.4,0.4,0.4,0.4,0.4,0.4,0.4,
65.31643748283386,4615,4592,4559,4583,4606,4586,4610,4615,4618,4616,4616,4604,4599,4592,4620,4619,4600,4613,4697,4622,0,4612,4633,4659,4591,4663,4564,4617,4603,4591,4602,4609,4681,4650,4621,4614,4658,4627,4614,4602,4654,0,4633,4670,4610,4626,4676,4618,4581,4627,4632,4612,4626,4658,4586,4680,4653,4652,4600,4594,4630,4676,0,4600,4593,4582,4611,4599,4602,4595,4589,4603,4599,4610,4579,4602,4632,4591,4609,4654,4622,4602,4606,0,4589,4623,4615,4580,4588,4614,4644,4593,4607,4633,4601,4620,4616,4604,4640,4612,4612,4631,4595,4615,0,4623,4595,4630,4581,4605,4672,4605,4624,4575,4610,4612,4593,4608,4642,4618,4640,4635,4612,4575,4622,4604,0.4,0.4,0.4,0.4,0.4,0.4,0.4,0.4,0.4,0.4,0.4,0.4,0.4,0.4,0.4,0.4,0.4,0.4,0.4,0.4,0.0,0.4,0.4,0.4,0.4,0.4,0.4,0.4,0.4,0.4,0.4,0.4,0.4,0.4,0.4,0.4,0.4,0.4,0.4,0.4,0.4,0.0,0.4,0.4,0.4,0.4,0.4,0.4,0.4,0.4,0.4,0.4,0.4,0.4,0.4,0.4,0.4,0.4,0.4,0.4,0.4,0.4,0.0,0.4,0.4,0.4,0.4,0.4,0.4,0.4,0.4,0.4,0.4,0.4,0.4,0.4,0.4,0.4,0.4,0.4,0.4,0.4,0.4,0.0,0.4,0.4,0.4,0.4,0.4,0.4,0.4,0.4,0.4,0.4,0.4,0.4,0.4,0.4,0.4,0.4,0.4,0.4,0.4,0.4,0.0,0.4,0.4,0.4,0.4,0.4,0.4,0.4,0.4,0.4,0.4,0.4,0.4,0.4,0.4,0.4,0.4,0.4,0.4,0.4,0.4,0.4,
65.41798877716064,4615,4592,4559,4583,4606,4586,4610,4615,4618,4616,4616,4604,4599,4592,4620,4619,4600,4613,4697,4622,0,4612,4633,4659,4591,4663,4564,4617,4603,4591,4602,4609,4681,4650,4621,4614,4658,4627,4614,4602,4654,0,4633,4670,4610,4626,4676,4618,4581,4627,4632,4612,4626,4658,4586,4680,4653,4652,4600,4594,4630,4676,0,4600,4593,4582,4611,4599,4602,4595,4589,4603,4599,4610,4579,4602,4632,4591,4609,4654,4622,4602,4606,0,4587,4627,4616,4581,4593,4610,4643,4596,4607,4634,4603,4624,4614,4602,4621,4610,4614,4632,4596,4612,0,4623,4595,4630,4581,4605,4672,4605,4624,4575,4610,4612,4593,4608,4642,4618,4640,4635,4612,4575,4622,4604,0.4,0.4,0.4,0.4,0.4,0.4,0.4,0.4,0.4,0.4,0.4,0.4,0.4,0.4,0.4,0.4,0.4,0.4,0.4,0.4,0.0,0.4,0.4,0.4,0.4,0.4,0.4,0.4,0.4,0.4,0.4,0.4,0.4,0.4,0.4,0.4,0.4,0.4,0.4,0.4,0.4,0.0,0.4,0.4,0.4,0.4,0.4,0.4,0.4,0.4,0.4,0.4,0.4,0.4,0.4,0.4,0.4,0.4,0.4,0.4,0.4,0.4,0.0,0.4,0.4,0.4,0.4,0.4,0.4,0.4,0.4,0.4,0.4,0.4,0.4,0.4,0.4,0.4,0.4,0.4,0.4,0.4,0.4,0.0,0.4,0.4,0.4,0.4,0.4,0.4,0.4,0.4,0.4,0.4,0.4,0.4,0.4,0.4,0.4,0.4,0.4,0.4,0.4,0.4,0.0,0.4,0.4,0.4,0.4,0.4,0.4,0.4,0.4,0.4,0.4,0.4,0.4,0.4,0.4,0.4,0.4,0.4,0.4,0.4,0.4,0.4,
65.56982207298279,4620,4590,4580,4583,4607,4590,4614,4609,4618,4616,4620,4602,4598,4587,4618,4619,4602,4606,4647,4619,0,4612,4633,4659,4591,4663,4564,4617,4603,4591,4602,4609,4681,4650,4621,4614,4658,4627,4614,4602,4654,0,4633,4670,4610,4630,4672,4624,4581,4626,4631,4608,4629,4655,4586,4679,4652,4656,4606,4599,4626,4675,0,4601,4591,4577,4608,4604,4603,4595,4585,4600,4600,4613,4584,4602,4627,4588,4611,4644,4628,4604,4605,0,4587,4627,4616,4581,4593,4610,4643,4596,4607,4634,4603,4624,4614,4602,4621,4610,4614,4632,4596,4612,0,4623,4595,4630,4581,4605,4672,4605,4624,4575,4610,4612,4593,4608,4642,4618,4640,4635,4612,4575,4622,4604,0.4,0.4,0.4,0.4,0.4,0.4,0.4,0.4,0.4,0.4,0.4,0.4,0.4,0.4,0.4,0.4,0.4,0.4,0.4,0.4,0.0,0.4,0.4,0.4,0.4,0.4,0.4,0.4,0.4,0.4,0.4,0.4,0.4,0.4,0.4,0.4,0.4,0.4,0.4,0.4,0.4,0.0,0.4,0.4,0.4,0.4,0.4,0.4,0.4,0.4,0.4,0.4,0.4,0.4,0.4,0.4,0.4,0.4,0.4,0.4,0.4,0.4,0.0,0.4,0.4,0.4,0.4,0.4,0.4,0.4,0.4,0.4,0.4,0.4,0.4,0.4,0.4,0.4,0.4,0.4,0.4,0.4,0.4,0.0,0.4,0.4,0.4,0.4,0.4,0.4,0.4,0.4,0.4,0.4,0.4,0.4,0.4,0.4,0.4,0.4,0.4,0.4,0.4,0.4,0.0,0.4,0.4,0.4,0.4,0.4,0.4,0.4,0.4,0.4,0.4,0.4,0.4,0.4,0.4,0.4,0.4,0.4,0.4,0.4,0.4,0.4,
65.67138934135437,4620,4590,4580,4583,4607,4590,4614,4609,4618,4616,4620,4602,4598,4587,4618,4619,4602,4606,4647,4619,0,4610,4632,4662,4589,4669,4566,4616,4602,4589,4605,4609,4679,4643,4623,4617,4660,4627,4623,4596,4651,0,4633,4670,4610,4630,4672,4624,4581,4626,4631,4608,4629,4655,4586,4679,4652,4656,4606,4599,4626,4675,0,4601,4591,4577,4608,4604,4603,4595,4585,4600,4600,4613,4584,4602,4627,4588,4611,4644,4628,4604,4605,0,4587,4627,4616,4581,4593,4610,4643,4596,4607,4634,4603,4624,4614,4602,4621,4610,4614,4632,4596,4612,0,4625,4600,4625,4580,4604,4676,4606,4624,4578,4606,4612,4587,4609,4649,4624,4638,4630,4607,4578,4627,4601,0.4,0.4,0.4,0.4,0.4,0.4,0.4,0.4,0.4,0.4,0.4,0.4,0.4,0.4,0.4,0.4,0.4,0.4,0.4,0.4,0.0,0.4,0.4,0.4,0.4,0.4,0.4,0.4,0.4,0.4,0.4,0.4,0.4,0.4,0.4,0.4,0.4,0.4,0.4,0.4,0.4,0.0,0.4,0.4,0.4,0.4,0.4,0.4,0.4,0.4,0.4,0.4,0.4,0.4,0.4,0.4,0.4,0.4,0.4,0.4,0.4,0.4,0.0,0.4,0.4,0.4,0.4,0.4,0.4,0.4,0.4,0.4,0.4,0.4,0.4,0.4,0.4,0.4,0.4,0.4,0.4,0.4,0.4,0.0,0.4,0.4,0.4,0.4,0.4,0.4,0.4,0.4,0.4,0.4,0.4,0.4,0.4,0.4,0.4,0.4,0.4,0.4,0.4,0.4,0.0,0.4,0.4,0.4,0.4,0.4,0.4,0.4,0.4,0.4,0.4,0.4,0.4,0.4,0.4,0.4,0.4,0.4,0.4,0.4,0.4,0.4,
65.77297115325928,4620,4590,4580,4583,4607,4590,4614,4609,4618,4616,4620,4602,4598,4587,4618,4619,4602,4606,4647,4619,0,4610,4632,4662,4589,4669,4566,4616,4602,4589,4605,4609,4679,4643,4623,4617,4660,4627,4623,4596,4651,0,4633,4670,4610,4630,4672,4624,4581,4626,4631,4608,4629,4655,4586,4679,4652,4656,4606,4599,4626,4675,0,4601,4591,4577,4608,4604,4603,4595,4585,4600,4600,4613,4584,4602,4627,4588,4611,4644,4628,4604,4605,0,4588,4626,4613,4584,4593,4610,4642,4592,4610,4632,4601,4621,4616,4605,4632,4613,4616,4633,4598,4613,0,4625,4600,4625,4580,4604,4676,4606,4624,4578,4606,4612,4587,4609,4649,4624,4638,4630,4607,4578,4627,4601,0.4,0.4,0.4,0.4,0.4,0.4,0.4,0.4,0.4,0.4,0.4,0.4,0.4,0.4,0.4,0.4,0.4,0.4,0.4,0.4,0.0,0.4,0.4,0.4,0.4,0.4,0.4,0.4,0.4,0.4,0.4,0.4,0.4,0.4,0.4,0.4,0.4,0.4,0.4,0.4,0.4,0.0,0.4,0.4,0.4,0.4,0.4,0.4,0.4,0.4,0.4,0.4,0.4,0.4,0.4,0.4,0.4,0.4,0.4,0.4,0.4,0.4,0.0,0.4,0.4,0.4,0.4,0.4,0.4,0.4,0.4,0.4,0.4,0.4,0.4,0.4,0.4,0.4,0.4,0.4,0.4,0.4,0.4,0.0,0.4,0.4,0.4,0.4,0.4,0.4,0.4,0.4,0.4,0.4,0.4,0.4,0.4,0.4,0.4,0.4,0.4,0.4,0.4,0.4,0.0,0.4,0.4,0.4,0.4,0.4,0.4,0.4,0.4,0.4,0.4,0.4,0.4,0.4,0.4,0.4,0.4,0.4,0.4,0.4,0.4,0.4,
65.92471957206726,4622,4593,4601,4580,4609,4588,4616,4605,4620,4613,4624,4601,4599,4586,4619,4615,4609,4612,4624,4612,0,4610,4632,4662,4589,4669,4566,4616,4602,4589,4605,4609,4679,4643,4623,4617,4660,4627,4623,4596,4651,0,4631,4670,4611,4627,4672,4606,4591,4627,4627,4613,4638,4660,4587,4680,4653,4653,4604,4602,4632,4676,0,4602,4589,4580,4609,4608,4600,4598,4588,4600,4598,4609,4577,4611,4627,4591,4612,4640,4622,4602,4602,0,4588,4626,4613,4584,4593,4610,4642,4592,4610,4632,4601,4621,4616,4605,4632,4613,4616,4633,4598,4613,0,4625,4600,4625,4580,4604,4676,4606,4624,4578,4606,4612,4587,4609,4649,4624,4638,4630,4607,4578,4627,4601,0.4,0.4,0.4,0.4,0.4,0.4,0.4,0.4,0.4,0.4,0.4,0.4,0.4,0.4,0.4,0.4,0.4,0.4,0.4,0.4,0.0,0.4,0.4,0.4,0.4,0.4,0.4,0.4,0.4,0.4,0.4,0.4,0.4,0.4,0.4,0.4,0.4,0.4,0.4,0.4,0.4,0.0,0.4,0.4,0.4,0.4,0.4,0.4,0.4,0.4,0.4,0.4,0.4,0.4,0.4,0.4,0.4,0.4,0.4,0.4,0.4,0.4,0.0,0.4,0.4,0.4,0.4,0.4,0.4,0.4,0.4,0.4,0.4,0.4,0.4,0.4,0.4,0.4,0.4,0.4,0.4,0.4,0.4,0.0,0.4,0.4,0.4,0.4,0.4,0.4,0.4,0.4,0.4,0.4,0.4,0.4,0.4,0.4,0.4,0.4,0.4,0.4,0.4,0.4,0.0,0.4,0.4,0.4,0.4,0.4,0.4,0.4,0.4,0.4,0.4,0.4,0.4,0.4,0.4,0.4,0.4,0.4,0.4,0.4,0.4,0.4,
66.02631831169128,4622,4593,4601,4580,4609,4588,4616,4605,4620,4613,4624,4601,4599,4586,4619,4615,4609,4612,4624,4612,0,4609,4633,4662,4593,4669,4565,4618,4600,4589,4605,4613,4677,4641,4619,4614,4661,4631,4623,4594,4645,0,4631,4670,4611,4627,4672,4606,4591,4627,4627,4613,4638,4660,4587,4680,4653,4653,4604,4602,4632,4676,0,4602,4589,4580,4609,4608,4600,4598,4588,4600,4598,4609,4577,4611,4627,4591,4612,4640,4622,4602,4602,0,4588,4626,4613,4584,4593,4610,4642,4592,4610,4632,4601,4621,4616,4605,4632,4613,4616,4633,4598,4613,0,4623,4599,4632,4584,4604,4673,4611,4622,4574,4613,4613,4593,4609,4646,4624,4636,4631,4598,4583,4636,4602,0.4,0.4,0.4,0.4,0.4,0.4,0.4,0.4,0.4,0.4,0.4,0.4,0.4,0.4,0.4,0.4,0.4,0.4,0.4,0.4,0.0,0.4,0.4,0.4,0.4,0.4,0.4,0.4,0.4,0.4,0.4,0.4,0.4,0.4,0.4,0.4,0.4,0.4,0.4,0.4,0.4,0.0,0.4,0.4,0.4,0.4,0.4,0.4,0.4,0.4,0.4,0.4,0.4,0.4,0.4,0.4,0.4,0.4,0.4,0.4,0.4,0.4,0.0,0.4,0.4,0.4,0.4,0.4,0.4,0.4,0.4,0.4,0.4,0.4,0.4,0.4,0.4,0.4,0.4,0.4,0.4,0.4,0.4,0.0,0.4,0.4,0.4,0.4,0.4,0.4,0.4,0.4,0.4,0.4,0.4,0.4,0.4,0.4,0.4,0.4,0.4,0.4,0.4,0.4,0.0,0.4,0.4,0.4,0.4,0.4,0.4,0.4,0.4,0.4,0.4,0.4,0.4,0.4,0.4,0.4,0.4,0.4,0.4,0.4,0.4,0.4,
66.1278464794159,4622,4593,4601,4580,4609,4588,4616,4605,4620,4613,4624,4601,4599,4586,4619,4615,4609,4612,4624,4612,0,4609,4633,4662,4593,4669,4565,4618,4600,4589,4605,4613,4677,4641,4619,4614,4661,4631,4623,4594,4645,0,4631,4670,4611,4627,4672,4606,4591,4627,4627,4613,4638,4660,4587,4680,4653,4653,4604,4602,4632,4676,0,4602,4589,4580,4609,4608,4600,4598,4588,4600,4598,4609,4577,4611,4627,4591,4612,4640,4622,4602,4602,0,4586,4628,4610,4583,4596,4609,4643,4600,4609,4632,4592,4627,4615,4604,4633,4608,4613,4631,4588,4612,0,4623,4599,4632,4584,4604,4673,4611,4622,4574,4613,4613,4593,4609,4646,4624,4636,4631,4598,4583,4636,4602,0.4,0.4,0.4,0.4,0.4,0.4,0.4,0.4,0.4,0.4,0.4,0.4,0.4,0.4,0.4,0.4,0.4,0.4,0.4,0.4,0.0,0.4,0.4,0.4,0.4,0.4,0.4,0.4,0.4,0.4,0.4,0.4,0.4,0.4,0.4,0.4,0.4,0.4,0.4,0.4,0.4,0.0,0.4,0.4,0.4,0.4,0.4,0.4,0.4,0.4,0.4,0.4,0.4,0.4,0.4,0.4,0.4,0.4,0.4,0.4,0.4,0.4,0.0,0.4,0.4,0.4,0.4,0.4,0.4,0.4,0.4,0.4,0.4,0.4,0.4,0.4,0.4,0.4,0.4,0.4,0.4,0.4,0.4,0.0,0.4,0.4,0.4,0.4,0.4,0.4,0.4,0.4,0.4,0.4,0.4,0.4,0.4,0.4,0.4,0.4,0.4,0.4,0.4,0.4,0.0,0.4,0.4,0.4,0.4,0.4,0.4,0.4,0.4,0.4,0.4,0.4,0.4,0.4,0.4,0.4,0.4,0.4,0.4,0.4,0.4,0.4,
66.28015208244324,4621,4594,4607,4574,4605,4587,4614,4612,4615,4612,4622,4599,4606,4592,4621,4614,4604,4612,4611,4616,0,4609,4633,4662,4593,4669,4565,4618,4600,4589,4605,4613,4677,4641,4619,4614,4661,4631,4623,4594,4645,0,4631,4670,4611,4627,4672,4606,4591,4627,4627,4613,4638,4660,4587,4680,4653,4653,4604,4602,4632,4676,0,4601,4592,4584,4607,4610,4596,4597,4584,4601,4602,4612,4579,4605,4638,4597,4620,4642,4628,4603,4603,0,4586,4628,4610,4583,4596,4609,4643,4600,4609,4632,4592,4627,4615,4604,4633,4608,4613,4631,4588,4612,0,4623,4599,4632,4584,4604,4673,4611,4622,4574,4613,4613,4593,4609,4646,4624,4636,4631,4598,4583,4636,4602,0.4,0.4,0.4,0.4,0.4,0.4,0.4,0.4,0.4,0.4,0.4,0.4,0.4,0.4,0.4,0.4,0.4,0.4,0.4,0.4,0.0,0.4,0.4,0.4,0.4,0.4,0.4,0.4,0.4,0.4,0.4,0.4,0.4,0.4,0.4,0.4,0.4,0.4,0.4,0.4,0.4,0.0,0.4,0.4,0.4,0.4,0.4,0.4,0.4,0.4,0.4,0.4,0.4,0.4,0.4,0.4,0.4,0.4,0.4,0.4,0.4,0.4,0.0,0.4,0.4,0.4,0.4,0.4,0.4,0.4,0.4,0.4,0.4,0.4,0.4,0.4,0.4,0.4,0.4,0.4,0.4,0.4,0.4,0.0,0.4,0.4,0.4,0.4,0.4,0.4,0.4,0.4,0.4,0.4,0.4,0.4,0.4,0.4,0.4,0.4,0.4,0.4,0.4,0.4,0.0,0.4,0.4,0.4,0.4,0.4,0.4,0.4,0.4,0.4,0.4,0.4,0.4,0.4,0.4,0.4,0.4,0.4,0.4,0.4,0.4,0.4,
66.38176131248474,4621,4594,4607,4574,4605,4587,4614,4612,4615,4612,4622,4599,4606,4592,4621,4614,4604,4612,4611,4616,0,4612,4629,4658,4602,4669,4565,4618,4599,4589,4601,4613,4679,4647,4622,4611,4649,4623,4620,4604,4648,0,4627,4670,4612,4627,4673,4615,4584,4625,4627,4611,4629,4654,4579,4678,4654,4652,4602,4597,4625,4672,0,4601,4592,4584,4607,4610,4596,4597,4584,4601,4602,4612,4579,4605,4638,4597,4620,4642,4628,4603,4603,0,4586,4628,4610,4583,4596,4609,4643,4600,4609,4632,4592,4627,4615,4604,4633,4608,4613,4631,4588,4612,0,4623,4596,4627,4580,4606,4673,4611,4624,4582,4610,4619,4601,4610,4651,4623,4619,4637,4616,4581,4615,4600,0.4,0.4,0.4,0.4,0.4,0.4,0.4,0.4,0.4,0.4,0.4,0.4,0.4,0.4,0.4,0.4,0.4,0.4,0.4,0.4,0.0,0.4,0.4,0.4,0.4,0.4,0.4,0.4,0.4,0.4,0.4,0.4,0.4,0.4,0.4,0.4,0.4,0.4,0.4,0.4,0.4,0.0,0.4,0.4,0.4,0.4,0.4,0.4,0.4,0.4,0.4,0.4,0.4,0.4,0.4,0.4,0.4,0.4,0.4,0.4,0.4,0.4,0.0,0.4,0.4,0.4,0.4,0.4,0.4,0.4,0.4,0.4,0.4,0.4,0.4,0.4,0.4,0.4,0.4,0.4,0.4,0.4,0.4,0.0,0.4,0.4,0.4,0.4,0.4,0.4,0.4,0.4,0.4,0.4,0.4,0.4,0.4,0.4,0.4,0.4,0.4,0.4,0.4,0.4,0.0,0.4,0.4,0.4,0.4,0.4,0.4,0.4,0.4,0.4,0.4,0.4,0.4,0.4,0.4,0.4,0.4,0.4,0.4,0.4,0.4,0.4,
66.48386311531067,4621,4594,4607,4574,4605,4587,4614,4612,4615,4612,4622,4599,4606,4592,4621,4614,4604,4612,4611,4616,0,4612,4629,4658,4602,4669,4565,4618,4599,4589,4601,4613,4679,4647,4622,4611,4649,4623,4620,4604,4648,0,4627,4670,4612,4627,4673,4615,4584,4625,4627,4611,4629,4654,4579,4678,4654,4652,4602,4597,4625,4672,0,4601,4592,4584,4607,4610,4596,4597,4584,4601,4602,4612,4579,4605,4638,4597,4620,4642,4628,4603,4603,0,4586,4628,4610,4583,4596,4609,4643,4600,4609,4632,4592,4627,4615,4604,4633,4608,4613,4631,4588,4612,0,4623,4596,4627,4580,4606,4673,4611,4624,4582,4610,4619,4601,4610,4651,4623,4619,4637,4616,4581,4615,4600,0.4,0.4,0.4,0.4,0.4,0.4,0.4,0.4,0.4,0.4,0.4,0.4,0.4,0.4,0.4,0.4,0.4,0.4,0.4,0.4,0.0,0.4,0.4,0.4,0.4,0.4,0.4,0.4,0.4,0.4,0.4,0.4,0.4,0.4,0.4,0.4,0.4,0.4,0.4,0.4,0.4,0.0,0.4,0.4,0.4,0.4,0.4,0.4,0.4,0.4,0.4,0.4,0.4,0.4,0.4,0.4,0.4,0.4,0.4,0.4,0.4,0.4,0.0,0.4,0.4,0.4,0.4,0.4,0.4,0.4,0.4,0.4,0.4,0.4,0.4,0.4,0.4,0.4,0.4,0.4,0.4,0.4,0.4,0.0,0.4,0.4,0.4,0.4,0.4,0.4,0.4,0.4,0.4,0.4,0.4,0.4,0.4,0.4,0.4,0.4,0.4,0.4,0.4,0.4,0.0,0.4,0.4,0.4,0.4,0.4,0.4,0.4,0.4,0.4,0.4,0.4,0.4,0.4,0.4,0.4,0.4,0.4,0.4,0.4,0.4,0.4,
66.58571672439575,4621,4594,4607,4574,4605,4587,4614,4612,4615,4612,4622,4599,4606,4592,4621,4614,4604,4612,4611,4616,0,4612,4629,4658,4602,4669,4565,4618,4599,4589,4601,4613,4679,4647,4622,4611,4649,4623,4620,4604,4648,0,4627,4670,4612,4627,4673,4615,4584,4625,4627,4611,4629,4654,4579,4678,4654,4652,4602,4597,4625,4672,0,4601,4592,4584,4607,4610,4596,4597,4584,4601,4602,4612,4579,4605,4638,4597,4620,4642,4628,4603,4603,0,4585,4627,4613,4586,4594,4610,4641,4596,4609,4634,4598,4625,4615,4607,4640,4606,4616,4629,4585,4609,0,4623,4596,4627,4580,4606,4673,4611,4624,4582,4610,4619,4601,4610,4651,4623,4619,4637,4616,4581,4615,4600,0.4,0.4,0.4,0.4,0.4,0.4,0.4,0.4,0.4,0.4,0.4,0.4,0.4,0.4,0.4,0.4,0.4,0.4,0.4,0.4,0.0,0.4,0.4,0.4,0.4,0.4,0.4,0.4,0.4,0.4,0.4,0.4,0.4,0.4,0.4,0.4,0.4,0.4,0.4,0.4,0.4,0.0,0.4,0.4,0.4,0.4,0.4,0.4,0.4,0.4,0.4,0.4,0.4,0.4,0.4,0.4,0.4,0.4,0.4,0.4,0.4,0.4,0.0,0.4,0.4,0.4,0.4,0.4,0.4,0.4,0.4,0.4,0.4,0.4,0.4,0.4,0.4,0.4,0.4,0.4,0.4,0.4,0.4,0.0,0.4,0.4,0.4,0.4,0.4,0.4,0.4,0.4,0.4,0.4,0.4,0.4,0.4,0.4,0.4,0.4,0.4,0.4,0.4,0.4,0.0,0.4,0.4,0.4,0.4,0.4,0.4,0.4,0.4,0.4,0.4,0.4,0.4,0.4,0.4,0.4,0.4,0.4,0.4,0.4,0.4,0.4,
66.83916807174683,4620,4590,4606,4582,4609,4586,4611,4610,4615,4613,4617,4598,4605,4589,4621,4617,4602,4614,9150,4613,0,4610,4635,4655,4592,4671,4565,4619,4599,4586,4610,4613,4685,4652,4624,4611,4651,4618,4621,4606,4645,0,4631,4668,4609,4617,4674,4620,4585,4622,4632,4617,4633,4654,4582,4687,4652,4655,4602,4601,4625,4672,0,4599,4597,4587,4607,4609,4592,4609,4587,4601,4604,4611,4577,4615,4631,4598,4623,4642,4625,4605,4604,0,4585,4627,4613,4586,4594,4610,4641,4596,4609,4634,4598,4625,4615,4607,4640,4606,4616,4629,4585,4609,0,4625,4609,4620,4582,4607,4668,4615,4625,4578,4609,4614,4589,4613,4655,4627,4633,4635,4610,4568,4620,4605,0.4,0.4,0.4,0.4,0.4,0.4,0.4,0.4,0.4,0.4,0.4,0.4,0.4,0.4,0.4,0.4,0.4,0.4,0.4,0.4,0.0,0.4,0.4,0.4,0.4,0.4,0.4,0.4,0.4,0.4,0.4,0.4,0.4,0.4,0.4,0.4,0.4,0.4,0.4,0.4,0.4,0.0,0.4,0.4,0.4,0.4,0.4,0.4,0.4,0.4,0.4,0.4,0.4,0.4,0.4,0.4,0.4,0.4,0.4,0.4,0.4,0.4,0.0,0.4,0.4,0.4,0.4,0.4,0.4,0.4,0.4,0.4,0.4,0.4,0.4,0.4,0.4,0.4,0.4,0.4,0.4,0.4,0.4,0.0,0.4,0.4,0.4,0.4,0.4,0.4,0.4,0.4,0.4,0.4,0.4,0.4,0.4,0.4,0.4,0.4,0.4,0.4,0.4,0.4,0.0,0.4,0.4,0.4,0.4,0.4,0.4,0.4,0.4,0.4,0.4,0.4,0.4,0.4,0.4,0.4,0.4,0.4,0.4,0.4,0.4,0.4,
66.89095425605774,4620,4590,4606,4582,4609,4586,4611,4610,4615,4613,4617,4598,4605,4589,4621,4617,4602,4614,9150,4613,0,4610,4635,4655,4592,4671,4565,4619,4599,4586,4610,4613,4685,4652,4624,4611,4651,4618,4621,4606,4645,0,4631,4668,4609,4617,4674,4620,4585,4622,4632,4617,4633,4654,4582,4687,4652,4655,4602,4601,4625,4672,0,4599,4597,4587,4607,4609,4592,4609,4587,4601,4604,4611,4577,4615,4631,4598,4623,4642,4625,4605,4604,0,4587,4625,4611,4587,4594,4612,4637,4599,4604,4634,4601,4623,4612,4612,4639,4604,4615,4629,4591,4610,0,4625,4609,4620,4582,4607,4668,4615,4625,4578,4609,4614,4589,4613,4655,4627,4633,4635,4610,4568,4620,4605,0.4,0.4,0.4,0.4,0.4,0.4,0.4,0.4,0.4,0.4,0.4,0.4,0.4,0.4,0.4,0.4,0.4,0.4,0.4,0.4,0.0,0.4,0.4,0.4,0.4,0.4,0.4,0.4,0.4,0.4,0.4,0.4,0.4,0.4,0.4,0.4,0.4,0.4,0.4,0.4,0.4,0.0,0.4,0.4,0.4,0.4,0.4,0.4,0.4,0.4,0.4,0.4,0.4,0.4,0.4,0.4,0.4,0.4,0.4,0.4,0.4,0.4,0.0,0.4,0.4,0.4,0.4,0.4,0.4,0.4,0.4,0.4,0.4,0.4,0.4,0.4,0.4,0.4,0.4,0.4,0.4,0.4,0.4,0.0,0.4,0.4,0.4,0.4,0.4,0.4,0.4,0.4,0.4,0.4,0.4,0.4,0.4,0.4,0.4,0.4,0.4,0.4,0.4,0.4,0.0,0.4,0.4,0.4,0.4,0.4,0.4,0.4,0.4,0.4,0.4,0.4,0.4,0.4,0.4,0.4,0.4,0.4,0.4,0.4,0.4,0.4,
67.04278659820557,4620,4592,4599,4582,4608,4591,4611,4612,4617,4615,4618,4599,4606,4594,4620,4620,4599,4612,4576,4616,0,4610,4635,4655,4592,4671,4565,4619,4599,4586,4610,4613,4685,4652,4624,4611,4651,4618,4621,4606,4645,0,4633,4673,4609,4623,4668,4612,4579,4621,4631,4612,4631,4661,4583,4687,4655,4653,4601,4604,4626,4675,0,4605,4597,4587,4605,4607,4598,4588,4592,4600,4603,4610,4581,4621,4631,4596,4626,4627,4626,4609,4603,0,4587,4625,4611,4587,4594,4612,4637,4599,4604,4634,4601,4623,4612,4612,4639,4604,4615,4629,4591,4610,0,4624,4600,4620,4580,4606,4671,4608,4624,4583,4607,4616,4589,4611,4654,4627,4635,4637,4566,4595,4629,4610,0.4,0.4,0.4,0.4,0.4,0.4,0.4,0.4,0.4,0.4,0.4,0.4,0.4,0.4,0.4,0.4,0.4,0.4,0.4,0.4,0.0,0.4,0.4,0.4,0.4,0.4,0.4,0.4,0.4,0.4,0.4,0.4,0.4,0.4,0.4,0.4,0.4,0.4,0.4,0.4,0.4,0.0,0.4,0.4,0.4,0.4,0.4,0.4,0.4,0.4,0.4,0.4,0.4,0.4,0.4,0.4,0.4,0.4,0.4,0.4,0.4,0.4,0.0,0.4,0.4,0.4,0.4,0.4,0.4,0.4,0.4,0.4,0.4,0.4,0.4,0.4,0.4,0.4,0.4,0.4,0.4,0.4,0.4,0.0,0.4,0.4,0.4,0.4,0.4,0.4,0.4,0.4,0.4,0.4,0.4,0.4,0.4,0.4,0.4,0.4,0.4,0.4,0.4,0.4,0.0,0.4,0.4,0.4,0.4,0.4,0.4,0.4,0.4,0.4,0.4,0.4,0.4,0.4,0.4,0.4,0.4,0.4,0.4,0.4,0.4,0.4,
67.14438962936401,4620,4592,4599,4582,4608,4591,4611,4612,4617,4615,4618,4599,4606,4594,4620,4620,4599,4612,4576,4616,0,4610,4634,4657,4597,4670,4562,4616,4601,4584,4604,4612,4689,4657,4628,4613,4654,4623,4629,4601,4645,0,4633,4673,4609,4623,4668,4612,4579,4621,4631,4612,4631,4661,4583,4687,4655,4653,4601,4604,4626,4675,0,4605,4597,4587,4605,4607,4598,4588,4592,4600,4603,4610,4581,4621,4631,4596,4626,4627,4626,4609,4603,0,4587,4625,4611,4587,4594,4612,4637,4599,4604,4634,4601,4623,4612,4612,4639,4604,4615,4629,4591,4610,0,4624,4600,4620,4580,4606,4671,4608,4624,4583,4607,4616,4589,4611,4654,4627,4635,4637,4566,4595,4629,4610,0.4,0.4,0.4,0.4,0.4,0.4,0.4,0.4,0.4,0.4,0.4,0.4,0.4,0.4,0.4,0.4,0.4,0.4,0.4,0.4,0.0,0.4,0.4,0.4,0.4,0.4,0.4,0.4,0.4,0.4,0.4,0.4,0.4,0.4,0.4,0.4,0.4,0.4,0.4,0.4,0.4,0.0,0.4,0.4,0.4,0.4,0.4,0.4,0.4,0.4,0.4,0.4,0.4,0.4,0.4,0.4,0.4,0.4,0.4,0.4,0.4,0.4,0.0,0.4,0.4,0.4,0.4,0.4,0.4,0.4,0.4,0.4,0.4,0.4,0.4,0.4,0.4,0.4,0.4,0.4,0.4,0.4,0.4,0.0,0.4,0.4,0.4,0.4,0.4,0.4,0.4,0.4,0.4,0.4,0.4,0.4,0.4,0.4,0.4,0.4,0.4,0.4,0.4,0.4,0.0,0.4,0.4,0.4,0.4,0.4,0.4,0.4,0.4,0.4,0.4,0.4,0.4,0.4,0.4,0.4,0.4,0.4,0.4,0.4,0.4,0.4,
67.29739165306091,4620,4592,4599,4582,4608,4591,4611,4612,4617,4615,4618,4599,4606,4594,4620,4620,4599,4612,4576,4616,0,4610,4634,4657,4597,4670,4562,4616,4601,4584,4604,4612,4689,4657,4628,4613,4654,4623,4629,4601,4645,0,4633,4673,4609,4623,4668,4612,4579,4621,4631,4612,4631,4661,4583,4687,4655,4653,4601,4604,4626,4675,0,4605,4597,4587,4605,4607,4598,4588,4592,4600,4603,4610,4581,4621,4631,4596,4626,4627,4626,4609,4603,0,4587,4625,4611,4587,4594,4612,4637,4599,4604,4634,4601,4623,4612,4612,4639,4604,4615,4629,4591,4610,0,4624,4600,4620,4580,4606,4671,4608,4624,4583,4607,4616,4589,4611,4654,4627,4635,4637,4566,4595,4629,4610,0.4,0.4,0.4,0.4,0.4,0.4,0.4,0.4,0.4,0.4,0.4,0.4,0.4,0.4,0.4,0.4,0.4,0.4,0.4,0.4,0.0,0.4,0.4,0.4,0.4,0.4,0.4,0.4,0.4,0.4,0.4,0.4,0.4,0.4,0.4,0.4,0.4,0.4,0.4,0.4,0.4,0.0,0.4,0.4,0.4,0.4,0.4,0.4,0.4,0.4,0.4,0.4,0.4,0.4,0.4,0.4,0.4,0.4,0.4,0.4,0.4,0.4,0.0,0.4,0.4,0.4,0.4,0.4,0.4,0.4,0.4,0.4,0.4,0.4,0.4,0.4,0.4,0.4,0.4,0.4,0.4,0.4,0.4,0.0,0.4,0.4,0.4,0.4,0.4,0.4,0.4,0.4,0.4,0.4,0.4,0.4,0.4,0.4,0.4,0.4,0.4,0.4,0.4,0.4,0.0,0.4,0.4,0.4,0.4,0.4,0.4,0.4,0.4,0.4,0.4,0.4,0.4,0.4,0.4,0.4,0.4,0.4,0.4,0.4,0.4,0.4,
67.40020370483398,4619,4593,4593,4584,4604,4585,4610,4618,4618,4619,4616,4602,4601,4593,4620,4623,4598,4613,4594,4618,0,4610,4634,4657,4597,4670,4562,4616,4601,4584,4604,4612,4689,4657,4628,4613,4654,4623,4629,4601,4645,0,4631,4671,4611,4631,4668,4610,4582,4623,4626,4614,4632,4662,4586,4693,4655,4650,4599,4600,4624,4676,0,4608,4595,4586,4607,4606,4602,4598,4586,4601,4600,4610,4580,4604,4628,4596,4620,4629,4632,4612,4602,0,4586,4622,4611,4591,4592,4612,4646,4593,4604,4632,4603,4619,4615,4612,4647,4603,4616,4629,4591,4609,0,4622,4602,4621,4582,4604,4666,4611,4625,4581,4606,4616,4591,4611,4654,4609,4623,4635,4602,4599,4632,4610,0.4,0.4,0.4,0.4,0.4,0.4,0.4,0.4,0.4,0.4,0.4,0.4,0.4,0.4,0.4,0.4,0.4,0.4,0.4,0.4,0.0,0.4,0.4,0.4,0.4,0.4,0.4,0.4,0.4,0.4,0.4,0.4,0.4,0.4,0.4,0.4,0.4,0.4,0.4,0.4,0.4,0.0,0.4,0.4,0.4,0.4,0.4,0.4,0.4,0.4,0.4,0.4,0.4,0.4,0.4,0.4,0.4,0.4,0.4,0.4,0.4,0.4,0.0,0.4,0.4,0.4,0.4,0.4,0.4,0.4,0.4,0.4,0.4,0.4,0.4,0.4,0.4,0.4,0.4,0.4,0.4,0.4,0.4,0.0,0.4,0.4,0.4,0.4,0.4,0.4,0.4,0.4,0.4,0.4,0.4,0.4,0.4,0.4,0.4,0.4,0.4,0.4,0.4,0.4,0.0,0.4,0.4,0.4,0.4,0.4,0.4,0.4,0.4,0.4,0.4,0.4,0.4,0.4,0.4,0.4,0.4,0.4,0.4,0.4,0.4,0.4,
67.50301671028137,4619,4593,4593,4584,4604,4585,4610,4618,4618,4619,4616,4602,4601,4593,4620,4623,4598,4613,4594,4618,0,4609,4633,4660,4596,4683,4557,4618,4602,4589,4610,4613,4687,4660,4625,4613,4648,4609,4623,4616,4645,0,4631,4671,4611,4631,4668,4610,4582,4623,4626,4614,4632,4662,4586,4693,4655,4650,4599,4600,4624,4676,0,4608,4595,4586,4607,4606,4602,4598,4586,4601,4600,4610,4580,4604,4628,4596,4620,4629,4632,4612,4602,0,4586,4622,4611,4591,4592,4612,4646,4593,4604,4632,4603,4619,4615,4612,4647,4603,4616,4629,4591,4609,0,4622,4602,4621,4582,4604,4666,4611,4625,4581,4606,4616,4591,4611,4654,4609,4623,4635,4602,4599,4632,4610,0.4,0.4,0.4,0.4,0.4,0.4,0.4,0.4,0.4,0.4,0.4,0.4,0.4,0.4,0.4,0.4,0.4,0.4,0.4,0.4,0.0,0.4,0.4,0.4,0.4,0.4,0.4,0.4,0.4,0.4,0.4,0.4,0.4,0.4,0.4,0.4,0.4,0.4,0.4,0.4,0.4,0.0,0.4,0.4,0.4,0.4,0.4,0.4,0.4,0.4,0.4,0.4,0.4,0.4,0.4,0.4,0.4,0.4,0.4,0.4,0.4,0.4,0.0,0.4,0.4,0.4,0.4,0.4,0.4,0.4,0.4,0.4,0.4,0.4,0.4,0.4,0.4,0.4,0.4,0.4,0.4,0.4,0.4,0.0,0.4,0.4,0.4,0.4,0.4,0.4,0.4,0.4,0.4,0.4,0.4,0.4,0.4,0.4,0.4,0.4,0.4,0.4,0.4,0.4,0.0,0.4,0.4,0.4,0.4,0.4,0.4,0.4,0.4,0.4,0.4,0.4,0.4,0.4,0.4,0.4,0.4,0.4,0.4,0.4,0.4,0.4,
67.65602421760559,4619,4593,4593,4584,4604,4585,4610,4618,4618,4619,4616,4602,4601,4593,4620,4623,4598,4613,4594,4618,0,4609,4633,4660,4596,4683,4557,4618,4602,4589,4610,4613,4687,4660,4625,4613,4648,4609,4623,4616,4645,0,4631,4671,4611,4631,4668,4610,4582,4623,4626,4614,4632,4662,4586,4693,4655,4650,4599,4600,4624,4676,0,4608,4595,4586,4607,4606,4602,4598,4586,4601,4600,4610,4580,4604,4628,4596,4620,4629,4632,4612,4602,0,4585,4623,4613,4591,4593,4610,4646,4597,4607,4633,4598,4623,4611,4608,4643,4602,4615,4627,4583,4611,0,4622,4602,4621,4582,4604,4666,4611,4625,4581,4606,4616,4591,4611,4654,4609,4623,4635,4602,4599,4632,4610,0.4,0.4,0.4,0.4,0.4,0.4,0.4,0.4,0.4,0.4,0.4,0.4,0.4,0.4,0.4,0.4,0.4,0.4,0.4,0.4,0.0,0.4,0.4,0.4,0.4,0.4,0.4,0.4,0.4,0.4,0.4,0.4,0.4,0.4,0.4,0.4,0.4,0.4,0.4,0.4,0.4,0.0,0.4,0.4,0.4,0.4,0.4,0.4,0.4,0.4,0.4,0.4,0.4,0.4,0.4,0.4,0.4,0.4,0.4,0.4,0.4,0.4,0.0,0.4,0.4,0.4,0.4,0.4,0.4,0.4,0.4,0.4,0.4,0.4,0.4,0.4,0.4,0.4,0.4,0.4,0.4,0.4,0.4,0.0,0.4,0.4,0.4,0.4,0.4,0.4,0.4,0.4,0.4,0.4,0.4,0.4,0.4,0.4,0.4,0.4,0.4,0.4,0.4,0.4,0.0,0.4,0.4,0.4,0.4,0.4,0.4,0.4,0.4,0.4,0.4,0.4,0.4,0.4,0.4,0.4,0.4,0.4,0.4,0.4,0.4,0.4,
67.80897808074951,4615,4593,4589,4582,4607,4585,4610,4622,4623,4618,4613,4607,4604,4592,4619,4618,4598,4611,4585,4628,0,4609,4633,4660,4596,4683,4557,4618,4602,4589,4610,4613,4687,4660,4625,4613,4648,4609,4623,4616,4645,0,4630,4672,4610,4636,4673,4620,4579,4622,4631,4610,4631,4651,4589,4667,4644,4654,4601,4604,4630,4673,0,4609,4591,4583,4608,4607,4600,4604,4585,4600,4607,4610,4584,4603,4627,4593,4612,4631,4622,4607,4600,0,4585,4623,4613,4591,4593,4610,4646,4597,4607,4633,4598,4623,4611,4608,4643,4602,4615,4627,4583,4611,0,4623,4597,4619,4581,4607,4666,4609,4627,4584,4606,4616,4599,4609,4620,4616,4623,4627,4612,4603,4634,4614,0.4,0.4,0.4,0.4,0.4,0.4,0.4,0.4,0.4,0.4,0.4,0.4,0.4,0.4,0.4,0.4,0.4,0.4,0.4,0.4,0.0,0.4,0.4,0.4,0.4,0.4,0.4,0.4,0.4,0.4,0.4,0.4,0.4,0.4,0.4,0.4,0.4,0.4,0.4,0.4,0.4,0.0,0.4,0.4,0.4,0.4,0.4,0.4,0.4,0.4,0.4,0.4,0.4,0.4,0.4,0.4,0.4,0.4,0.4,0.4,0.4,0.4,0.0,0.4,0.4,0.4,0.4,0.4,0.4,0.4,0.4,0.4,0.4,0.4,0.4,0.4,0.4,0.4,0.4,0.4,0.4,0.4,0.4,0.0,0.4,0.4,0.4,0.4,0.4,0.4,0.4,0.4,0.4,0.4,0.4,0.4,0.4,0.4,0.4,0.4,0.4,0.4,0.4,0.4,0.0,0.4,0.4,0.4,0.4,0.4,0.4,0.4,0.4,0.4,0.4,0.4,0.4,0.4,0.4,0.4,0.4,0.4,0.4,0.4,0.4,0.4,
67.91177558898926,4615,4593,4589,4582,4607,4585,4610,4622,4623,4618,4613,4607,4604,4592,4619,4618,4598,4611,4585,4628,0,4610,4638,4665,4596,4686,4563,4615,4601,4596,4607,4612,4684,4661,4617,4612,4652,4598,4620,4614,4653,0,4630,4672,4610,4636,4673,4620,4579,4622,4631,4610,4631,4651,4589,4667,4644,4654,4601,4604,4630,4673,0,4609,4591,4583,4608,4607,4600,4604,4585,4600,4607,4610,4584,4603,4627,4593,4612,4631,4622,4607,4600,0,4585,4623,4613,4591,4593,4610,4646,4597,4607,4633,4598,4623,4611,4608,4643,4602,4615,4627,4583,4611,0,4623,4597,4619,4581,4607,4666,4609,4627,4584,4606,4616,4599,4609,4620,4616,4623,4627,4612,4603,4634,4614,0.4,0.4,0.4,0.4,0.4,0.4,0.4,0.4,0.4,0.4,0.4,0.4,0.4,0.4,0.4,0.4,0.4,0.4,0.4,0.4,0.0,0.4,0.4,0.4,0.4,0.4,0.4,0.4,0.4,0.4,0.4,0.4,0.4,0.4,0.4,0.4,0.4,0.4,0.4,0.4,0.4,0.0,0.4,0.4,0.4,0.4,0.4,0.4,0.4,0.4,0.4,0.4,0.4,0.4,0.4,0.4,0.4,0.4,0.4,0.4,0.4,0.4,0.0,0.4,0.4,0.4,0.4,0.4,0.4,0.4,0.4,0.4,0.4,0.4,0.4,0.4,0.4,0.4,0.4,0.4,0.4,0.4,0.4,0.0,0.4,0.4,0.4,0.4,0.4,0.4,0.4,0.4,0.4,0.4,0.4,0.4,0.4,0.4,0.4,0.4,0.4,0.4,0.4,0.4,0.0,0.4,0.4,0.4,0.4,0.4,0.4,0.4,0.4,0.4,0.4,0.4,0.4,0.4,0.4,0.4,0.4,0.4,0.4,0.4,0.4,0.4,
68.01457095146179,4615,4593,4589,4582,4607,4585,4610,4622,4623,4618,4613,4607,4604,4592,4619,4618,4598,4611,4585,4628,0,4610,4638,4665,4596,4686,4563,4615,4601,4596,4607,4612,4684,4661,4617,4612,4652,4598,4620,4614,4653,0,4630,4672,4610,4636,4673,4620,4579,4622,4631,4610,4631,4651,4589,4667,4644,4654,4601,4604,4630,4673,0,4609,4591,4583,4608,4607,4600,4604,4585,4600,4607,4610,4584,4603,4627,4593,4612,4631,4622,4607,4600,0,4584,4629,4612,4592,4595,4610,4645,4596,4606,4632,4599,4620,4614,4607,4643,4606,4613,4623,4580,4611,0,4623,4597,4619,4581,4607,4666,4609,4627,4584,4606,4616,4599,4609,4620,4616,4623,4627,4612,4603,4634,4614,0.4,0.4,0.4,0.4,0.4,0.4,0.4,0.4,0.4,0.4,0.4,0.4,0.4,0.4,0.4,0.4,0.4,0.4,0.4,0.4,0.0,0.4,0.4,0.4,0.4,0.4,0.4,0.4,0.4,0.4,0.4,0.4,0.4,0.4,0.4,0.4,0.4,0.4,0.4,0.4,0.4,0.0,0.4,0.4,0.4,0.4,0.4,0.4,0.4,0.4,0.4,0.4,0.4,0.4,0.4,0.4,0.4,0.4,0.4,0.4,0.4,0.4,0.0,0.4,0.4,0.4,0.4,0.4,0.4,0.4,0.4,0.4,0.4,0.4,0.4,0.4,0.4,0.4,0.4,0.4,0.4,0.4,0.4,0.0,0.4,0.4,0.4,0.4,0.4,0.4,0.4,0.4,0.4,0.4,0.4,0.4,0.4,0.4,0.4,0.4,0.4,0.4,0.4,0.4,0.0,0.4,0.4,0.4,0.4,0.4,0.4,0.4,0.4,0.4,0.4,0.4,0.4,0.4,0.4,0.4,0.4,0.4,0.4,0.4,0.4,0.4,
68.11739683151245,4615,4593,4589,4582,4607,4585,4610,4622,4623,4618,4613,4607,4604,4592,4619,4618,4598,4611,4585,4628,0,4610,4638,4665,4596,4686,4563,4615,4601,4596,4607,4612,4684,4661,4617,4612,4652,4598,4620,4614,4653,0,4630,4672,4610,4636,4673,4620,4579,4622,4631,4610,4631,4651,4589,4667,4644,4654,4601,4604,4630,4673,0,4609,4591,4583,4608,4607,4600,4604,4585,4600,4607,4610,4584,4603,4627,4593,4612,4631,4622,4607,4600,0,4584,4629,4612,4592,4595,4610,4645,4596,4606,4632,4599,4620,4614,4607,4643,4606,4613,4623,4580,4611,0,4624,4596,4619,4581,4608,4666,4610,4630,4584,4605,4611,4594,4611,4639,4611,4632,4622,4617,4602,4626,4603,0.4,0.4,0.4,0.4,0.4,0.4,0.4,0.4,0.4,0.4,0.4,0.4,0.4,0.4,0.4,0.4,0.4,0.4,0.4,0.4,0.0,0.4,0.4,0.4,0.4,0.4,0.4,0.4,0.4,0.4,0.4,0.4,0.4,0.4,0.4,0.4,0.4,0.4,0.4,0.4,0.4,0.0,0.4,0.4,0.4,0.4,0.4,0.4,0.4,0.4,0.4,0.4,0.4,0.4,0.4,0.4,0.4,0.4,0.4,0.4,0.4,0.4,0.0,0.4,0.4,0.4,0.4,0.4,0.4,0.4,0.4,0.4,0.4,0.4,0.4,0.4,0.4,0.4,0.4,0.4,0.4,0.4,0.4,0.0,0.4,0.4,0.4,0.4,0.4,0.4,0.4,0.4,0.4,0.4,0.4,0.4,0.4,0.4,0.4,0.4,0.4,0.4,0.4,0.4,0.0,0.4,0.4,0.4,0.4,0.4,0.4,0.4,0.4,0.4,0.4,0.4,0.4,0.4,0.4,0.4,0.4,0.4,0.4,0.4,0.4,0.4,
68.22024750709534,4615,4590,4581,4581,4611,4587,4612,4621,4616,4618,4616,4599,4604,4596,4619,4620,4602,4599,4594,4608,0,4610,4638,4665,4596,4686,4563,4615,4601,4596,4607,4612,4684,4661,4617,4612,4652,4598,4620,4614,4653,0,4630,4672,4610,4636,4673,4620,4579,4622,4631,4610,4631,4651,4589,4667,4644,4654,4601,4604,4630,4673,0,4596,4593,4583,4608,4606,4598,4604,4584,4599,4606,4609,4577,4601,4633,4604,4612,4634,4628,4598,4602,0,4584,4629,4612,4592,4595,4610,4645,4596,4606,4632,4599,4620,4614,4607,4643,4606,4613,4623,4580,4611,0,4624,4596,4619,4581,4608,4666,4610,4630,4584,4605,4611,4594,4611,4639,4611,4632,4622,4617,4602,4626,4603,0.4,0.4,0.4,0.4,0.4,0.4,0.4,0.4,0.4,0.4,0.4,0.4,0.4,0.4,0.4,0.4,0.4,0.4,0.4,0.4,0.0,0.4,0.4,0.4,0.4,0.4,0.4,0.4,0.4,0.4,0.4,0.4,0.4,0.4,0.4,0.4,0.4,0.4,0.4,0.4,0.4,0.0,0.4,0.4,0.4,0.4,0.4,0.4,0.4,0.4,0.4,0.4,0.4,0.4,0.4,0.4,0.4,0.4,0.4,0.4,0.4,0.4,0.0,0.4,0.4,0.4,0.4,0.4,0.4,0.4,0.4,0.4,0.4,0.4,0.4,0.4,0.4,0.4,0.4,0.4,0.4,0.4,0.4,0.0,0.4,0.4,0.4,0.4,0.4,0.4,0.4,0.4,0.4,0.4,0.4,0.4,0.4,0.4,0.4,0.4,0.4,0.4,0.4,0.4,0.0,0.4,0.4,0.4,0.4,0.4,0.4,0.4,0.4,0.4,0.4,0.4,0.4,0.4,0.4,0.4,0.4,0.4,0.4,0.4,0.4,0.4,
68.32303404808044,4615,4590,4581,4581,4611,4587,4612,4621,4616,4618,4616,4599,4604,4596,4619,4620,4602,4599,4594,4608,0,4612,4642,4665,4596,4684,4570,4617,4598,4595,4605,4616,4679,4657,4622,4610,4661,4619,4619,4600,4645,0,4635,4677,4609,4638,4675,4615,4582,4621,4636,4614,4633,4651,4587,4661,4631,4661,4599,4603,4621,4684,0,4596,4593,4583,4608,4606,4598,4604,4584,4599,4606,4609,4577,4601,4633,4604,4612,4634,4628,4598,4602,0,4584,4629,4612,4592,4595,4610,4645,4596,4606,4632,4599,4620,4614,4607,4643,4606,4613,4623,4580,4611,0,4624,4596,4619,4581,4608,4666,4610,4630,4584,4605,4611,4594,4611,4639,4611,4632,4622,4617,4602,4626,4603,0.4,0.4,0.4,0.4,0.4,0.4,0.4,0.4,0.4,0.4,0.4,0.4,0.4,0.4,0.4,0.4,0.4,0.4,0.4,0.4,0.0,0.4,0.4,0.4,0.4,0.4,0.4,0.4,0.4,0.4,0.4,0.4,0.4,0.4,0.4,0.4,0.4,0.4,0.4,0.4,0.4,0.0,0.4,0.4,0.4,0.4,0.4,0.4,0.4,0.4,0.4,0.4,0.4,0.4,0.4,0.4,0.4,0.4,0.4,0.4,0.4,0.4,0.0,0.4,0.4,0.4,0.4,0.4,0.4,0.4,0.4,0.4,0.4,0.4,0.4,0.4,0.4,0.4,0.4,0.4,0.4,0.4,0.4,0.0,0.4,0.4,0.4,0.4,0.4,0.4,0.4,0.4,0.4,0.4,0.4,0.4,0.4,0.4,0.4,0.4,0.4,0.4,0.4,0.4,0.0,0.4,0.4,0.4,0.4,0.4,0.4,0.4,0.4,0.4,0.4,0.4,0.4,0.4,0.4,0.4,0.4,0.4,0.4,0.4,0.4,0.4,
68.42585134506226,4615,4590,4581,4581,4611,4587,4612,4621,4616,4618,4616,4599,4604,4596,4619,4620,4602,4599,4594,4608,0,4612,4642,4665,4596,4684,4570,4617,4598,4595,4605,4616,4679,4657,4622,4610,4661,4619,4619,4600,4645,0,4635,4677,4609,4638,4675,4615,4582,4621,4636,4614,4633,4651,4587,4661,4631,4661,4599,4603,4621,4684,0,4596,4593,4583,4608,4606,4598,4604,4584,4599,4606,4609,4577,4601,4633,4604,4612,4634,4628,4598,4602,0,9170,4628,4612,4588,4592,4609,4641,4600,4605,4632,4597,4621,4615,4604,4640,4605,4616,4624,4576,4613,0,4622,4601,4618,4581,4609,4665,4617,4626,4580,4602,4617,4604,4610,4650,4597,4631,4633,4621,4599,4623,4610,0.4,0.4,0.4,0.4,0.4,0.4,0.4,0.4,0.4,0.4,0.4,0.4,0.4,0.4,0.4,0.4,0.4,0.4,0.4,0.4,0.0,0.4,0.4,0.4,0.4,0.4,0.4,0.4,0.4,0.4,0.4,0.4,0.4,0.4,0.4,0.4,0.4,0.4,0.4,0.4,0.4,0.0,0.4,0.4,0.4,0.4,0.4,0.4,0.4,0.4,0.4,0.4,0.4,0.4,0.4,0.4,0.4,0.4,0.4,0.4,0.4,0.4,0.0,0.4,0.4,0.4,0.4,0.4,0.4,0.4,0.4,0.4,0.4,0.4,0.4,0.4,0.4,0.4,0.4,0.4,0.4,0.4,0.4,0.0,0.4,0.4,0.4,0.4,0.4,0.4,0.4,0.4,0.4,0.4,0.4,0.4,0.4,0.4,0.4,0.4,0.4,0.4,0.4,0.4,0.0,0.4,0.4,0.4,0.4,0.4,0.4,0.4,0.4,0.4,0.4,0.4,0.4,0.4,0.4,0.4,0.4,0.4,0.4,0.4,0.4,0.4,
68.57885789871216,4609,4590,4580,4582,4611,4582,4614,4623,4616,4610,4615,4600,4606,4587,4618,4623,4602,4611,4595,4616,0,4612,4642,4665,4596,4684,4570,4617,4598,4595,4605,4616,4679,4657,4622,4610,4661,4619,4619,4600,4645,0,4633,4672,4611,4633,4677,4618,4587,4624,4636,4613,4629,4651,4583,4659,4628,4662,4599,4602,4626,4688,0,4596,4593,4583,4608,4606,4598,4604,4584,4599,4606,4609,4577,4601,4633,4604,4612,4634,4628,4598,4602,0,9170,4628,4612,4588,4592,4609,4641,4600,4605,4632,4597,4621,4615,4604,4640,4605,4616,4624,4576,4613,0,4622,4601,4618,4581,4609,4665,4617,4626,4580,4602,4617,4604,4610,4650,4597,4631,4633,4621,4599,4623,4610,0.4,0.4,0.4,0.4,0.4,0.4,0.4,0.4,0.4,0.4,0.4,0.4,0.4,0.4,0.4,0.4,0.4,0.4,0.4,0.4,0.0,0.4,0.4,0.4,0.4,0.4,0.4,0.4,0.4,0.4,0.4,0.4,0.4,0.4,0.4,0.4,0.4,0.4,0.4,0.4,0.4,0.0,0.4,0.4,0.4,0.4,0.4,0.4,0.4,0.4,0.4,0.4,0.4,0.4,0.4,0.4,0.4,0.4,0.4,0.4,0.4,0.4,0.0,0.4,0.4,0.4,0.4,0.4,0.4,0.4,0.4,0.4,0.4,0.4,0.4,0.4,0.4,0.4,0.4,0.4,0.4,0.4,0.4,0.0,0.4,0.4,0.4,0.4,0.4,0.4,0.4,0.4,0.4,0.4,0.4,0.4,0.4,0.4,0.4,0.4,0.4,0.4,0.4,0.4,0.0,0.4,0.4,0.4,0.4,0.4,0.4,0.4,0.4,0.4,0.4,0.4,0.4,0.4,0.4,0.4,0.4,0.4,0.4,0.4,0.4,0.4,
68.73085021972656,4609,4590,4580,4582,4611,4582,4614,4623,4616,4610,4615,4600,4606,4587,4618,4623,4602,4611,4595,4616,0,4611,4642,4667,4607,4682,4549,4620,4597,4595,4610,4615,4673,4656,4625,4612,4660,4623,4619,4600,4640,0,4633,4672,4611,4633,4677,4618,4587,4624,4636,4613,4629,4651,4583,4659,4628,4662,4599,4602,4626,4688,0,4595,4587,4584,4606,4609,4600,4605,4585,4596,4604,4604,4581,4600,4633,4604,4609,4628,4629,4601,4604,0,9170,4628,4612,4588,4592,4609,4641,4600,4605,4632,4597,4621,4615,4604,4640,4605,4616,4624,4576,4613,0,4622,4601,4618,4581,4609,4665,4617,4626,4580,4602,4617,4604,4610,4650,4597,4631,4633,4621,4599,4623,4610,0.4,0.4,0.4,0.4,0.4,0.4,0.4,0.4,0.4,0.4,0.4,0.4,0.4,0.4,0.4,0.4,0.4,0.4,0.4,0.4,0.0,0.4,0.4,0.4,0.4,0.4,0.4,0.4,0.4,0.4,0.4,0.4,0.4,0.4,0.4,0.4,0.4,0.4,0.4,0.4,0.4,0.0,0.4,0.4,0.4,0.4,0.4,0.4,0.4,0.4,0.4,0.4,0.4,0.4,0.4,0.4,0.4,0.4,0.4,0.4,0.4,0.4,0.0,0.4,0.4,0.4,0.4,0.4,0.4,0.4,0.4,0.4,0.4,0.4,0.4,0.4,0.4,0.4,0.4,0.4,0.4,0.4,0.4,0.0,0.4,0.4,0.4,0.4,0.4,0.4,0.4,0.4,0.4,0.4,0.4,0.4,0.4,0.4,0.4,0.4,0.4,0.4,0.4,0.4,0.0,0.4,0.4,0.4,0.4,0.4,0.4,0.4,0.4,0.4,0.4,0.4,0.4,0.4,0.4,0.4,0.4,0.4,0.4,0.4,0.4,0.4,
68.83241629600525,4609,4590,4580,4582,4611,4582,4614,4623,4616,4610,4615,4600,4606,4587,4618,4623,4602,4611,4595,4616,0,4611,4642,4667,4607,4682,4549,4620,4597,4595,4610,4615,4673,4656,4625,4612,4660,4623,4619,4600,4640,0,4633,4672,4611,4633,4677,4618,4587,4624,4636,4613,4629,4651,4583,4659,4628,4662,4599,4602,4626,4688,0,4595,4587,4584,4606,4609,4600,4605,4585,4596,4604,4604,4581,4600,4633,4604,4609,4628,4629,4601,4604,0,4586,4628,4613,4587,4592,4610,4641,4596,4608,4632,4600,4621,4613,4606,4638,4605,4613,4623,4576,4611,0,4622,4605,9219,4580,4610,4670,4615,4625,4586,4600,4620,4598,4612,4645,4606,4626,4634,4621,4597,4627,4611,0.4,0.4,0.4,0.4,0.4,0.4,0.4,0.4,0.4,0.4,0.4,0.4,0.4,0.4,0.4,0.4,0.4,0.4,0.4,0.4,0.0,0.4,0.4,0.4,0.4,0.4,0.4,0.4,0.4,0.4,0.4,0.4,0.4,0.4,0.4,0.4,0.4,0.4,0.4,0.4,0.4,0.0,0.4,0.4,0.4,0.4,0.4,0.4,0.4,0.4,0.4,0.4,0.4,0.4,0.4,0.4,0.4,0.4,0.4,0.4,0.4,0.4,0.0,0.4,0.4,0.4,0.4,0.4,0.4,0.4,0.4,0.4,0.4,0.4,0.4,0.4,0.4,0.4,0.4,0.4,0.4,0.4,0.4,0.0,0.4,0.4,0.4,0.4,0.4,0.4,0.4,0.4,0.4,0.4,0.4,0.4,0.4,0.4,0.4,0.4,0.4,0.4,0.4,0.4,0.0,0.4,0.4,0.4,0.4,0.4,0.4,0.4,0.4,0.4,0.4,0.4,0.4,0.4,0.4,0.4,0.4,0.4,0.4,0.4,0.4,0.4,
68.934561252594,4610,4591,4591,4577,4614,4582,4612,4625,4609,4612,4618,4600,4606,4597,4618,4628,4597,4600,4594,4620,0,4611,4642,4667,4607,4682,4549,4620,4597,4595,4610,4615,4673,4656,4625,4612,4660,4623,4619,4600,4640,0,4634,4683,4609,4630,4678,4620,4586,4626,4634,4606,4631,4650,4587,4659,4628,4661,4605,4599,4622,4672,0,4592,4590,4586,4606,4606,4599,4600,4585,4598,4609,4606,4581,4602,4624,4600,4608,4634,4631,4605,4602,0,4586,4628,4613,4587,4592,4610,4641,4596,4608,4632,4600,4621,4613,4606,4638,4605,4613,4623,4576,4611,0,4622,4605,9219,4580,4610,4670,4615,4625,4586,4600,4620,4598,4612,4645,4606,4626,4634,4621,4597,4627,4611,0.4,0.4,0.4,0.4,0.4,0.4,0.4,0.4,0.4,0.4,0.4,0.4,0.4,0.4,0.4,0.4,0.4,0.4,0.4,0.4,0.0,0.4,0.4,0.4,0.4,0.4,0.4,0.4,0.4,0.4,0.4,0.4,0.4,0.4,0.4,0.4,0.4,0.4,0.4,0.4,0.4,0.0,0.4,0.4,0.4,0.4,0.4,0.4,0.4,0.4,0.4,0.4,0.4,0.4,0.4,0.4,0.4,0.4,0.4,0.4,0.4,0.4,0.0,0.4,0.4,0.4,0.4,0.4,0.4,0.4,0.4,0.4,0.4,0.4,0.4,0.4,0.4,0.4,0.4,0.4,0.4,0.4,0.4,0.0,0.4,0.4,0.4,0.4,0.4,0.4,0.4,0.4,0.4,0.4,0.4,0.4,0.4,0.4,0.4,0.4,0.4,0.4,0.4,0.4,0.0,0.4,0.4,0.4,0.4,0.4,0.4,0.4,0.4,0.4,0.4,0.4,0.4,0.4,0.4,0.4,0.4,0.4,0.4,0.4,0.4,0.4,
69.03624677658081,4610,4591,4591,4577,4614,4582,4612,4625,4609,4612,4618,4600,4606,4597,4618,4628,4597,4600,4594,4620,0,4612,4630,4667,4610,4682,4558,4617,4594,4603,4611,4618,4675,4657,4626,4612,4657,4618,4613,4605,4635,0,4634,4683,4609,4630,4678,4620,4586,4626,4634,4606,4631,4650,4587,4659,4628,4661,4605,4599,4622,4672,0,4592,4590,4586,4606,4606,4599,4600,4585,4598,4609,4606,4581,4602,4624,4600,4608,4634,4631,4605,4602,0,4586,4628,4613,4587,4592,4610,4641,4596,4608,4632,4600,4621,4613,4606,4638,4605,4613,4623,4576,4611,0,4622,4609,4612,4580,4608,4672,4619,4627,4586,4604,4608,4593,4613,4646,4616,4620,4623,4624,4596,4623,4607,0.4,0.4,0.4,0.4,0.4,0.4,0.4,0.4,0.4,0.4,0.4,0.4,0.4,0.4,0.4,0.4,0.4,0.4,0.4,0.4,0.0,0.4,0.4,0.4,0.4,0.4,0.4,0.4,0.4,0.4,0.4,0.4,0.4,0.4,0.4,0.4,0.4,0.4,0.4,0.4,0.4,0.0,0.4,0.4,0.4,0.4,0.4,0.4,0.4,0.4,0.4,0.4,0.4,0.4,0.4,0.4,0.4,0.4,0.4,0.4,0.4,0.4,0.0,0.4,0.4,0.4,0.4,0.4,0.4,0.4,0.4,0.4,0.4,0.4,0.4,0.4,0.4,0.4,0.4,0.4,0.4,0.4,0.4,0.0,0.4,0.4,0.4,0.4,0.4,0.4,0.4,0.4,0.4,0.4,0.4,0.4,0.4,0.4,0.4,0.4,0.4,0.4,0.4,0.4,0.0,0.4,0.4,0.4,0.4,0.4,0.4,0.4,0.4,0.4,0.4,0.4,0.4,0.4,0.4,0.4,0.4,0.4,0.4,0.4,0.4,0.4,
69.18859028816223,4610,4591,4591,4577,4614,4582,4612,4625,4609,4612,4618,4600,4606,4597,4618,4628,4597,4600,4594,4620,0,4612,4630,4667,4610,4682,4558,4617,4594,4603,4611,4618,4675,4657,4626,4612,4657,4618,4613,4605,4635,0,4634,4683,4609,4630,4678,4620,4586,4626,4634,4606,4631,4650,4587,4659,4628,4661,4605,4599,4622,4672,0,4592,4590,4586,4606,4606,4599,4600,4585,4598,4609,4606,4581,4602,4624,4600,4608,4634,4631,4605,4602,0,4589,4627,4613,4587,4590,4614,4645,4595,4606,4633,4596,4620,4613,4607,4639,4604,4611,4626,4579,4613,0,4622,4609,4612,4580,4608,4672,4619,4627,4586,4604,4608,4593,4613,4646,4616,4620,4623,4624,4596,4623,4607,0.4,0.4,0.4,0.4,0.4,0.4,0.4,0.4,0.4,0.4,0.4,0.4,0.4,0.4,0.4,0.4,0.4,0.4,0.4,0.4,0.0,0.4,0.4,0.4,0.4,0.4,0.4,0.4,0.4,0.4,0.4,0.4,0.4,0.4,0.4,0.4,0.4,0.4,0.4,0.4,0.4,0.0,0.4,0.4,0.4,0.4,0.4,0.4,0.4,0.4,0.4,0.4,0.4,0.4,0.4,0.4,0.4,0.4,0.4,0.4,0.4,0.4,0.0,0.4,0.4,0.4,0.4,0.4,0.4,0.4,0.4,0.4,0.4,0.4,0.4,0.4,0.4,0.4,0.4,0.4,0.4,0.4,0.4,0.0,0.4,0.4,0.4,0.4,0.4,0.4,0.4,0.4,0.4,0.4,0.4,0.4,0.4,0.4,0.4,0.4,0.4,0.4,0.4,0.4,0.0,0.4,0.4,0.4,0.4,0.4,0.4,0.4,0.4,0.4,0.4,0.4,0.4,0.4,0.4,0.4,0.4,0.4,0.4,0.4,0.4,0.4,
69.29018354415894,4610,4591,4591,4577,4614,4582,4612,4625,4609,4612,4618,4600,4606,4597,4618,4628,4597,4600,4594,4620,0,4612,4630,4667,4610,4682,4558,4617,4594,4603,4611,4618,4675,4657,4626,4612,4657,4618,4613,4605,4635,0,4633,4678,4610,4636,4679,4618,4581,4625,4633,4614,4630,4647,4585,4658,4632,4660,4606,4601,4622,4666,0,4592,4590,4586,4606,4606,4599,4600,4585,4598,4609,4606,4581,4602,4624,4600,4608,4634,4631,4605,4602,0,4589,4627,4613,4587,4590,4614,4645,4595,4606,4633,4596,4620,4613,4607,4639,4604,4611,4626,4579,4613,0,4622,4609,4612,4580,4608,4672,4619,4627,4586,4604,4608,4593,4613,4646,4616,4620,4623,4624,4596,4623,4607,0.4,0.4,0.4,0.4,0.4,0.4,0.4,0.4,0.4,0.4,0.4,0.4,0.4,0.4,0.4,0.4,0.4,0.4,0.4,0.4,0.0,0.4,0.4,0.4,0.4,0.4,0.4,0.4,0.4,0.4,0.4,0.4,0.4,0.4,0.4,0.4,0.4,0.4,0.4,0.4,0.4,0.0,0.4,0.4,0.4,0.4,0.4,0.4,0.4,0.4,0.4,0.4,0.4,0.4,0.4,0.4,0.4,0.4,0.4,0.4,0.4,0.4,0.0,0.4,0.4,0.4,0.4,0.4,0.4,0.4,0.4,0.4,0.4,0.4,0.4,0.4,0.4,0.4,0.4,0.4,0.4,0.4,0.4,0.0,0.4,0.4,0.4,0.4,0.4,0.4,0.4,0.4,0.4,0.4,0.4,0.4,0.4,0.4,0.4,0.4,0.4,0.4,0.4,0.4,0.0,0.4,0.4,0.4,0.4,0.4,0.4,0.4,0.4,0.4,0.4,0.4,0.4,0.4,0.4,0.4,0.4,0.4,0.4,0.4,0.4,0.4,
69.44248533248901,4609,4589,4590,4580,4609,4588,4610,4618,4612,4618,4617,4604,4602,4598,4617,4633,4599,4609,4587,4599,0,4612,4630,4667,4610,4682,4558,4617,4594,4603,4611,4618,4675,4657,4626,4612,4657,4618,4613,4605,4635,0,4633,4678,4610,4636,4679,4618,4581,4625,4633,4614,4630,4647,4585,4658,4632,4660,4606,4601,4622,4666,0,4597,4589,4586,4605,4610,4599,4599,4582,4601,4606,4606,4580,4603,4631,4598,4607,4634,4634,4611,4607,0,4589,4627,4613,4587,4590,4614,4645,4595,4606,4633,4596,4620,4613,4607,4639,4604,4611,4626,4579,4613,0,4622,4609,4612,4580,4608,4672,4619,4627,4586,4604,4608,4593,4613,4646,4616,4620,4623,4624,4596,4623,4607,0.4,0.4,0.4,0.4,0.4,0.4,0.4,0.4,0.4,0.4,0.4,0.4,0.4,0.4,0.4,0.4,0.4,0.4,0.4,0.4,0.0,0.4,0.4,0.4,0.4,0.4,0.4,0.4,0.4,0.4,0.4,0.4,0.4,0.4,0.4,0.4,0.4,0.4,0.4,0.4,0.4,0.0,0.4,0.4,0.4,0.4,0.4,0.4,0.4,0.4,0.4,0.4,0.4,0.4,0.4,0.4,0.4,0.4,0.4,0.4,0.4,0.4,0.0,0.4,0.4,0.4,0.4,0.4,0.4,0.4,0.4,0.4,0.4,0.4,0.4,0.4,0.4,0.4,0.4,0.4,0.4,0.4,0.4,0.0,0.4,0.4,0.4,0.4,0.4,0.4,0.4,0.4,0.4,0.4,0.4,0.4,0.4,0.4,0.4,0.4,0.4,0.4,0.4,0.4,0.0,0.4,0.4,0.4,0.4,0.4,0.4,0.4,0.4,0.4,0.4,0.4,0.4,0.4,0.4,0.4,0.4,0.4,0.4,0.4,0.4,0.4,
69.54473352432251,4609,4589,4590,4580,4609,4588,4610,4618,4612,4618,4617,4604,4602,4598,4617,4633,4599,4609,4587,4599,0,4608,4629,4670,4603,4694,4573,4613,4599,4598,4611,4621,4677,4655,4622,4612,4660,4602,4618,4614,4648,0,4633,4678,4610,4636,4679,4618,4581,4625,4633,4614,4630,4647,4585,4658,4632,4660,4606,4601,4622,4666,0,4597,4589,4586,4605,4610,4599,4599,4582,4601,4606,4606,4580,4603,4631,4598,4607,4634,4634,4611,4607,0,4589,4624,4623,4588,4588,4618,4646,4600,4603,4634,4597,4617,4614,4606,4635,4605,4612,4622,4581,4617,0,4623,4592,4615,4581,4607,4672,4617,4628,4586,4600,4611,4595,4609,4642,4611,4618,4636,4624,4595,4620,4612,0.4,0.4,0.4,0.4,0.4,0.4,0.4,0.4,0.4,0.4,0.4,0.4,0.4,0.4,0.4,0.4,0.4,0.4,0.4,0.4,0.0,0.4,0.4,0.4,0.4,0.4,0.4,0.4,0.4,0.4,0.4,0.4,0.4,0.4,0.4,0.4,0.4,0.4,0.4,0.4,0.4,0.0,0.4,0.4,0.4,0.4,0.4,0.4,0.4,0.4,0.4,0.4,0.4,0.4,0.4,0.4,0.4,0.4,0.4,0.4,0.4,0.4,0.0,0.4,0.4,0.4,0.4,0.4,0.4,0.4,0.4,0.4,0.4,0.4,0.4,0.4,0.4,0.4,0.4,0.4,0.4,0.4,0.4,0.0,0.4,0.4,0.4,0.4,0.4,0.4,0.4,0.4,0.4,0.4,0.4,0.4,0.4,0.4,0.4,0.4,0.4,0.4,0.4,0.4,0.0,0.4,0.4,0.4,0.4,0.4,0.4,0.4,0.4,0.4,0.4,0.4,0.4,0.4,0.4,0.4,0.4,0.4,0.4,0.4,0.4,0.4,
69.64647555351257,4609,4589,4590,4580,4609,4588,4610,4618,4612,4618,4617,4604,4602,4598,4617,4633,4599,4609,4587,4599,0,4608,4629,4670,4603,4694,4573,4613,4599,4598,4611,4621,4677,4655,4622,4612,4660,4602,4618,4614,4648,0,4633,4678,4610,4636,4679,4618,4581,4625,4633,4614,4630,4647,4585,4658,4632,4660,4606,4601,4622,4666,0,4597,4589,4586,4605,4610,4599,4599,4582,4601,4606,4606,4580,4603,4631,4598,4607,4634,4634,4611,4607,0,4589,4624,4623,4588,4588,4618,4646,4600,4603,4634,4597,4617,4614,4606,4635,4605,4612,4622,4581,4617,0,4623,4592,4615,4581,4607,4672,4617,4628,4586,4600,4611,4595,4609,4642,4611,4618,4636,4624,4595,4620,4612,0.4,0.4,0.4,0.4,0.4,0.4,0.4,0.4,0.4,0.4,0.4,0.4,0.4,0.4,0.4,0.4,0.4,0.4,0.4,0.4,0.0,0.4,0.4,0.4,0.4,0.4,0.4,0.4,0.4,0.4,0.4,0.4,0.4,0.4,0.4,0.4,0.4,0.4,0.4,0.4,0.4,0.0,0.4,0.4,0.4,0.4,0.4,0.4,0.4,0.4,0.4,0.4,0.4,0.4,0.4,0.4,0.4,0.4,0.4,0.4,0.4,0.4,0.0,0.4,0.4,0.4,0.4,0.4,0.4,0.4,0.4,0.4,0.4,0.4,0.4,0.4,0.4,0.4,0.4,0.4,0.4,0.4,0.4,0.0,0.4,0.4,0.4,0.4,0.4,0.4,0.4,0.4,0.4,0.4,0.4,0.4,0.4,0.4,0.4,0.4,0.4,0.4,0.4,0.4,0.0,0.4,0.4,0.4,0.4,0.4,0.4,0.4,0.4,0.4,0.4,0.4,0.4,0.4,0.4,0.4,0.4,0.4,0.4,0.4,0.4,0.4,
69.74806356430054,4608,4590,4594,4580,4608,4588,4612,4620,4611,4610,4618,4602,4598,4601,4616,4623,4604,4615,4593,4596,0,4608,4629,4670,4603,4694,4573,4613,4599,4598,4611,4621,4677,4655,4622,4612,4660,4602,4618,4614,4648,0,4633,4672,4612,4636,4684,4614,4587,4628,4629,4613,4633,4653,4585,4657,4632,4655,4608,4610,4622,4665,0,4599,4590,4585,4605,4606,4594,4597,4580,4595,4593,4605,4584,4611,4625,4594,4615,4632,4631,4617,4612,0,4589,4624,4623,4588,4588,4618,4646,4600,4603,4634,4597,4617,4614,4606,4635,4605,4612,4622,4581,4617,0,4624,4606,4612,4581,4609,4671,4622,4626,4585,4601,4613,4594,4610,4645,4612,4622,4643,4621,4594,4612,4607,0.4,0.4,0.4,0.4,0.4,0.4,0.4,0.4,0.4,0.4,0.4,0.4,0.4,0.4,0.4,0.4,0.4,0.4,0.4,0.4,0.0,0.4,0.4,0.4,0.4,0.4,0.4,0.4,0.4,0.4,0.4,0.4,0.4,0.4,0.4,0.4,0.4,0.4,0.4,0.4,0.4,0.0,0.4,0.4,0.4,0.4,0.4,0.4,0.4,0.4,0.4,0.4,0.4,0.4,0.4,0.4,0.4,0.4,0.4,0.4,0.4,0.4,0.0,0.4,0.4,0.4,0.4,0.4,0.4,0.4,0.4,0.4,0.4,0.4,0.4,0.4,0.4,0.4,0.4,0.4,0.4,0.4,0.4,0.0,0.4,0.4,0.4,0.4,0.4,0.4,0.4,0.4,0.4,0.4,0.4,0.4,0.4,0.4,0.4,0.4,0.4,0.4,0.4,0.4,0.0,0.4,0.4,0.4,0.4,0.4,0.4,0.4,0.4,0.4,0.4,0.4,0.4,0.4,0.4,0.4,0.4,0.4,0.4,0.4,0.4,0.4,
69.8496503829956,4608,4590,4594,4580,4608,4588,4612,4620,4611,4610,4618,4602,4598,4601,4616,4623,4604,4615,4593,4596,0,4609,4642,4665,4598,4686,4579,4618,4595,4596,4611,4618,4681,4650,4617,4615,4662,4593,4617,4614,4656,0,4633,4672,4612,4636,4684,4614,4587,4628,4629,4613,4633,4653,4585,4657,4632,4655,4608,4610,4622,4665,0,4599,4590,4585,4605,4606,4594,4597,4580,4595,4593,4605,4584,4611,4625,4594,4615,4632,4631,4617,4612,0,4589,4624,4623,4588,4588,4618,4646,4600,4603,4634,4597,4617,4614,4606,4635,4605,4612,4622,4581,4617,0,4624,4606,4612,4581,4609,4671,4622,4626,4585,4601,4613,4594,4610,4645,4612,4622,4643,4621,4594,4612,4607,0.4,0.4,0.4,0.4,0.4,0.4,0.4,0.4,0.4,0.4,0.4,0.4,0.4,0.4,0.4,0.4,0.4,0.4,0.4,0.4,0.0,0.4,0.4,0.4,0.4,0.4,0.4,0.4,0.4,0.4,0.4,0.4,0.4,0.4,0.4,0.4,0.4,0.4,0.4,0.4,0.4,0.0,0.4,0.4,0.4,0.4,0.4,0.4,0.4,0.4,0.4,0.4,0.4,0.4,0.4,0.4,0.4,0.4,0.4,0.4,0.4,0.4,0.0,0.4,0.4,0.4,0.4,0.4,0.4,0.4,0.4,0.4,0.4,0.4,0.4,0.4,0.4,0.4,0.4,0.4,0.4,0.4,0.4,0.0,0.4,0.4,0.4,0.4,0.4,0.4,0.4,0.4,0.4,0.4,0.4,0.4,0.4,0.4,0.4,0.4,0.4,0.4,0.4,0.4,0.0,0.4,0.4,0.4,0.4,0.4,0.4,0.4,0.4,0.4,0.4,0.4,0.4,0.4,0.4,0.4,0.4,0.4,0.4,0.4,0.4,0.4,
70.00160241127014,4608,4590,4594,4580,4608,4588,4612,4620,4611,4610,4618,4602,4598,4601,4616,4623,4604,4615,4593,4596,0,4609,4642,4665,4598,4686,4579,4618,4595,4596,4611,4618,4681,4650,4617,4615,4662,4593,4617,4614,4656,0,4633,4672,4612,4636,4684,4614,4587,4628,4629,4613,4633,4653,4585,4657,4632,4655,4608,4610,4622,4665,0,4599,4590,4585,4605,4606,4594,4597,4580,4595,4593,4605,4584,4611,4625,4594,4615,4632,4631,4617,4612,0,4587,4628,4624,4586,4594,4618,4643,4594,4604,4634,4600,4617,4616,4610,4636,4604,4615,4621,4594,4614,0,4624,4606,4612,4581,4609,4671,4622,4626,4585,4601,4613,4594,4610,4645,4612,4622,4643,4621,4594,4612,4607,0.4,0.4,0.4,0.4,0.4,0.4,0.4,0.4,0.4,0.4,0.4,0.4,0.4,0.4,0.4,0.4,0.4,0.4,0.4,0.4,0.0,0.4,0.4,0.4,0.4,0.4,0.4,0.4,0.4,0.4,0.4,0.4,0.4,0.4,0.4,0.4,0.4,0.4,0.4,0.4,0.4,0.0,0.4,0.4,0.4,0.4,0.4,0.4,0.4,0.4,0.4,0.4,0.4,0.4,0.4,0.4,0.4,0.4,0.4,0.4,0.4,0.4,0.0,0.4,0.4,0.4,0.4,0.4,0.4,0.4,0.4,0.4,0.4,0.4,0.4,0.4,0.4,0.4,0.4,0.4,0.4,0.4,0.4,0.0,0.4,0.4,0.4,0.4,0.4,0.4,0.4,0.4,0.4,0.4,0.4,0.4,0.4,0.4,0.4,0.4,0.4,0.4,0.4,0.4,0.0,0.4,0.4,0.4,0.4,0.4,0.4,0.4,0.4,0.4,0.4,0.4,0.4,0.4,0.4,0.4,0.4,0.4,0.4,0.4,0.4,0.4,
70.10316801071167,4611,4590,4593,4581,4612,4587,4614,4620,4612,4616,4621,4599,4598,4604,4618,4617,4607,4617,4602,4618,0,4609,4642,4665,4598,4686,4579,4618,4595,4596,4611,4618,4681,4650,4617,4615,4662,4593,4617,4614,4656,0,4634,4662,4612,4637,4687,4610,4591,4626,4629,4621,4630,4657,4581,4662,4632,4651,4612,4609,4624,4675,0,4604,4591,4584,4611,4604,4593,4597,4582,4598,4594,4607,4585,4600,4626,4588,4612,4629,4624,4615,4610,0,4587,4628,4624,4586,4594,4618,4643,4594,4604,4634,4600,4617,4616,4610,4636,4604,4615,4621,4594,4614,0,4623,4600,4619,4582,4609,4671,4617,4624,4581,4605,4607,4594,4608,4637,4618,4619,4626,4614,4595,4622,4613,0.4,0.4,0.4,0.4,0.4,0.4,0.4,0.4,0.4,0.4,0.4,0.4,0.4,0.4,0.4,0.4,0.4,0.4,0.4,0.4,0.0,0.4,0.4,0.4,0.4,0.4,0.4,0.4,0.4,0.4,0.4,0.4,0.4,0.4,0.4,0.4,0.4,0.4,0.4,0.4,0.4,0.0,0.4,0.4,0.4,0.4,0.4,0.4,0.4,0.4,0.4,0.4,0.4,0.4,0.4,0.4,0.4,0.4,0.4,0.4,0.4,0.4,0.0,0.4,0.4,0.4,0.4,0.4,0.4,0.4,0.4,0.4,0.4,0.4,0.4,0.4,0.4,0.4,0.4,0.4,0.4,0.4,0.4,0.0,0.4,0.4,0.4,0.4,0.4,0.4,0.4,0.4,0.4,0.4,0.4,0.4,0.4,0.4,0.4,0.4,0.4,0.4,0.4,0.4,0.0,0.4,0.4,0.4,0.4,0.4,0.4,0.4,0.4,0.4,0.4,0.4,0.4,0.4,0.4,0.4,0.4,0.4,0.4,0.4,0.4,0.4,
70.25491571426392,4611,4590,4593,4581,4612,4587,4614,4620,4612,4616,4621,4599,4598,4604,4618,4617,4607,4617,4602,4618,0,4608,4649,4660,4605,4678,4564,4619,4595,4591,4615,4615,4683,4646,4621,4611,4662,4606,4620,4610,4656,0,4634,4662,4612,4637,4687,4610,4591,4626,4629,4621,4630,4657,4581,4662,4632,4651,4612,4609,4624,4675,0,4604,4591,4584,4611,4604,4593,4597,4582,4598,4594,4607,4585,4600,4626,4588,4612,4629,4624,4615,4610,0,4587,4628,4624,4586,4594,4618,4643,4594,4604,4634,4600,4617,4616,4610,4636,4604,4615,4621,4594,4614,0,4623,4600,4619,4582,4609,4671,4617,4624,4581,4605,4607,4594,4608,4637,4618,4619,4626,4614,4595,4622,4613,0.4,0.4,0.4,0.4,0.4,0.4,0.4,0.4,0.4,0.4,0.4,0.4,0.4,0.4,0.4,0.4,0.4,0.4,0.4,0.4,0.0,0.4,0.4,0.4,0.4,0.4,0.4,0.4,0.4,0.4,0.4,0.4,0.4,0.4,0.4,0.4,0.4,0.4,0.4,0.4,0.4,0.0,0.4,0.4,0.4,0.4,0.4,0.4,0.4,0.4,0.4,0.4,0.4,0.4,0.4,0.4,0.4,0.4,0.4,0.4,0.4,0.4,0.0,0.4,0.4,0.4,0.4,0.4,0.4,0.4,0.4,0.4,0.4,0.4,0.4,0.4,0.4,0.4,0.4,0.4,0.4,0.4,0.4,0.0,0.4,0.4,0.4,0.4,0.4,0.4,0.4,0.4,0.4,0.4,0.4,0.4,0.4,0.4,0.4,0.4,0.4,0.4,0.4,0.4,0.0,0.4,0.4,0.4,0.4,0.4,0.4,0.4,0.4,0.4,0.4,0.4,0.4,0.4,0.4,0.4,0.4,0.4,0.4,0.4,0.4,0.4,
70.35642337799072,4611,4590,4593,4581,4612,4587,4614,4620,4612,4616,4621,4599,4598,4604,4618,4617,4607,4617,4602,4618,0,4608,4649,4660,4605,4678,4564,4619,4595,4591,4615,4615,4683,4646,4621,4611,4662,4606,4620,4610,4656,0,4634,4662,4612,4637,4687,4610,4591,4626,4629,4621,4630,4657,4581,4662,4632,4651,4612,4609,4624,4675,0,4604,4591,4584,4611,4604,4593,4597,4582,4598,4594,4607,4585,4600,4626,4588,4612,4629,4624,4615,4610,0,4588,4631,4618,4584,4595,4618,4643,4591,4604,4635,4602,4616,4615,4607,4633,4606,4623,4622,4597,4613,0,4623,4600,4619,4582,4609,4671,4617,4624,4581,4605,4607,4594,4608,4637,4618,4619,4626,4614,4595,4622,4613,0.4,0.4,0.4,0.4,0.4,0.4,0.4,0.4,0.4,0.4,0.4,0.4,0.4,0.4,0.4,0.4,0.4,0.4,0.4,0.4,0.0,0.4,0.4,0.4,0.4,0.4,0.4,0.4,0.4,0.4,0.4,0.4,0.4,0.4,0.4,0.4,0.4,0.4,0.4,0.4,0.4,0.0,0.4,0.4,0.4,0.4,0.4,0.4,0.4,0.4,0.4,0.4,0.4,0.4,0.4,0.4,0.4,0.4,0.4,0.4,0.4,0.4,0.0,0.4,0.4,0.4,0.4,0.4,0.4,0.4,0.4,0.4,0.4,0.4,0.4,0.4,0.4,0.4,0.4,0.4,0.4,0.4,0.4,0.0,0.4,0.4,0.4,0.4,0.4,0.4,0.4,0.4,0.4,0.4,0.4,0.4,0.4,0.4,0.4,0.4,0.4,0.4,0.4,0.4,0.0,0.4,0.4,0.4,0.4,0.4,0.4,0.4,0.4,0.4,0.4,0.4,0.4,0.4,0.4,0.4,0.4,0.4,0.4,0.4,0.4,0.4,
70.5080943107605,4611,4592,4595,4579,4613,4586,4615,4621,4611,4613,4616,4604,4598,4596,4618,4615,4612,4616,4609,4613,0,4608,4649,4660,4605,4678,4564,4619,4595,4591,4615,4615,4683,4646,4621,4611,4662,4606,4620,4610,4656,0,4633,4665,4609,4637,4683,4613,4589,4628,4625,4617,4631,4657,4589,4664,4631,4656,4606,4606,4626,4679,0,4604,4591,4586,4614,4601,4594,4594,4580,4599,4595,4609,4580,4594,4629,4583,4613,4627,4618,4610,4605,0,4588,4631,4618,4584,4595,4618,4643,4591,4604,4635,4602,4616,4615,4607,4633,4606,4623,4622,4597,4613,0,4623,4598,4620,4583,4607,4672,4621,4623,4578,4611,4621,4593,4609,4622,4620,4624,4613,4615,4594,4621,4612,0.4,0.4,0.4,0.4,0.4,0.4,0.4,0.4,0.4,0.4,0.4,0.4,0.4,0.4,0.4,0.4,0.4,0.4,0.4,0.4,0.0,0.4,0.4,0.4,0.4,0.4,0.4,0.4,0.4,0.4,0.4,0.4,0.4,0.4,0.4,0.4,0.4,0.4,0.4,0.4,0.4,0.0,0.4,0.4,0.4,0.4,0.4,0.4,0.4,0.4,0.4,0.4,0.4,0.4,0.4,0.4,0.4,0.4,0.4,0.4,0.4,0.4,0.0,0.4,0.4,0.4,0.4,0.4,0.4,0.4,0.4,0.4,0.4,0.4,0.4,0.4,0.4,0.4,0.4,0.4,0.4,0.4,0.4,0.0,0.4,0.4,0.4,0.4,0.4,0.4,0.4,0.4,0.4,0.4,0.4,0.4,0.4,0.4,0.4,0.4,0.4,0.4,0.4,0.4,0.0,0.4,0.4,0.4,0.4,0.4,0.4,0.4,0.4,0.4,0.4,0.4,0.4,0.4,0.4,0.4,0.4,0.4,0.4,0.4,0.4,0.4,
70.60964846611023,4611,4592,4595,4579,4613,4586,4615,4621,4611,4613,4616,4604,4598,4596,4618,4615,4612,4616,4609,4613,0,4609,4650,4666,4604,4674,4563,4616,4597,4593,4609,4615,4682,4649,4619,4610,4662,4610,4615,4609,4653,0,4633,4665,4609,4637,4683,4613,4589,4628,4625,4617,4631,4657,4589,4664,4631,4656,4606,4606,4626,4679,0,4604,4591,4586,4614,4601,4594,4594,4580,4599,4595,4609,4580,4594,4629,4583,4613,4627,4618,4610,4605,0,4588,4626,4618,4586,4593,4620,4645,4591,4602,4636,4602,4615,4615,4606,4628,4609,4632,4621,4586,4613,0,4623,4598,4620,4583,4607,4672,4621,4623,4578,4611,4621,4593,4609,4622,4620,4624,4613,4615,4594,4621,4612,0.4,0.4,0.4,0.4,0.4,0.4,0.4,0.4,0.4,0.4,0.4,0.4,0.4,0.4,0.4,0.4,0.4,0.4,0.4,0.4,0.0,0.4,0.4,0.4,0.4,0.4,0.4,0.4,0.4,0.4,0.4,0.4,0.4,0.4,0.4,0.4,0.4,0.4,0.4,0.4,0.4,0.0,0.4,0.4,0.4,0.4,0.4,0.4,0.4,0.4,0.4,0.4,0.4,0.4,0.4,0.4,0.4,0.4,0.4,0.4,0.4,0.4,0.0,0.4,0.4,0.4,0.4,0.4,0.4,0.4,0.4,0.4,0.4,0.4,0.4,0.4,0.4,0.4,0.4,0.4,0.4,0.4,0.4,0.0,0.4,0.4,0.4,0.4,0.4,0.4,0.4,0.4,0.4,0.4,0.4,0.4,0.4,0.4,0.4,0.4,0.4,0.4,0.4,0.4,0.0,0.4,0.4,0.4,0.4,0.4,0.4,0.4,0.4,0.4,0.4,0.4,0.4,0.4,0.4,0.4,0.4,0.4,0.4,0.4,0.4,0.4,
70.76138377189636,4611,4592,4595,4579,4613,4586,4615,4621,4611,4613,4616,4604,4598,4596,4618,4615,4612,4616,4609,4613,0,4609,4650,4666,4604,4674,4563,4616,4597,4593,4609,4615,4682,4649,4619,4610,4662,4610,4615,4609,4653,0,4633,4665,4609,4637,4683,4613,4589,4628,4625,4617,4631,4657,4589,4664,4631,4656,4606,4606,4626,4679,0,4604,4591,4586,4614,4601,4594,4594,4580,4599,4595,4609,4580,4594,4629,4583,4613,4627,4618,4610,4605,0,4588,4626,4618,4586,4593,4620,4645,4591,4602,4636,4602,4615,4615,4606,4628,4609,4632,4621,4586,4613,0,4624,4596,4617,4584,4604,4673,4618,4624,4574,4619,4617,4590,4609,4644,4618,4629,4613,4610,4592,4622,4614,0.4,0.4,0.4,0.4,0.4,0.4,0.4,0.4,0.4,0.4,0.4,0.4,0.4,0.4,0.4,0.4,0.4,0.4,0.4,0.4,0.0,0.4,0.4,0.4,0.4,0.4,0.4,0.4,0.4,0.4,0.4,0.4,0.4,0.4,0.4,0.4,0.4,0.4,0.4,0.4,0.4,0.0,0.4,0.4,0.4,0.4,0.4,0.4,0.4,0.4,0.4,0.4,0.4,0.4,0.4,0.4,0.4,0.4,0.4,0.4,0.4,0.4,0.0,0.4,0.4,0.4,0.4,0.4,0.4,0.4,0.4,0.4,0.4,0.4,0.4,0.4,0.4,0.4,0.4,0.4,0.4,0.4,0.4,0.0,0.4,0.4,0.4,0.4,0.4,0.4,0.4,0.4,0.4,0.4,0.4,0.4,0.4,0.4,0.4,0.4,0.4,0.4,0.4,0.4,0.0,0.4,0.4,0.4,0.4,0.4,0.4,0.4,0.4,0.4,0.4,0.4,0.4,0.4,0.4,0.4,0.4,0.4,0.4,0.4,0.4,0.4,
70.86292386054993,4610,4589,4586,4578,4612,4589,4612,4618,4607,4613,4618,4602,4604,4587,4620,4618,4607,4615,4602,4608,0,4609,4650,4666,4604,4674,4563,4616,4597,4593,4609,4615,4682,4649,4619,4610,4662,4610,4615,4609,4653,0,4634,4671,4610,4630,4676,4629,4596,4626,4627,4621,4635,4656,4588,4663,4633,4657,4601,4609,4625,4679,0,4609,4587,4582,4612,4600,4598,4596,4580,4599,4597,4610,4582,4599,4625,4583,4611,4625,4615,4611,4601,0,4588,4626,4618,4586,4593,4620,4645,4591,4602,4636,4602,4615,4615,4606,4628,4609,4632,4621,4586,4613,0,4624,4596,4617,4584,4604,4673,4618,4624,4574,4619,4617,4590,4609,4644,4618,4629,4613,4610,4592,4622,4614,0.4,0.4,0.4,0.4,0.4,0.4,0.4,0.4,0.4,0.4,0.4,0.4,0.4,0.4,0.4,0.4,0.4,0.4,0.4,0.4,0.0,0.4,0.4,0.4,0.4,0.4,0.4,0.4,0.4,0.4,0.4,0.4,0.4,0.4,0.4,0.4,0.4,0.4,0.4,0.4,0.4,0.0,0.4,0.4,0.4,0.4,0.4,0.4,0.4,0.4,0.4,0.4,0.4,0.4,0.4,0.4,0.4,0.4,0.4,0.4,0.4,0.4,0.0,0.4,0.4,0.4,0.4,0.4,0.4,0.4,0.4,0.4,0.4,0.4,0.4,0.4,0.4,0.4,0.4,0.4,0.4,0.4,0.4,0.0,0.4,0.4,0.4,0.4,0.4,0.4,0.4,0.4,0.4,0.4,0.4,0.4,0.4,0.4,0.4,0.4,0.4,0.4,0.4,0.4,0.0,0.4,0.4,0.4,0.4,0.4,0.4,0.4,0.4,0.4,0.4,0.4,0.4,0.4,0.4,0.4,0.4,0.4,0.4,0.4,0.4,0.4,
71.01464509963989,4610,4589,4586,4578,4612,4589,4612,4618,4607,4613,4618,4602,4604,4587,4620,4618,4607,4615,4602,4608,0,4609,4643,4667,4601,4677,4575,4614,4599,4594,4611,4615,4682,4649,4621,4612,4663,4617,4620,4608,4650,0,4634,4671,4610,4630,4676,4629,4596,4626,4627,4621,4635,4656,4588,4663,4633,4657,4601,4609,4625,4679,0,4609,4587,4582,4612,4600,4598,4596,4580,4599,4597,4610,4582,4599,4625,4583,4611,4625,4615,4611,4601,0,4586,4628,4619,4587,4592,4618,4648,4595,4604,4636,4602,4617,4614,4606,4628,4609,4628,4620,4587,4611,0,4624,4596,4617,4584,4604,4673,4618,4624,4574,4619,4617,4590,4609,4644,4618,4629,4613,4610,4592,4622,4614,0.4,0.4,0.4,0.4,0.4,0.4,0.4,0.4,0.4,0.4,0.4,0.4,0.4,0.4,0.4,0.4,0.4,0.4,0.4,0.4,0.0,0.4,0.4,0.4,0.4,0.4,0.4,0.4,0.4,0.4,0.4,0.4,0.4,0.4,0.4,0.4,0.4,0.4,0.4,0.4,0.4,0.0,0.4,0.4,0.4,0.4,0.4,0.4,0.4,0.4,0.4,0.4,0.4,0.4,0.4,0.4,0.4,0.4,0.4,0.4,0.4,0.4,0.0,0.4,0.4,0.4,0.4,0.4,0.4,0.4,0.4,0.4,0.4,0.4,0.4,0.4,0.4,0.4,0.4,0.4,0.4,0.4,0.4,0.0,0.4,0.4,0.4,0.4,0.4,0.4,0.4,0.4,0.4,0.4,0.4,0.4,0.4,0.4,0.4,0.4,0.4,0.4,0.4,0.4,0.0,0.4,0.4,0.4,0.4,0.4,0.4,0.4,0.4,0.4,0.4,0.4,0.4,0.4,0.4,0.4,0.4,0.4,0.4,0.4,0.4,0.4,
71.11634635925293,4610,4589,4586,4578,4612,4589,4612,4618,4607,4613,4618,4602,4604,4587,4620,4618,4607,4615,4602,4608,0,4609,4643,4667,4601,4677,4575,4614,4599,4594,4611,4615,4682,4649,4621,4612,4663,4617,4620,4608,4650,0,4634,4671,4610,4630,4676,4629,4596,4626,4627,4621,4635,4656,4588,4663,4633,4657,4601,4609,4625,4679,0,4609,4587,4582,4612,4600,4598,4596,4580,4599,4597,4610,4582,4599,4625,4583,4611,4625,4615,4611,4601,0,4586,4628,4619,4587,4592,4618,4648,4595,4604,4636,4602,4617,4614,4606,4628,4609,4628,4620,4587,4611,0,4621,4591,4622,4585,4601,4676,4620,4625,4575,4616,4618,4600,4603,4646,4602,4622,4628,4617,4595,4627,4609,0.4,0.4,0.4,0.4,0.4,0.4,0.4,0.4,0.4,0.4,0.4,0.4,0.4,0.4,0.4,0.4,0.4,0.4,0.4,0.4,0.0,0.4,0.4,0.4,0.4,0.4,0.4,0.4,0.4,0.4,0.4,0.4,0.4,0.4,0.4,0.4,0.4,0.4,0.4,0.4,0.4,0.0,0.4,0.4,0.4,0.4,0.4,0.4,0.4,0.4,0.4,0.4,0.4,0.4,0.4,0.4,0.4,0.4,0.4,0.4,0.4,0.4,0.0,0.4,0.4,0.4,0.4,0.4,0.4,0.4,0.4,0.4,0.4,0.4,0.4,0.4,0.4,0.4,0.4,0.4,0.4,0.4,0.4,0.0,0.4,0.4,0.4,0.4,0.4,0.4,0.4,0.4,0.4,0.4,0.4,0.4,0.4,0.4,0.4,0.4,0.4,0.4,0.4,0.4,0.0,0.4,0.4,0.4,0.4,0.4,0.4,0.4,0.4,0.4,0.4,0.4,0.4,0.4,0.4,0.4,0.4,0.4,0.4,0.4,0.4,0.4,
71.26867842674255,4611,4589,4587,4578,4610,4589,4613,4608,4609,4613,4626,4598,4596,4588,4616,4616,4600,4611,4608,4617,0,4609,4643,4667,4601,4677,4575,4614,4599,4594,4611,4615,4682,4649,4621,4612,4663,4617,4620,4608,4650,0,4636,4672,4611,4628,4668,4630,4586,4626,4627,4612,4633,4660,4588,4669,4642,4659,4592,4601,4623,4677,0,4609,4587,4582,4612,4600,4598,4596,4580,4599,4597,4610,4582,4599,4625,4583,4611,4625,4615,4611,4601,0,4586,4628,4619,4587,4592,4618,4648,4595,4604,4636,4602,4617,4614,4606,4628,4609,4628,4620,4587,4611,0,4621,4591,4622,4585,4601,4676,4620,4625,4575,4616,4618,4600,4603,4646,4602,4622,4628,4617,4595,4627,4609,0.4,0.4,0.4,0.4,0.4,0.4,0.4,0.4,0.4,0.4,0.4,0.4,0.4,0.4,0.4,0.4,0.4,0.4,0.4,0.4,0.0,0.4,0.4,0.4,0.4,0.4,0.4,0.4,0.4,0.4,0.4,0.4,0.4,0.4,0.4,0.4,0.4,0.4,0.4,0.4,0.4,0.0,0.4,0.4,0.4,0.4,0.4,0.4,0.4,0.4,0.4,0.4,0.4,0.4,0.4,0.4,0.4,0.4,0.4,0.4,0.4,0.4,0.0,0.4,0.4,0.4,0.4,0.4,0.4,0.4,0.4,0.4,0.4,0.4,0.4,0.4,0.4,0.4,0.4,0.4,0.4,0.4,0.4,0.0,0.4,0.4,0.4,0.4,0.4,0.4,0.4,0.4,0.4,0.4,0.4,0.4,0.4,0.4,0.4,0.4,0.4,0.4,0.4,0.4,0.0,0.4,0.4,0.4,0.4,0.4,0.4,0.4,0.4,0.4,0.4,0.4,0.4,0.4,0.4,0.4,0.4,0.4,0.4,0.4,0.4,0.4,
71.37025761604309,4611,4589,4587,4578,4610,4589,4613,4608,4609,4613,4626,4598,4596,4588,4616,4616,4600,4611,4608,4617,0,4609,4630,4665,4612,4669,4572,4616,4598,4586,4606,4615,4684,4644,4626,4611,4667,4620,4619,4604,4652,0,4636,4672,4611,4628,4668,4630,4586,4626,4627,4612,4633,4660,4588,4669,4642,4659,4592,4601,4623,4677,0,4603,4591,4576,4610,4600,4600,4597,4582,4599,4604,4609,4584,4596,4625,4586,4604,4632,4618,4606,4598,0,4587,4629,4620,4588,4595,4617,4647,4594,4604,4635,4598,4619,4616,4606,4631,4612,4626,4618,4586,4611,0,4621,4591,4622,4585,4601,4676,4620,4625,4575,4616,4618,4600,4603,4646,4602,4622,4628,4617,4595,4627,4609,0.4,0.4,0.4,0.4,0.4,0.4,0.4,0.4,0.4,0.4,0.4,0.4,0.4,0.4,0.4,0.4,0.4,0.4,0.4,0.4,0.0,0.4,0.4,0.4,0.4,0.4,0.4,0.4,0.4,0.4,0.4,0.4,0.4,0.4,0.4,0.4,0.4,0.4,0.4,0.4,0.4,0.0,0.4,0.4,0.4,0.4,0.4,0.4,0.4,0.4,0.4,0.4,0.4,0.4,0.4,0.4,0.4,0.4,0.4,0.4,0.4,0.4,0.0,0.4,0.4,0.4,0.4,0.4,0.4,0.4,0.4,0.4,0.4,0.4,0.4,0.4,0.4,0.4,0.4,0.4,0.4,0.4,0.4,0.0,0.4,0.4,0.4,0.4,0.4,0.4,0.4,0.4,0.4,0.4,0.4,0.4,0.4,0.4,0.4,0.4,0.4,0.4,0.4,0.4,0.0,0.4,0.4,0.4,0.4,0.4,0.4,0.4,0.4,0.4,0.4,0.4,0.4,0.4,0.4,0.4,0.4,0.4,0.4,0.4,0.4,0.4,
71.52201628684998,4610,4591,4587,4575,4609,4589,4610,4611,4612,4615,4624,4600,4597,4582,4620,9299,4602,4593,4604,4624,0,4609,4630,4665,4612,4669,4572,4616,4598,4586,4606,4615,4684,4644,4626,4611,4667,4620,4619,4604,4652,0,4636,4672,4611,4628,4668,4630,4586,4626,4627,4612,4633,4660,4588,4669,4642,4659,4592,4601,4623,4677,0,4603,4591,4576,4610,4600,4600,4597,4582,4599,4604,4609,4584,4596,4625,4586,4604,4632,4618,4606,4598,0,4587,4629,4620,4588,4595,4617,4647,4594,4604,4635,4598,4619,4616,4606,4631,4612,4626,4618,4586,4611,0,4618,4597,4620,4584,4600,4673,4624,4628,4578,4613,4621,4595,4602,4648,4611,4626,4618,4618,4587,4629,4607,0.4,0.4,0.4,0.4,0.4,0.4,0.4,0.4,0.4,0.4,0.4,0.4,0.4,0.4,0.4,0.4,0.4,0.4,0.4,0.4,0.0,0.4,0.4,0.4,0.4,0.4,0.4,0.4,0.4,0.4,0.4,0.4,0.4,0.4,0.4,0.4,0.4,0.4,0.4,0.4,0.4,0.0,0.4,0.4,0.4,0.4,0.4,0.4,0.4,0.4,0.4,0.4,0.4,0.4,0.4,0.4,0.4,0.4,0.4,0.4,0.4,0.4,0.0,0.4,0.4,0.4,0.4,0.4,0.4,0.4,0.4,0.4,0.4,0.4,0.4,0.4,0.4,0.4,0.4,0.4,0.4,0.4,0.4,0.0,0.4,0.4,0.4,0.4,0.4,0.4,0.4,0.4,0.4,0.4,0.4,0.4,0.4,0.4,0.4,0.4,0.4,0.4,0.4,0.4,0.0,0.4,0.4,0.4,0.4,0.4,0.4,0.4,0.4,0.4,0.4,0.4,0.4,0.4,0.4,0.4,0.4,0.4,0.4,0.4,0.4,0.4,
71.62361335754395,4610,4591,4587,4575,4609,4589,4610,4611,4612,4615,4624,4600,4597,4582,4620,9299,4602,4593,4604,4624,0,4609,4630,4665,4612,4669,4572,4616,4598,4586,4606,4615,4684,4644,4626,4611,4667,4620,4619,4604,4652,0,4635,4679,4613,4627,4674,4615,4591,4626,4627,4609,4631,4659,4592,4660,4652,4654,4592,4597,4624,4671,0,4603,4591,4576,4610,4600,4600,4597,4582,4599,4604,4609,4584,4596,4625,4586,4604,4632,4618,4606,4598,0,4587,4629,4620,4588,4595,4617,4647,4594,4604,4635,4598,4619,4616,4606,4631,4612,4626,4618,4586,4611,0,4618,4597,4620,4584,4600,4673,4624,4628,4578,4613,4621,4595,4602,4648,4611,4626,4618,4618,4587,4629,4607,0.4,0.4,0.4,0.4,0.4,0.4,0.4,0.4,0.4,0.4,0.4,0.4,0.4,0.4,0.4,0.4,0.4,0.4,0.4,0.4,0.0,0.4,0.4,0.4,0.4,0.4,0.4,0.4,0.4,0.4,0.4,0.4,0.4,0.4,0.4,0.4,0.4,0.4,0.4,0.4,0.4,0.0,0.4,0.4,0.4,0.4,0.4,0.4,0.4,0.4,0.4,0.4,0.4,0.4,0.4,0.4,0.4,0.4,0.4,0.4,0.4,0.4,0.0,0.4,0.4,0.4,0.4,0.4,0.4,0.4,0.4,0.4,0.4,0.4,0.4,0.4,0.4,0.4,0.4,0.4,0.4,0.4,0.4,0.0,0.4,0.4,0.4,0.4,0.4,0.4,0.4,0.4,0.4,0.4,0.4,0.4,0.4,0.4,0.4,0.4,0.4,0.4,0.4,0.4,0.0,0.4,0.4,0.4,0.4,0.4,0.4,0.4,0.4,0.4,0.4,0.4,0.4,0.4,0.4,0.4,0.4,0.4,0.4,0.4,0.4,0.4,
71.77535223960876,4610,4591,4587,4575,4609,4589,4610,4611,4612,4615,4624,4600,4597,4582,4620,9299,4602,4593,4604,4624,0,4610,4621,4665,4610,4660,4573,4616,4594,4592,4609,4612,4685,4650,4623,4613,4657,4624,4618,4605,4650,0,4635,4679,4613,4627,4674,4615,4591,4626,4627,4609,4631,4659,4592,4660,4652,4654,4592,4597,4624,4671,0,4606,4589,4573,4612,4602,4601,4597,4579,4604,4604,4610,4584,4598,4629,4588,4603,4637,4630,4606,4600,0,4582,4624,4613,4589,4594,4612,4643,4601,4606,4632,4600,4620,4615,4607,4637,4616,4622,4620,4586,4609,0,4618,4597,4620,4584,4600,4673,4624,4628,4578,4613,4621,4595,4602,4648,4611,4626,4618,4618,4587,4629,4607,0.4,0.4,0.4,0.4,0.4,0.4,0.4,0.4,0.4,0.4,0.4,0.4,0.4,0.4,0.4,0.4,0.4,0.4,0.4,0.4,0.0,0.4,0.4,0.4,0.4,0.4,0.4,0.4,0.4,0.4,0.4,0.4,0.4,0.4,0.4,0.4,0.4,0.4,0.4,0.4,0.4,0.0,0.4,0.4,0.4,0.4,0.4,0.4,0.4,0.4,0.4,0.4,0.4,0.4,0.4,0.4,0.4,0.4,0.4,0.4,0.4,0.4,0.0,0.4,0.4,0.4,0.4,0.4,0.4,0.4,0.4,0.4,0.4,0.4,0.4,0.4,0.4,0.4,0.4,0.4,0.4,0.4,0.4,0.0,0.4,0.4,0.4,0.4,0.4,0.4,0.4,0.4,0.4,0.4,0.4,0.4,0.4,0.4,0.4,0.4,0.4,0.4,0.4,0.4,0.0,0.4,0.4,0.4,0.4,0.4,0.4,0.4,0.4,0.4,0.4,0.4,0.4,0.4,0.4,0.4,0.4,0.4,0.4,0.4,0.4,0.4,
71.87708044052124,4610,4591,4587,4575,4609,4589,4610,4611,4612,4615,4624,4600,4597,4582,4620,9299,4602,4593,4604,4624,0,4610,4621,4665,4610,4660,4573,4616,4594,4592,4609,4612,4685,4650,4623,4613,4657,4624,4618,4605,4650,0,4635,4679,4613,4627,4674,4615,4591,4626,4627,4609,4631,4659,4592,4660,4652,4654,4592,4597,4624,4671,0,4606,4589,4573,4612,4602,4601,4597,4579,4604,4604,4610,4584,4598,4629,4588,4603,4637,4630,4606,4600,0,4582,4624,4613,4589,4594,4612,4643,4601,4606,4632,4600,4620,4615,4607,4637,4616,4622,4620,4586,4609,0,4615,4600,4620,4584,4602,4676,4621,4629,4574,4610,4621,4589,4604,4646,4629,4628,4615,4612,4584,4626,4603,0.4,0.4,0.4,0.4,0.4,0.4,0.4,0.4,0.4,0.4,0.4,0.4,0.4,0.4,0.4,0.4,0.4,0.4,0.4,0.4,0.0,0.4,0.4,0.4,0.4,0.4,0.4,0.4,0.4,0.4,0.4,0.4,0.4,0.4,0.4,0.4,0.4,0.4,0.4,0.4,0.4,0.0,0.4,0.4,0.4,0.4,0.4,0.4,0.4,0.4,0.4,0.4,0.4,0.4,0.4,0.4,0.4,0.4,0.4,0.4,0.4,0.4,0.0,0.4,0.4,0.4,0.4,0.4,0.4,0.4,0.4,0.4,0.4,0.4,0.4,0.4,0.4,0.4,0.4,0.4,0.4,0.4,0.4,0.0,0.4,0.4,0.4,0.4,0.4,0.4,0.4,0.4,0.4,0.4,0.4,0.4,0.4,0.4,0.4,0.4,0.4,0.4,0.4,0.4,0.0,0.4,0.4,0.4,0.4,0.4,0.4,0.4,0.4,0.4,0.4,0.4,0.4,0.4,0.4,0.4,0.4,0.4,0.4,0.4,0.4,0.4,
71.9799075126648,4613,4589,4589,4577,4605,4590,4613,4612,4610,4613,4629,4595,4596,4590,4618,4642,4596,4593,4602,4616,0,4609,4622,4663,4601,4668,4584,4620,4589,4581,4616,4606,4684,4650,4626,4616,4652,4622,4622,4605,4650,0,4635,4672,4612,4632,4676,4618,4586,4625,4628,4613,4633,4658,4588,4658,4655,4653,4597,4597,4624,4665,0,4601,4590,4579,4610,4601,4601,4600,4580,4604,4607,4610,4580,4606,4631,4595,4601,4641,4629,4602,4599,0,4582,4624,4613,4589,4594,4612,4643,4601,4606,4632,4600,4620,4615,4607,4637,4616,4622,4620,4586,4609,0,4615,4600,4620,4584,4602,4676,4621,4629,4574,4610,4621,4589,4604,4646,4629,4628,4615,4612,4584,4626,4603,0.4,0.4,0.4,0.4,0.4,0.4,0.4,0.4,0.4,0.4,0.4,0.4,0.4,0.4,0.4,0.4,0.4,0.4,0.4,0.4,0.0,0.4,0.4,0.4,0.4,0.4,0.4,0.4,0.4,0.4,0.4,0.4,0.4,0.4,0.4,0.4,0.4,0.4,0.4,0.4,0.4,0.0,0.4,0.4,0.4,0.4,0.4,0.4,0.4,0.4,0.4,0.4,0.4,0.4,0.4,0.4,0.4,0.4,0.4,0.4,0.4,0.4,0.0,0.4,0.4,0.4,0.4,0.4,0.4,0.4,0.4,0.4,0.4,0.4,0.4,0.4,0.4,0.4,0.4,0.4,0.4,0.4,0.4,0.0,0.4,0.4,0.4,0.4,0.4,0.4,0.4,0.4,0.4,0.4,0.4,0.4,0.4,0.4,0.4,0.4,0.4,0.4,0.4,0.4,0.0,0.4,0.4,0.4,0.4,0.4,0.4,0.4,0.4,0.4,0.4,0.4,0.4,0.4,0.4,0.4,0.4,0.4,0.4,0.4,0.4,0.4,
